0 	 0 	 -2.096 	  0.000 	 -0.000 	  0.096 
0 	 1 	 -2.029 	  0.208 	 -0.000 	  0.072 
0 	 2 	 -1.895 	  0.407 	 -0.000 	  0.068 
0 	 3 	 -1.678 	  0.588 	 -0.000 	  0.060 
0 	 4 	 -1.388 	  0.743 	 -0.000 	  0.050 
0 	 5 	 -1.037 	  0.866 	 -0.000 	  0.037 
0 	 6 	 -0.641 	  0.951 	 -0.000 	  0.023 
0 	 7 	 -0.217 	  0.995 	 -0.000 	  0.008 
0 	 8 	  0.217 	  0.995 	  0.000 	  0.008 
0 	 9 	  0.641 	  0.951 	  0.000 	  0.023 
0 	 10 	  1.037 	  0.866 	  0.000 	  0.037 
0 	 11 	  1.388 	  0.743 	  0.000 	  0.050 
0 	 12 	  1.678 	  0.588 	  0.000 	  0.060 
0 	 13 	  1.895 	  0.407 	  0.000 	  0.068 
0 	 14 	  2.029 	  0.208 	  0.000 	  0.072 
0 	 15 	  2.074 	  0.000 	  0.000 	  0.074 
0 	 16 	  2.029 	 -0.208 	  0.000 	  0.072 
0 	 17 	  1.895 	 -0.407 	  0.000 	  0.068 
0 	 18 	  1.678 	 -0.588 	  0.000 	  0.060 
0 	 19 	  1.388 	 -0.743 	  0.000 	  0.050 
0 	 20 	  1.037 	 -0.866 	  0.000 	  0.037 
0 	 21 	  0.641 	 -0.951 	  0.000 	  0.023 
0 	 22 	  0.217 	 -0.995 	  0.000 	  0.008 
0 	 23 	 -0.217 	 -0.995 	 -0.000 	  0.008 
0 	 24 	 -0.641 	 -0.951 	 -0.000 	  0.023 
0 	 25 	 -1.037 	 -0.866 	 -0.000 	  0.037 
0 	 26 	 -1.388 	 -0.743 	 -0.000 	  0.050 
0 	 27 	 -1.678 	 -0.588 	 -0.000 	  0.060 
0 	 28 	 -1.895 	 -0.407 	 -0.000 	  0.068 
0 	 29 	 -2.029 	 -0.208 	 -0.000 	  0.072 
0 	 30 	 -2.096 	 -0.000 	 -0.000 	  0.096 

1 	 0 	 -2.029 	  0.000 	 -0.208 	  0.072 
1 	 1 	 -1.963 	  0.203 	 -0.203 	  0.049 
1 	 2 	 -1.833 	  0.398 	 -0.190 	  0.046 
1 	 3 	 -1.624 	  0.575 	 -0.168 	  0.041 
1 	 4 	 -1.343 	  0.727 	 -0.139 	  0.034 
1 	 5 	 -1.003 	  0.847 	 -0.104 	  0.025 
1 	 6 	 -0.620 	  0.930 	 -0.064 	  0.016 
1 	 7 	 -0.210 	  0.973 	 -0.022 	  0.005 
1 	 8 	  0.210 	  0.973 	  0.022 	  0.005 
1 	 9 	  0.620 	  0.930 	  0.064 	  0.016 
1 	 10 	  1.003 	  0.847 	  0.104 	  0.025 
1 	 11 	  1.343 	  0.727 	  0.139 	  0.034 
1 	 12 	  1.624 	  0.575 	  0.168 	  0.041 
1 	 13 	  1.833 	  0.398 	  0.190 	  0.046 
1 	 14 	  1.963 	  0.203 	  0.203 	  0.049 
1 	 15 	  2.007 	  0.000 	  0.208 	  0.050 
1 	 16 	  1.963 	 -0.203 	  0.203 	  0.049 
1 	 17 	  1.833 	 -0.398 	  0.190 	  0.046 
1 	 18 	  1.624 	 -0.575 	  0.168 	  0.041 
1 	 19 	  1.343 	 -0.727 	  0.139 	  0.034 
1 	 20 	  1.003 	 -0.847 	  0.104 	  0.025 
1 	 21 	  0.620 	 -0.930 	  0.064 	  0.016 
1 	 22 	  0.210 	 -0.973 	  0.022 	  0.005 
1 	 23 	 -0.210 	 -0.973 	 -0.022 	  0.005 
1 	 24 	 -0.620 	 -0.930 	 -0.064 	  0.016 
1 	 25 	 -1.003 	 -0.847 	 -0.104 	  0.025 
1 	 26 	 -1.343 	 -0.727 	 -0.139 	  0.034 
1 	 27 	 -1.624 	 -0.575 	 -0.168 	  0.041 
1 	 28 	 -1.833 	 -0.398 	 -0.190 	  0.046 
1 	 29 	 -1.963 	 -0.203 	 -0.203 	  0.049 
1 	 30 	 -2.029 	 -0.000 	 -0.208 	  0.072 

2 	 0 	 -1.895 	  0.000 	 -0.407 	  0.068 
2 	 1 	 -1.833 	  0.190 	 -0.398 	  0.046 
2 	 2 	 -1.712 	  0.372 	 -0.372 	  0.043 
2 	 3 	 -1.516 	  0.537 	 -0.329 	  0.038 
2 	 4 	 -1.254 	  0.679 	 -0.272 	  0.032 
2 	 5 	 -0.937 	  0.791 	 -0.203 	  0.024 
2 	 6 	 -0.579 	  0.869 	 -0.126 	  0.015 
2 	 7 	 -0.196 	  0.909 	 -0.043 	  0.005 
2 	 8 	  0.196 	  0.909 	  0.043 	  0.005 
2 	 9 	  0.579 	  0.869 	  0.126 	  0.015 
2 	 10 	  0.937 	  0.791 	  0.203 	  0.024 
2 	 11 	  1.254 	  0.679 	  0.272 	  0.032 
2 	 12 	  1.516 	  0.537 	  0.329 	  0.038 
2 	 13 	  1.712 	  0.372 	  0.372 	  0.043 
2 	 14 	  1.833 	  0.190 	  0.398 	  0.046 
2 	 15 	  1.874 	  0.000 	  0.407 	  0.047 
2 	 16 	  1.833 	 -0.190 	  0.398 	  0.046 
2 	 17 	  1.712 	 -0.372 	  0.372 	  0.043 
2 	 18 	  1.516 	 -0.537 	  0.329 	  0.038 
2 	 19 	  1.254 	 -0.679 	  0.272 	  0.032 
2 	 20 	  0.937 	 -0.791 	  0.203 	  0.024 
2 	 21 	  0.579 	 -0.869 	  0.126 	  0.015 
2 	 22 	  0.196 	 -0.909 	  0.043 	  0.005 
2 	 23 	 -0.196 	 -0.909 	 -0.043 	  0.005 
2 	 24 	 -0.579 	 -0.869 	 -0.126 	  0.015 
2 	 25 	 -0.937 	 -0.791 	 -0.203 	  0.024 
2 	 26 	 -1.254 	 -0.679 	 -0.272 	  0.032 
2 	 27 	 -1.516 	 -0.537 	 -0.329 	  0.038 
2 	 28 	 -1.712 	 -0.372 	 -0.372 	  0.043 
2 	 29 	 -1.833 	 -0.190 	 -0.398 	  0.046 
2 	 30 	 -1.895 	 -0.000 	 -0.407 	  0.068 

3 	 0 	 -1.678 	  0.000 	 -0.588 	  0.060 
3 	 1 	 -1.624 	  0.168 	 -0.575 	  0.041 
3 	 2 	 -1.516 	  0.329 	 -0.537 	  0.038 
3 	 3 	 -1.343 	  0.476 	 -0.476 	  0.034 
3 	 4 	 -1.111 	  0.601 	 -0.393 	  0.028 
3 	 5 	 -0.830 	  0.701 	 -0.294 	  0.021 
3 	 6 	 -0.513 	  0.769 	 -0.182 	  0.013 
3 	 7 	 -0.173 	  0.805 	 -0.061 	  0.004 
3 	 8 	  0.173 	  0.805 	  0.061 	  0.004 
3 	 9 	  0.513 	  0.769 	  0.182 	  0.013 
3 	 10 	  0.830 	  0.701 	  0.294 	  0.021 
3 	 11 	  1.111 	  0.601 	  0.393 	  0.028 
3 	 12 	  1.343 	  0.476 	  0.476 	  0.034 
3 	 13 	  1.516 	  0.329 	  0.537 	  0.038 
3 	 14 	  1.624 	  0.168 	  0.575 	  0.041 
3 	 15 	  1.660 	  0.000 	  0.588 	  0.042 
3 	 16 	  1.624 	 -0.168 	  0.575 	  0.041 
3 	 17 	  1.516 	 -0.329 	  0.537 	  0.038 
3 	 18 	  1.343 	 -0.476 	  0.476 	  0.034 
3 	 19 	  1.111 	 -0.601 	  0.393 	  0.028 
3 	 20 	  0.830 	 -0.701 	  0.294 	  0.021 
3 	 21 	  0.513 	 -0.769 	  0.182 	  0.013 
3 	 22 	  0.173 	 -0.805 	  0.061 	  0.004 
3 	 23 	 -0.173 	 -0.805 	 -0.061 	  0.004 
3 	 24 	 -0.513 	 -0.769 	 -0.182 	  0.013 
3 	 25 	 -0.830 	 -0.701 	 -0.294 	  0.021 
3 	 26 	 -1.111 	 -0.601 	 -0.393 	  0.028 
3 	 27 	 -1.343 	 -0.476 	 -0.476 	  0.034 
3 	 28 	 -1.516 	 -0.329 	 -0.537 	  0.038 
3 	 29 	 -1.624 	 -0.168 	 -0.575 	  0.041 
3 	 30 	 -1.678 	 -0.000 	 -0.588 	  0.060 

4 	 0 	 -1.388 	  0.000 	 -0.743 	  0.050 
4 	 1 	 -1.343 	  0.139 	 -0.727 	  0.034 
4 	 2 	 -1.254 	  0.272 	 -0.679 	  0.032 
4 	 3 	 -1.111 	  0.393 	 -0.601 	  0.028 
4 	 4 	 -0.919 	  0.497 	 -0.497 	  0.023 
4 	 5 	 -0.686 	  0.579 	 -0.372 	  0.017 
4 	 6 	 -0.424 	  0.636 	 -0.230 	  0.011 
4 	 7 	 -0.143 	  0.665 	 -0.078 	  0.004 
4 	 8 	  0.143 	  0.665 	  0.078 	  0.004 
4 	 9 	  0.424 	  0.636 	  0.230 	  0.011 
4 	 10 	  0.686 	  0.579 	  0.372 	  0.017 
4 	 11 	  0.919 	  0.497 	  0.497 	  0.023 
4 	 12 	  1.111 	  0.393 	  0.601 	  0.028 
4 	 13 	  1.254 	  0.272 	  0.679 	  0.032 
4 	 14 	  1.343 	  0.139 	  0.727 	  0.034 
4 	 15 	  1.373 	  0.000 	  0.743 	  0.035 
4 	 16 	  1.343 	 -0.139 	  0.727 	  0.034 
4 	 17 	  1.254 	 -0.272 	  0.679 	  0.032 
4 	 18 	  1.111 	 -0.393 	  0.601 	  0.028 
4 	 19 	  0.919 	 -0.497 	  0.497 	  0.023 
4 	 20 	  0.686 	 -0.579 	  0.372 	  0.017 
4 	 21 	  0.424 	 -0.636 	  0.230 	  0.011 
4 	 22 	  0.143 	 -0.665 	  0.078 	  0.004 
4 	 23 	 -0.143 	 -0.665 	 -0.078 	  0.004 
4 	 24 	 -0.424 	 -0.636 	 -0.230 	  0.011 
4 	 25 	 -0.686 	 -0.579 	 -0.372 	  0.017 
4 	 26 	 -0.919 	 -0.497 	 -0.497 	  0.023 
4 	 27 	 -1.111 	 -0.393 	 -0.601 	  0.028 
4 	 28 	 -1.254 	 -0.272 	 -0.679 	  0.032 
4 	 29 	 -1.343 	 -0.139 	 -0.727 	  0.034 
4 	 30 	 -1.388 	 -0.000 	 -0.743 	  0.050 

5 	 0 	 -1.037 	  0.000 	 -0.866 	  0.037 
5 	 1 	 -1.003 	  0.104 	 -0.847 	  0.025 
5 	 2 	 -0.937 	  0.203 	 -0.791 	  0.024 
5 	 3 	 -0.830 	  0.294 	 -0.701 	  0.021 
5 	 4 	 -0.686 	  0.372 	 -0.579 	  0.017 
5 	 5 	 -0.513 	  0.433 	 -0.433 	  0.013 
5 	 6 	 -0.317 	  0.476 	 -0.268 	  0.008 
5 	 7 	 -0.107 	  0.497 	 -0.091 	  0.003 
5 	 8 	  0.107 	  0.497 	  0.091 	  0.003 
5 	 9 	  0.317 	  0.476 	  0.268 	  0.008 
5 	 10 	  0.513 	  0.433 	  0.433 	  0.013 
5 	 11 	  0.686 	  0.372 	  0.579 	  0.017 
5 	 12 	  0.830 	  0.294 	  0.701 	  0.021 
5 	 13 	  0.937 	  0.203 	  0.791 	  0.024 
5 	 14 	  1.003 	  0.104 	  0.847 	  0.025 
5 	 15 	  1.026 	  0.000 	  0.866 	  0.026 
5 	 16 	  1.003 	 -0.104 	  0.847 	  0.025 
5 	 17 	  0.937 	 -0.203 	  0.791 	  0.024 
5 	 18 	  0.830 	 -0.294 	  0.701 	  0.021 
5 	 19 	  0.686 	 -0.372 	  0.579 	  0.017 
5 	 20 	  0.513 	 -0.433 	  0.433 	  0.013 
5 	 21 	  0.317 	 -0.476 	  0.268 	  0.008 
5 	 22 	  0.107 	 -0.497 	  0.091 	  0.003 
5 	 23 	 -0.107 	 -0.497 	 -0.091 	  0.003 
5 	 24 	 -0.317 	 -0.476 	 -0.268 	  0.008 
5 	 25 	 -0.513 	 -0.433 	 -0.433 	  0.013 
5 	 26 	 -0.686 	 -0.372 	 -0.579 	  0.017 
5 	 27 	 -0.830 	 -0.294 	 -0.701 	  0.021 
5 	 28 	 -0.937 	 -0.203 	 -0.791 	  0.024 
5 	 29 	 -1.003 	 -0.104 	 -0.847 	  0.025 
5 	 30 	 -1.037 	 -0.000 	 -0.866 	  0.037 

6 	 0 	 -0.641 	  0.000 	 -0.951 	  0.023 
6 	 1 	 -0.620 	  0.064 	 -0.930 	  0.016 
6 	 2 	 -0.579 	  0.126 	 -0.869 	  0.015 
6 	 3 	 -0.513 	  0.182 	 -0.769 	  0.013 
6 	 4 	 -0.424 	  0.230 	 -0.636 	  0.011 
6 	 5 	 -0.317 	  0.268 	 -0.476 	  0.008 
6 	 6 	 -0.196 	  0.294 	 -0.294 	  0.005 
6 	 7 	 -0.066 	  0.307 	 -0.099 	  0.002 
6 	 8 	  0.066 	  0.307 	  0.099 	  0.002 
6 	 9 	  0.196 	  0.294 	  0.294 	  0.005 
6 	 10 	  0.317 	  0.268 	  0.476 	  0.008 
6 	 11 	  0.424 	  0.230 	  0.636 	  0.011 
6 	 12 	  0.513 	  0.182 	  0.769 	  0.013 
6 	 13 	  0.579 	  0.126 	  0.869 	  0.015 
6 	 14 	  0.620 	  0.064 	  0.930 	  0.016 
6 	 15 	  0.634 	  0.000 	  0.951 	  0.016 
6 	 16 	  0.620 	 -0.064 	  0.930 	  0.016 
6 	 17 	  0.579 	 -0.126 	  0.869 	  0.015 
6 	 18 	  0.513 	 -0.182 	  0.769 	  0.013 
6 	 19 	  0.424 	 -0.230 	  0.636 	  0.011 
6 	 20 	  0.317 	 -0.268 	  0.476 	  0.008 
6 	 21 	  0.196 	 -0.294 	  0.294 	  0.005 
6 	 22 	  0.066 	 -0.307 	  0.099 	  0.002 
6 	 23 	 -0.066 	 -0.307 	 -0.099 	  0.002 
6 	 24 	 -0.196 	 -0.294 	 -0.294 	  0.005 
6 	 25 	 -0.317 	 -0.268 	 -0.476 	  0.008 
6 	 26 	 -0.424 	 -0.230 	 -0.636 	  0.011 
6 	 27 	 -0.513 	 -0.182 	 -0.769 	  0.013 
6 	 28 	 -0.579 	 -0.126 	 -0.869 	  0.015 
6 	 29 	 -0.620 	 -0.064 	 -0.930 	  0.016 
6 	 30 	 -0.641 	 -0.000 	 -0.951 	  0.023 

7 	 0 	 -0.217 	  0.000 	 -0.995 	  0.008 
7 	 1 	 -0.210 	  0.022 	 -0.973 	  0.005 
7 	 2 	 -0.196 	  0.043 	 -0.909 	  0.005 
7 	 3 	 -0.173 	  0.061 	 -0.805 	  0.004 
7 	 4 	 -0.143 	  0.078 	 -0.665 	  0.004 
7 	 5 	 -0.107 	  0.091 	 -0.497 	  0.003 
7 	 6 	 -0.066 	  0.099 	 -0.307 	  0.002 
7 	 7 	 -0.022 	  0.104 	 -0.104 	  0.001 
7 	 8 	  0.022 	  0.104 	  0.104 	  0.001 
7 	 9 	  0.066 	  0.099 	  0.307 	  0.002 
7 	 10 	  0.107 	  0.091 	  0.497 	  0.003 
7 	 11 	  0.143 	  0.078 	  0.665 	  0.004 
7 	 12 	  0.173 	  0.061 	  0.805 	  0.004 
7 	 13 	  0.196 	  0.043 	  0.909 	  0.005 
7 	 14 	  0.210 	  0.022 	  0.973 	  0.005 
7 	 15 	  0.214 	  0.000 	  0.995 	  0.005 
7 	 16 	  0.210 	 -0.022 	  0.973 	  0.005 
7 	 17 	  0.196 	 -0.043 	  0.909 	  0.005 
7 	 18 	  0.173 	 -0.061 	  0.805 	  0.004 
7 	 19 	  0.143 	 -0.078 	  0.665 	  0.004 
7 	 20 	  0.107 	 -0.091 	  0.497 	  0.003 
7 	 21 	  0.066 	 -0.099 	  0.307 	  0.002 
7 	 22 	  0.022 	 -0.104 	  0.104 	  0.001 
7 	 23 	 -0.022 	 -0.104 	 -0.104 	  0.001 
7 	 24 	 -0.066 	 -0.099 	 -0.307 	  0.002 
7 	 25 	 -0.107 	 -0.091 	 -0.497 	  0.003 
7 	 26 	 -0.143 	 -0.078 	 -0.665 	  0.004 
7 	 27 	 -0.173 	 -0.061 	 -0.805 	  0.004 
7 	 28 	 -0.196 	 -0.043 	 -0.909 	  0.005 
7 	 29 	 -0.210 	 -0.022 	 -0.973 	  0.005 
7 	 30 	 -0.217 	 -0.000 	 -0.995 	  0.008 

8 	 0 	  0.217 	 -0.000 	 -0.995 	  0.008 
8 	 1 	  0.210 	 -0.022 	 -0.973 	  0.005 
8 	 2 	  0.196 	 -0.043 	 -0.909 	  0.005 
8 	 3 	  0.173 	 -0.061 	 -0.805 	  0.004 
8 	 4 	  0.143 	 -0.078 	 -0.665 	  0.004 
8 	 5 	  0.107 	 -0.091 	 -0.497 	  0.003 
8 	 6 	  0.066 	 -0.099 	 -0.307 	  0.002 
8 	 7 	  0.022 	 -0.104 	 -0.104 	  0.001 
8 	 8 	 -0.022 	 -0.104 	  0.104 	  0.001 
8 	 9 	 -0.066 	 -0.099 	  0.307 	  0.002 
8 	 10 	 -0.107 	 -0.091 	  0.497 	  0.003 
8 	 11 	 -0.143 	 -0.078 	  0.665 	  0.004 
8 	 12 	 -0.173 	 -0.061 	  0.805 	  0.004 
8 	 13 	 -0.196 	 -0.043 	  0.909 	  0.005 
8 	 14 	 -0.210 	 -0.022 	  0.973 	  0.005 
8 	 15 	 -0.214 	 -0.000 	  0.995 	  0.005 
8 	 16 	 -0.210 	  0.022 	  0.973 	  0.005 
8 	 17 	 -0.196 	  0.043 	  0.909 	  0.005 
8 	 18 	 -0.173 	  0.061 	  0.805 	  0.004 
8 	 19 	 -0.143 	  0.078 	  0.665 	  0.004 
8 	 20 	 -0.107 	  0.091 	  0.497 	  0.003 
8 	 21 	 -0.066 	  0.099 	  0.307 	  0.002 
8 	 22 	 -0.022 	  0.104 	  0.104 	  0.001 
8 	 23 	  0.022 	  0.104 	 -0.104 	  0.001 
8 	 24 	  0.066 	  0.099 	 -0.307 	  0.002 
8 	 25 	  0.107 	  0.091 	 -0.497 	  0.003 
8 	 26 	  0.143 	  0.078 	 -0.665 	  0.004 
8 	 27 	  0.173 	  0.061 	 -0.805 	  0.004 
8 	 28 	  0.196 	  0.043 	 -0.909 	  0.005 
8 	 29 	  0.210 	  0.022 	 -0.973 	  0.005 
8 	 30 	  0.217 	  0.000 	 -0.995 	  0.008 

9 	 0 	  0.641 	 -0.000 	 -0.951 	  0.023 
9 	 1 	  0.620 	 -0.064 	 -0.930 	  0.016 
9 	 2 	  0.579 	 -0.126 	 -0.869 	  0.015 
9 	 3 	  0.513 	 -0.182 	 -0.769 	  0.013 
9 	 4 	  0.424 	 -0.230 	 -0.636 	  0.011 
9 	 5 	  0.317 	 -0.268 	 -0.476 	  0.008 
9 	 6 	  0.196 	 -0.294 	 -0.294 	  0.005 
9 	 7 	  0.066 	 -0.307 	 -0.099 	  0.002 
9 	 8 	 -0.066 	 -0.307 	  0.099 	  0.002 
9 	 9 	 -0.196 	 -0.294 	  0.294 	  0.005 
9 	 10 	 -0.317 	 -0.268 	  0.476 	  0.008 
9 	 11 	 -0.424 	 -0.230 	  0.636 	  0.011 
9 	 12 	 -0.513 	 -0.182 	  0.769 	  0.013 
9 	 13 	 -0.579 	 -0.126 	  0.869 	  0.015 
9 	 14 	 -0.620 	 -0.064 	  0.930 	  0.016 
9 	 15 	 -0.634 	 -0.000 	  0.951 	  0.016 
9 	 16 	 -0.620 	  0.064 	  0.930 	  0.016 
9 	 17 	 -0.579 	  0.126 	  0.869 	  0.015 
9 	 18 	 -0.513 	  0.182 	  0.769 	  0.013 
9 	 19 	 -0.424 	  0.230 	  0.636 	  0.011 
9 	 20 	 -0.317 	  0.268 	  0.476 	  0.008 
9 	 21 	 -0.196 	  0.294 	  0.294 	  0.005 
9 	 22 	 -0.066 	  0.307 	  0.099 	  0.002 
9 	 23 	  0.066 	  0.307 	 -0.099 	  0.002 
9 	 24 	  0.196 	  0.294 	 -0.294 	  0.005 
9 	 25 	  0.317 	  0.268 	 -0.476 	  0.008 
9 	 26 	  0.424 	  0.230 	 -0.636 	  0.011 
9 	 27 	  0.513 	  0.182 	 -0.769 	  0.013 
9 	 28 	  0.579 	  0.126 	 -0.869 	  0.015 
9 	 29 	  0.620 	  0.064 	 -0.930 	  0.016 
9 	 30 	  0.641 	  0.000 	 -0.951 	  0.023 

10 	 0 	  1.037 	 -0.000 	 -0.866 	  0.037 
10 	 1 	  1.003 	 -0.104 	 -0.847 	  0.025 
10 	 2 	  0.937 	 -0.203 	 -0.791 	  0.024 
10 	 3 	  0.830 	 -0.294 	 -0.701 	  0.021 
10 	 4 	  0.686 	 -0.372 	 -0.579 	  0.017 
10 	 5 	  0.513 	 -0.433 	 -0.433 	  0.013 
10 	 6 	  0.317 	 -0.476 	 -0.268 	  0.008 
10 	 7 	  0.107 	 -0.497 	 -0.091 	  0.003 
10 	 8 	 -0.107 	 -0.497 	  0.091 	  0.003 
10 	 9 	 -0.317 	 -0.476 	  0.268 	  0.008 
10 	 10 	 -0.513 	 -0.433 	  0.433 	  0.013 
10 	 11 	 -0.686 	 -0.372 	  0.579 	  0.017 
10 	 12 	 -0.830 	 -0.294 	  0.701 	  0.021 
10 	 13 	 -0.937 	 -0.203 	  0.791 	  0.024 
10 	 14 	 -1.003 	 -0.104 	  0.847 	  0.025 
10 	 15 	 -1.026 	 -0.000 	  0.866 	  0.026 
10 	 16 	 -1.003 	  0.104 	  0.847 	  0.025 
10 	 17 	 -0.937 	  0.203 	  0.791 	  0.024 
10 	 18 	 -0.830 	  0.294 	  0.701 	  0.021 
10 	 19 	 -0.686 	  0.372 	  0.579 	  0.017 
10 	 20 	 -0.513 	  0.433 	  0.433 	  0.013 
10 	 21 	 -0.317 	  0.476 	  0.268 	  0.008 
10 	 22 	 -0.107 	  0.497 	  0.091 	  0.003 
10 	 23 	  0.107 	  0.497 	 -0.091 	  0.003 
10 	 24 	  0.317 	  0.476 	 -0.268 	  0.008 
10 	 25 	  0.513 	  0.433 	 -0.433 	  0.013 
10 	 26 	  0.686 	  0.372 	 -0.579 	  0.017 
10 	 27 	  0.830 	  0.294 	 -0.701 	  0.021 
10 	 28 	  0.937 	  0.203 	 -0.791 	  0.024 
10 	 29 	  1.003 	  0.104 	 -0.847 	  0.025 
10 	 30 	  1.037 	  0.000 	 -0.866 	  0.037 

11 	 0 	  1.388 	 -0.000 	 -0.743 	  0.050 
11 	 1 	  1.343 	 -0.139 	 -0.727 	  0.034 
11 	 2 	  1.254 	 -0.272 	 -0.679 	  0.032 
11 	 3 	  1.111 	 -0.393 	 -0.601 	  0.028 
11 	 4 	  0.919 	 -0.497 	 -0.497 	  0.023 
11 	 5 	  0.686 	 -0.579 	 -0.372 	  0.017 
11 	 6 	  0.424 	 -0.636 	 -0.230 	  0.011 
11 	 7 	  0.143 	 -0.665 	 -0.078 	  0.004 
11 	 8 	 -0.143 	 -0.665 	  0.078 	  0.004 
11 	 9 	 -0.424 	 -0.636 	  0.230 	  0.011 
11 	 10 	 -0.686 	 -0.579 	  0.372 	  0.017 
11 	 11 	 -0.919 	 -0.497 	  0.497 	  0.023 
11 	 12 	 -1.111 	 -0.393 	  0.601 	  0.028 
11 	 13 	 -1.254 	 -0.272 	  0.679 	  0.032 
11 	 14 	 -1.343 	 -0.139 	  0.727 	  0.034 
11 	 15 	 -1.373 	 -0.000 	  0.743 	  0.035 
11 	 16 	 -1.343 	  0.139 	  0.727 	  0.034 
11 	 17 	 -1.254 	  0.272 	  0.679 	  0.032 
11 	 18 	 -1.111 	  0.393 	  0.601 	  0.028 
11 	 19 	 -0.919 	  0.497 	  0.497 	  0.023 
11 	 20 	 -0.686 	  0.579 	  0.372 	  0.017 
11 	 21 	 -0.424 	  0.636 	  0.230 	  0.011 
11 	 22 	 -0.143 	  0.665 	  0.078 	  0.004 
11 	 23 	  0.143 	  0.665 	 -0.078 	  0.004 
11 	 24 	  0.424 	  0.636 	 -0.230 	  0.011 
11 	 25 	  0.686 	  0.579 	 -0.372 	  0.017 
11 	 26 	  0.919 	  0.497 	 -0.497 	  0.023 
11 	 27 	  1.111 	  0.393 	 -0.601 	  0.028 
11 	 28 	  1.254 	  0.272 	 -0.679 	  0.032 
11 	 29 	  1.343 	  0.139 	 -0.727 	  0.034 
11 	 30 	  1.388 	  0.000 	 -0.743 	  0.050 

12 	 0 	  1.678 	 -0.000 	 -0.588 	  0.060 
12 	 1 	  1.624 	 -0.168 	 -0.575 	  0.041 
12 	 2 	  1.516 	 -0.329 	 -0.537 	  0.038 
12 	 3 	  1.343 	 -0.476 	 -0.476 	  0.034 
12 	 4 	  1.111 	 -0.601 	 -0.393 	  0.028 
12 	 5 	  0.830 	 -0.701 	 -0.294 	  0.021 
12 	 6 	  0.513 	 -0.769 	 -0.182 	  0.013 
12 	 7 	  0.173 	 -0.805 	 -0.061 	  0.004 
12 	 8 	 -0.173 	 -0.805 	  0.061 	  0.004 
12 	 9 	 -0.513 	 -0.769 	  0.182 	  0.013 
12 	 10 	 -0.830 	 -0.701 	  0.294 	  0.021 
12 	 11 	 -1.111 	 -0.601 	  0.393 	  0.028 
12 	 12 	 -1.343 	 -0.476 	  0.476 	  0.034 
12 	 13 	 -1.516 	 -0.329 	  0.537 	  0.038 
12 	 14 	 -1.624 	 -0.168 	  0.575 	  0.041 
12 	 15 	 -1.660 	 -0.000 	  0.588 	  0.042 
12 	 16 	 -1.624 	  0.168 	  0.575 	  0.041 
12 	 17 	 -1.516 	  0.329 	  0.537 	  0.038 
12 	 18 	 -1.343 	  0.476 	  0.476 	  0.034 
12 	 19 	 -1.111 	  0.601 	  0.393 	  0.028 
12 	 20 	 -0.830 	  0.701 	  0.294 	  0.021 
12 	 21 	 -0.513 	  0.769 	  0.182 	  0.013 
12 	 22 	 -0.173 	  0.805 	  0.061 	  0.004 
12 	 23 	  0.173 	  0.805 	 -0.061 	  0.004 
12 	 24 	  0.513 	  0.769 	 -0.182 	  0.013 
12 	 25 	  0.830 	  0.701 	 -0.294 	  0.021 
12 	 26 	  1.111 	  0.601 	 -0.393 	  0.028 
12 	 27 	  1.343 	  0.476 	 -0.476 	  0.034 
12 	 28 	  1.516 	  0.329 	 -0.537 	  0.038 
12 	 29 	  1.624 	  0.168 	 -0.575 	  0.041 
12 	 30 	  1.678 	  0.000 	 -0.588 	  0.060 

13 	 0 	  1.895 	 -0.000 	 -0.407 	  0.068 
13 	 1 	  1.833 	 -0.190 	 -0.398 	  0.046 
13 	 2 	  1.712 	 -0.372 	 -0.372 	  0.043 
13 	 3 	  1.516 	 -0.537 	 -0.329 	  0.038 
13 	 4 	  1.254 	 -0.679 	 -0.272 	  0.032 
13 	 5 	  0.937 	 -0.791 	 -0.203 	  0.024 
13 	 6 	  0.579 	 -0.869 	 -0.126 	  0.015 
13 	 7 	  0.196 	 -0.909 	 -0.043 	  0.005 
13 	 8 	 -0.196 	 -0.909 	  0.043 	  0.005 
13 	 9 	 -0.579 	 -0.869 	  0.126 	  0.015 
13 	 10 	 -0.937 	 -0.791 	  0.203 	  0.024 
13 	 11 	 -1.254 	 -0.679 	  0.272 	  0.032 
13 	 12 	 -1.516 	 -0.537 	  0.329 	  0.038 
13 	 13 	 -1.712 	 -0.372 	  0.372 	  0.043 
13 	 14 	 -1.833 	 -0.190 	  0.398 	  0.046 
13 	 15 	 -1.874 	 -0.000 	  0.407 	  0.047 
13 	 16 	 -1.833 	  0.190 	  0.398 	  0.046 
13 	 17 	 -1.712 	  0.372 	  0.372 	  0.043 
13 	 18 	 -1.516 	  0.537 	  0.329 	  0.038 
13 	 19 	 -1.254 	  0.679 	  0.272 	  0.032 
13 	 20 	 -0.937 	  0.791 	  0.203 	  0.024 
13 	 21 	 -0.579 	  0.869 	  0.126 	  0.015 
13 	 22 	 -0.196 	  0.909 	  0.043 	  0.005 
13 	 23 	  0.196 	  0.909 	 -0.043 	  0.005 
13 	 24 	  0.579 	  0.869 	 -0.126 	  0.015 
13 	 25 	  0.937 	  0.791 	 -0.203 	  0.024 
13 	 26 	  1.254 	  0.679 	 -0.272 	  0.032 
13 	 27 	  1.516 	  0.537 	 -0.329 	  0.038 
13 	 28 	  1.712 	  0.372 	 -0.372 	  0.043 
13 	 29 	  1.833 	  0.190 	 -0.398 	  0.046 
13 	 30 	  1.895 	  0.000 	 -0.407 	  0.068 

14 	 0 	  2.029 	 -0.000 	 -0.208 	  0.072 
14 	 1 	  1.963 	 -0.203 	 -0.203 	  0.049 
14 	 2 	  1.833 	 -0.398 	 -0.190 	  0.046 
14 	 3 	  1.624 	 -0.575 	 -0.168 	  0.041 
14 	 4 	  1.343 	 -0.727 	 -0.139 	  0.034 
14 	 5 	  1.003 	 -0.847 	 -0.104 	  0.025 
14 	 6 	  0.620 	 -0.930 	 -0.064 	  0.016 
14 	 7 	  0.210 	 -0.973 	 -0.022 	  0.005 
14 	 8 	 -0.210 	 -0.973 	  0.022 	  0.005 
14 	 9 	 -0.620 	 -0.930 	  0.064 	  0.016 
14 	 10 	 -1.003 	 -0.847 	  0.104 	  0.025 
14 	 11 	 -1.343 	 -0.727 	  0.139 	  0.034 
14 	 12 	 -1.624 	 -0.575 	  0.168 	  0.041 
14 	 13 	 -1.833 	 -0.398 	  0.190 	  0.046 
14 	 14 	 -1.963 	 -0.203 	  0.203 	  0.049 
14 	 15 	 -2.007 	 -0.000 	  0.208 	  0.050 
14 	 16 	 -1.963 	  0.203 	  0.203 	  0.049 
14 	 17 	 -1.833 	  0.398 	  0.190 	  0.046 
14 	 18 	 -1.624 	  0.575 	  0.168 	  0.041 
14 	 19 	 -1.343 	  0.727 	  0.139 	  0.034 
14 	 20 	 -1.003 	  0.847 	  0.104 	  0.025 
14 	 21 	 -0.620 	  0.930 	  0.064 	  0.016 
14 	 22 	 -0.210 	  0.973 	  0.022 	  0.005 
14 	 23 	  0.210 	  0.973 	 -0.022 	  0.005 
14 	 24 	  0.620 	  0.930 	 -0.064 	  0.016 
14 	 25 	  1.003 	  0.847 	 -0.104 	  0.025 
14 	 26 	  1.343 	  0.727 	 -0.139 	  0.034 
14 	 27 	  1.624 	  0.575 	 -0.168 	  0.041 
14 	 28 	  1.833 	  0.398 	 -0.190 	  0.046 
14 	 29 	  1.963 	  0.203 	 -0.203 	  0.049 
14 	 30 	  2.029 	  0.000 	 -0.208 	  0.072 

15 	 0 	  2.074 	 -0.000 	 -0.000 	  0.074 
15 	 1 	  2.007 	 -0.208 	 -0.000 	  0.050 
15 	 2 	  1.874 	 -0.407 	 -0.000 	  0.047 
15 	 3 	  1.660 	 -0.588 	 -0.000 	  0.042 
15 	 4 	  1.373 	 -0.743 	 -0.000 	  0.035 
15 	 5 	  1.026 	 -0.866 	 -0.000 	  0.026 
15 	 6 	  0.634 	 -0.951 	 -0.000 	  0.016 
15 	 7 	  0.214 	 -0.995 	 -0.000 	  0.005 
15 	 8 	 -0.214 	 -0.995 	  0.000 	  0.005 
15 	 9 	 -0.634 	 -0.951 	  0.000 	  0.016 
15 	 10 	 -1.026 	 -0.866 	  0.000 	  0.026 
15 	 11 	 -1.373 	 -0.743 	  0.000 	  0.035 
15 	 12 	 -1.660 	 -0.588 	  0.000 	  0.042 
15 	 13 	 -1.874 	 -0.407 	  0.000 	  0.047 
15 	 14 	 -2.007 	 -0.208 	  0.000 	  0.050 
15 	 15 	 -2.052 	 -0.000 	  0.000 	  0.052 
15 	 16 	 -2.007 	  0.208 	  0.000 	  0.050 
15 	 17 	 -1.874 	  0.407 	  0.000 	  0.047 
15 	 18 	 -1.660 	  0.588 	  0.000 	  0.042 
15 	 19 	 -1.373 	  0.743 	  0.000 	  0.035 
15 	 20 	 -1.026 	  0.866 	  0.000 	  0.026 
15 	 21 	 -0.634 	  0.951 	  0.000 	  0.016 
15 	 22 	 -0.214 	  0.995 	  0.000 	  0.005 
15 	 23 	  0.214 	  0.995 	 -0.000 	  0.005 
15 	 24 	  0.634 	  0.951 	 -0.000 	  0.016 
15 	 25 	  1.026 	  0.866 	 -0.000 	  0.026 
15 	 26 	  1.373 	  0.743 	 -0.000 	  0.035 
15 	 27 	  1.660 	  0.588 	 -0.000 	  0.042 
15 	 28 	  1.874 	  0.407 	 -0.000 	  0.047 
15 	 29 	  2.007 	  0.208 	 -0.000 	  0.050 
15 	 30 	  2.074 	  0.000 	 -0.000 	  0.074 

16 	 0 	  2.029 	 -0.000 	  0.208 	  0.072 
16 	 1 	  1.963 	 -0.203 	  0.203 	  0.049 
16 	 2 	  1.833 	 -0.398 	  0.190 	  0.046 
16 	 3 	  1.624 	 -0.575 	  0.168 	  0.041 
16 	 4 	  1.343 	 -0.727 	  0.139 	  0.034 
16 	 5 	  1.003 	 -0.847 	  0.104 	  0.025 
16 	 6 	  0.620 	 -0.930 	  0.064 	  0.016 
16 	 7 	  0.210 	 -0.973 	  0.022 	  0.005 
16 	 8 	 -0.210 	 -0.973 	 -0.022 	  0.005 
16 	 9 	 -0.620 	 -0.930 	 -0.064 	  0.016 
16 	 10 	 -1.003 	 -0.847 	 -0.104 	  0.025 
16 	 11 	 -1.343 	 -0.727 	 -0.139 	  0.034 
16 	 12 	 -1.624 	 -0.575 	 -0.168 	  0.041 
16 	 13 	 -1.833 	 -0.398 	 -0.190 	  0.046 
16 	 14 	 -1.963 	 -0.203 	 -0.203 	  0.049 
16 	 15 	 -2.007 	 -0.000 	 -0.208 	  0.050 
16 	 16 	 -1.963 	  0.203 	 -0.203 	  0.049 
16 	 17 	 -1.833 	  0.398 	 -0.190 	  0.046 
16 	 18 	 -1.624 	  0.575 	 -0.168 	  0.041 
16 	 19 	 -1.343 	  0.727 	 -0.139 	  0.034 
16 	 20 	 -1.003 	  0.847 	 -0.104 	  0.025 
16 	 21 	 -0.620 	  0.930 	 -0.064 	  0.016 
16 	 22 	 -0.210 	  0.973 	 -0.022 	  0.005 
16 	 23 	  0.210 	  0.973 	  0.022 	  0.005 
16 	 24 	  0.620 	  0.930 	  0.064 	  0.016 
16 	 25 	  1.003 	  0.847 	  0.104 	  0.025 
16 	 26 	  1.343 	  0.727 	  0.139 	  0.034 
16 	 27 	  1.624 	  0.575 	  0.168 	  0.041 
16 	 28 	  1.833 	  0.398 	  0.190 	  0.046 
16 	 29 	  1.963 	  0.203 	  0.203 	  0.049 
16 	 30 	  2.029 	  0.000 	  0.208 	  0.072 

17 	 0 	  1.895 	 -0.000 	  0.407 	  0.068 
17 	 1 	  1.833 	 -0.190 	  0.398 	  0.046 
17 	 2 	  1.712 	 -0.372 	  0.372 	  0.043 
17 	 3 	  1.516 	 -0.537 	  0.329 	  0.038 
17 	 4 	  1.254 	 -0.679 	  0.272 	  0.032 
17 	 5 	  0.937 	 -0.791 	  0.203 	  0.024 
17 	 6 	  0.579 	 -0.869 	  0.126 	  0.015 
17 	 7 	  0.196 	 -0.909 	  0.043 	  0.005 
17 	 8 	 -0.196 	 -0.909 	 -0.043 	  0.005 
17 	 9 	 -0.579 	 -0.869 	 -0.126 	  0.015 
17 	 10 	 -0.937 	 -0.791 	 -0.203 	  0.024 
17 	 11 	 -1.254 	 -0.679 	 -0.272 	  0.032 
17 	 12 	 -1.516 	 -0.537 	 -0.329 	  0.038 
17 	 13 	 -1.712 	 -0.372 	 -0.372 	  0.043 
17 	 14 	 -1.833 	 -0.190 	 -0.398 	  0.046 
17 	 15 	 -1.874 	 -0.000 	 -0.407 	  0.047 
17 	 16 	 -1.833 	  0.190 	 -0.398 	  0.046 
17 	 17 	 -1.712 	  0.372 	 -0.372 	  0.043 
17 	 18 	 -1.516 	  0.537 	 -0.329 	  0.038 
17 	 19 	 -1.254 	  0.679 	 -0.272 	  0.032 
17 	 20 	 -0.937 	  0.791 	 -0.203 	  0.024 
17 	 21 	 -0.579 	  0.869 	 -0.126 	  0.015 
17 	 22 	 -0.196 	  0.909 	 -0.043 	  0.005 
17 	 23 	  0.196 	  0.909 	  0.043 	  0.005 
17 	 24 	  0.579 	  0.869 	  0.126 	  0.015 
17 	 25 	  0.937 	  0.791 	  0.203 	  0.024 
17 	 26 	  1.254 	  0.679 	  0.272 	  0.032 
17 	 27 	  1.516 	  0.537 	  0.329 	  0.038 
17 	 28 	  1.712 	  0.372 	  0.372 	  0.043 
17 	 29 	  1.833 	  0.190 	  0.398 	  0.046 
17 	 30 	  1.895 	  0.000 	  0.407 	  0.068 

18 	 0 	  1.678 	 -0.000 	  0.588 	  0.060 
18 	 1 	  1.624 	 -0.168 	  0.575 	  0.041 
18 	 2 	  1.516 	 -0.329 	  0.537 	  0.038 
18 	 3 	  1.343 	 -0.476 	  0.476 	  0.034 
18 	 4 	  1.111 	 -0.601 	  0.393 	  0.028 
18 	 5 	  0.830 	 -0.701 	  0.294 	  0.021 
18 	 6 	  0.513 	 -0.769 	  0.182 	  0.013 
18 	 7 	  0.173 	 -0.805 	  0.061 	  0.004 
18 	 8 	 -0.173 	 -0.805 	 -0.061 	  0.004 
18 	 9 	 -0.513 	 -0.769 	 -0.182 	  0.013 
18 	 10 	 -0.830 	 -0.701 	 -0.294 	  0.021 
18 	 11 	 -1.111 	 -0.601 	 -0.393 	  0.028 
18 	 12 	 -1.343 	 -0.476 	 -0.476 	  0.034 
18 	 13 	 -1.516 	 -0.329 	 -0.537 	  0.038 
18 	 14 	 -1.624 	 -0.168 	 -0.575 	  0.041 
18 	 15 	 -1.660 	 -0.000 	 -0.588 	  0.042 
18 	 16 	 -1.624 	  0.168 	 -0.575 	  0.041 
18 	 17 	 -1.516 	  0.329 	 -0.537 	  0.038 
18 	 18 	 -1.343 	  0.476 	 -0.476 	  0.034 
18 	 19 	 -1.111 	  0.601 	 -0.393 	  0.028 
18 	 20 	 -0.830 	  0.701 	 -0.294 	  0.021 
18 	 21 	 -0.513 	  0.769 	 -0.182 	  0.013 
18 	 22 	 -0.173 	  0.805 	 -0.061 	  0.004 
18 	 23 	  0.173 	  0.805 	  0.061 	  0.004 
18 	 24 	  0.513 	  0.769 	  0.182 	  0.013 
18 	 25 	  0.830 	  0.701 	  0.294 	  0.021 
18 	 26 	  1.111 	  0.601 	  0.393 	  0.028 
18 	 27 	  1.343 	  0.476 	  0.476 	  0.034 
18 	 28 	  1.516 	  0.329 	  0.537 	  0.038 
18 	 29 	  1.624 	  0.168 	  0.575 	  0.041 
18 	 30 	  1.678 	  0.000 	  0.588 	  0.060 

19 	 0 	  1.388 	 -0.000 	  0.743 	  0.050 
19 	 1 	  1.343 	 -0.139 	  0.727 	  0.034 
19 	 2 	  1.254 	 -0.272 	  0.679 	  0.032 
19 	 3 	  1.111 	 -0.393 	  0.601 	  0.028 
19 	 4 	  0.919 	 -0.497 	  0.497 	  0.023 
19 	 5 	  0.686 	 -0.579 	  0.372 	  0.017 
19 	 6 	  0.424 	 -0.636 	  0.230 	  0.011 
19 	 7 	  0.143 	 -0.665 	  0.078 	  0.004 
19 	 8 	 -0.143 	 -0.665 	 -0.078 	  0.004 
19 	 9 	 -0.424 	 -0.636 	 -0.230 	  0.011 
19 	 10 	 -0.686 	 -0.579 	 -0.372 	  0.017 
19 	 11 	 -0.919 	 -0.497 	 -0.497 	  0.023 
19 	 12 	 -1.111 	 -0.393 	 -0.601 	  0.028 
19 	 13 	 -1.254 	 -0.272 	 -0.679 	  0.032 
19 	 14 	 -1.343 	 -0.139 	 -0.727 	  0.034 
19 	 15 	 -1.373 	 -0.000 	 -0.743 	  0.035 
19 	 16 	 -1.343 	  0.139 	 -0.727 	  0.034 
19 	 17 	 -1.254 	  0.272 	 -0.679 	  0.032 
19 	 18 	 -1.111 	  0.393 	 -0.601 	  0.028 
19 	 19 	 -0.919 	  0.497 	 -0.497 	  0.023 
19 	 20 	 -0.686 	  0.579 	 -0.372 	  0.017 
19 	 21 	 -0.424 	  0.636 	 -0.230 	  0.011 
19 	 22 	 -0.143 	  0.665 	 -0.078 	  0.004 
19 	 23 	  0.143 	  0.665 	  0.078 	  0.004 
19 	 24 	  0.424 	  0.636 	  0.230 	  0.011 
19 	 25 	  0.686 	  0.579 	  0.372 	  0.017 
19 	 26 	  0.919 	  0.497 	  0.497 	  0.023 
19 	 27 	  1.111 	  0.393 	  0.601 	  0.028 
19 	 28 	  1.254 	  0.272 	  0.679 	  0.032 
19 	 29 	  1.343 	  0.139 	  0.727 	  0.034 
19 	 30 	  1.388 	  0.000 	  0.743 	  0.050 

20 	 0 	  1.037 	 -0.000 	  0.866 	  0.037 
20 	 1 	  1.003 	 -0.104 	  0.847 	  0.025 
20 	 2 	  0.937 	 -0.203 	  0.791 	  0.024 
20 	 3 	  0.830 	 -0.294 	  0.701 	  0.021 
20 	 4 	  0.686 	 -0.372 	  0.579 	  0.017 
20 	 5 	  0.513 	 -0.433 	  0.433 	  0.013 
20 	 6 	  0.317 	 -0.476 	  0.268 	  0.008 
20 	 7 	  0.107 	 -0.497 	  0.091 	  0.003 
20 	 8 	 -0.107 	 -0.497 	 -0.091 	  0.003 
20 	 9 	 -0.317 	 -0.476 	 -0.268 	  0.008 
20 	 10 	 -0.513 	 -0.433 	 -0.433 	  0.013 
20 	 11 	 -0.686 	 -0.372 	 -0.579 	  0.017 
20 	 12 	 -0.830 	 -0.294 	 -0.701 	  0.021 
20 	 13 	 -0.937 	 -0.203 	 -0.791 	  0.024 
20 	 14 	 -1.003 	 -0.104 	 -0.847 	  0.025 
20 	 15 	 -1.026 	 -0.000 	 -0.866 	  0.026 
20 	 16 	 -1.003 	  0.104 	 -0.847 	  0.025 
20 	 17 	 -0.937 	  0.203 	 -0.791 	  0.024 
20 	 18 	 -0.830 	  0.294 	 -0.701 	  0.021 
20 	 19 	 -0.686 	  0.372 	 -0.579 	  0.017 
20 	 20 	 -0.513 	  0.433 	 -0.433 	  0.013 
20 	 21 	 -0.317 	  0.476 	 -0.268 	  0.008 
20 	 22 	 -0.107 	  0.497 	 -0.091 	  0.003 
20 	 23 	  0.107 	  0.497 	  0.091 	  0.003 
20 	 24 	  0.317 	  0.476 	  0.268 	  0.008 
20 	 25 	  0.513 	  0.433 	  0.433 	  0.013 
20 	 26 	  0.686 	  0.372 	  0.579 	  0.017 
20 	 27 	  0.830 	  0.294 	  0.701 	  0.021 
20 	 28 	  0.937 	  0.203 	  0.791 	  0.024 
20 	 29 	  1.003 	  0.104 	  0.847 	  0.025 
20 	 30 	  1.037 	  0.000 	  0.866 	  0.037 

21 	 0 	  0.641 	 -0.000 	  0.951 	  0.023 
21 	 1 	  0.620 	 -0.064 	  0.930 	  0.016 
21 	 2 	  0.579 	 -0.126 	  0.869 	  0.015 
21 	 3 	  0.513 	 -0.182 	  0.769 	  0.013 
21 	 4 	  0.424 	 -0.230 	  0.636 	  0.011 
21 	 5 	  0.317 	 -0.268 	  0.476 	  0.008 
21 	 6 	  0.196 	 -0.294 	  0.294 	  0.005 
21 	 7 	  0.066 	 -0.307 	  0.099 	  0.002 
21 	 8 	 -0.066 	 -0.307 	 -0.099 	  0.002 
21 	 9 	 -0.196 	 -0.294 	 -0.294 	  0.005 
21 	 10 	 -0.317 	 -0.268 	 -0.476 	  0.008 
21 	 11 	 -0.424 	 -0.230 	 -0.636 	  0.011 
21 	 12 	 -0.513 	 -0.182 	 -0.769 	  0.013 
21 	 13 	 -0.579 	 -0.126 	 -0.869 	  0.015 
21 	 14 	 -0.620 	 -0.064 	 -0.930 	  0.016 
21 	 15 	 -0.634 	 -0.000 	 -0.951 	  0.016 
21 	 16 	 -0.620 	  0.064 	 -0.930 	  0.016 
21 	 17 	 -0.579 	  0.126 	 -0.869 	  0.015 
21 	 18 	 -0.513 	  0.182 	 -0.769 	  0.013 
21 	 19 	 -0.424 	  0.230 	 -0.636 	  0.011 
21 	 20 	 -0.317 	  0.268 	 -0.476 	  0.008 
21 	 21 	 -0.196 	  0.294 	 -0.294 	  0.005 
21 	 22 	 -0.066 	  0.307 	 -0.099 	  0.002 
21 	 23 	  0.066 	  0.307 	  0.099 	  0.002 
21 	 24 	  0.196 	  0.294 	  0.294 	  0.005 
21 	 25 	  0.317 	  0.268 	  0.476 	  0.008 
21 	 26 	  0.424 	  0.230 	  0.636 	  0.011 
21 	 27 	  0.513 	  0.182 	  0.769 	  0.013 
21 	 28 	  0.579 	  0.126 	  0.869 	  0.015 
21 	 29 	  0.620 	  0.064 	  0.930 	  0.016 
21 	 30 	  0.641 	  0.000 	  0.951 	  0.023 

22 	 0 	  0.217 	 -0.000 	  0.995 	  0.008 
22 	 1 	  0.210 	 -0.022 	  0.973 	  0.005 
22 	 2 	  0.196 	 -0.043 	  0.909 	  0.005 
22 	 3 	  0.173 	 -0.061 	  0.805 	  0.004 
22 	 4 	  0.143 	 -0.078 	  0.665 	  0.004 
22 	 5 	  0.107 	 -0.091 	  0.497 	  0.003 
22 	 6 	  0.066 	 -0.099 	  0.307 	  0.002 
22 	 7 	  0.022 	 -0.104 	  0.104 	  0.001 
22 	 8 	 -0.022 	 -0.104 	 -0.104 	  0.001 
22 	 9 	 -0.066 	 -0.099 	 -0.307 	  0.002 
22 	 10 	 -0.107 	 -0.091 	 -0.497 	  0.003 
22 	 11 	 -0.143 	 -0.078 	 -0.665 	  0.004 
22 	 12 	 -0.173 	 -0.061 	 -0.805 	  0.004 
22 	 13 	 -0.196 	 -0.043 	 -0.909 	  0.005 
22 	 14 	 -0.210 	 -0.022 	 -0.973 	  0.005 
22 	 15 	 -0.214 	 -0.000 	 -0.995 	  0.005 
22 	 16 	 -0.210 	  0.022 	 -0.973 	  0.005 
22 	 17 	 -0.196 	  0.043 	 -0.909 	  0.005 
22 	 18 	 -0.173 	  0.061 	 -0.805 	  0.004 
22 	 19 	 -0.143 	  0.078 	 -0.665 	  0.004 
22 	 20 	 -0.107 	  0.091 	 -0.497 	  0.003 
22 	 21 	 -0.066 	  0.099 	 -0.307 	  0.002 
22 	 22 	 -0.022 	  0.104 	 -0.104 	  0.001 
22 	 23 	  0.022 	  0.104 	  0.104 	  0.001 
22 	 24 	  0.066 	  0.099 	  0.307 	  0.002 
22 	 25 	  0.107 	  0.091 	  0.497 	  0.003 
22 	 26 	  0.143 	  0.078 	  0.665 	  0.004 
22 	 27 	  0.173 	  0.061 	  0.805 	  0.004 
22 	 28 	  0.196 	  0.043 	  0.909 	  0.005 
22 	 29 	  0.210 	  0.022 	  0.973 	  0.005 
22 	 30 	  0.217 	  0.000 	  0.995 	  0.008 

23 	 0 	 -0.217 	  0.000 	  0.995 	  0.008 
23 	 1 	 -0.210 	  0.022 	  0.973 	  0.005 
23 	 2 	 -0.196 	  0.043 	  0.909 	  0.005 
23 	 3 	 -0.173 	  0.061 	  0.805 	  0.004 
23 	 4 	 -0.143 	  0.078 	  0.665 	  0.004 
23 	 5 	 -0.107 	  0.091 	  0.497 	  0.003 
23 	 6 	 -0.066 	  0.099 	  0.307 	  0.002 
23 	 7 	 -0.022 	  0.104 	  0.104 	  0.001 
23 	 8 	  0.022 	  0.104 	 -0.104 	  0.001 
23 	 9 	  0.066 	  0.099 	 -0.307 	  0.002 
23 	 10 	  0.107 	  0.091 	 -0.497 	  0.003 
23 	 11 	  0.143 	  0.078 	 -0.665 	  0.004 
23 	 12 	  0.173 	  0.061 	 -0.805 	  0.004 
23 	 13 	  0.196 	  0.043 	 -0.909 	  0.005 
23 	 14 	  0.210 	  0.022 	 -0.973 	  0.005 
23 	 15 	  0.214 	  0.000 	 -0.995 	  0.005 
23 	 16 	  0.210 	 -0.022 	 -0.973 	  0.005 
23 	 17 	  0.196 	 -0.043 	 -0.909 	  0.005 
23 	 18 	  0.173 	 -0.061 	 -0.805 	  0.004 
23 	 19 	  0.143 	 -0.078 	 -0.665 	  0.004 
23 	 20 	  0.107 	 -0.091 	 -0.497 	  0.003 
23 	 21 	  0.066 	 -0.099 	 -0.307 	  0.002 
23 	 22 	  0.022 	 -0.104 	 -0.104 	  0.001 
23 	 23 	 -0.022 	 -0.104 	  0.104 	  0.001 
23 	 24 	 -0.066 	 -0.099 	  0.307 	  0.002 
23 	 25 	 -0.107 	 -0.091 	  0.497 	  0.003 
23 	 26 	 -0.143 	 -0.078 	  0.665 	  0.004 
23 	 27 	 -0.173 	 -0.061 	  0.805 	  0.004 
23 	 28 	 -0.196 	 -0.043 	  0.909 	  0.005 
23 	 29 	 -0.210 	 -0.022 	  0.973 	  0.005 
23 	 30 	 -0.217 	 -0.000 	  0.995 	  0.008 

24 	 0 	 -0.641 	  0.000 	  0.951 	  0.023 
24 	 1 	 -0.620 	  0.064 	  0.930 	  0.016 
24 	 2 	 -0.579 	  0.126 	  0.869 	  0.015 
24 	 3 	 -0.513 	  0.182 	  0.769 	  0.013 
24 	 4 	 -0.424 	  0.230 	  0.636 	  0.011 
24 	 5 	 -0.317 	  0.268 	  0.476 	  0.008 
24 	 6 	 -0.196 	  0.294 	  0.294 	  0.005 
24 	 7 	 -0.066 	  0.307 	  0.099 	  0.002 
24 	 8 	  0.066 	  0.307 	 -0.099 	  0.002 
24 	 9 	  0.196 	  0.294 	 -0.294 	  0.005 
24 	 10 	  0.317 	  0.268 	 -0.476 	  0.008 
24 	 11 	  0.424 	  0.230 	 -0.636 	  0.011 
24 	 12 	  0.513 	  0.182 	 -0.769 	  0.013 
24 	 13 	  0.579 	  0.126 	 -0.869 	  0.015 
24 	 14 	  0.620 	  0.064 	 -0.930 	  0.016 
24 	 15 	  0.634 	  0.000 	 -0.951 	  0.016 
24 	 16 	  0.620 	 -0.064 	 -0.930 	  0.016 
24 	 17 	  0.579 	 -0.126 	 -0.869 	  0.015 
24 	 18 	  0.513 	 -0.182 	 -0.769 	  0.013 
24 	 19 	  0.424 	 -0.230 	 -0.636 	  0.011 
24 	 20 	  0.317 	 -0.268 	 -0.476 	  0.008 
24 	 21 	  0.196 	 -0.294 	 -0.294 	  0.005 
24 	 22 	  0.066 	 -0.307 	 -0.099 	  0.002 
24 	 23 	 -0.066 	 -0.307 	  0.099 	  0.002 
24 	 24 	 -0.196 	 -0.294 	  0.294 	  0.005 
24 	 25 	 -0.317 	 -0.268 	  0.476 	  0.008 
24 	 26 	 -0.424 	 -0.230 	  0.636 	  0.011 
24 	 27 	 -0.513 	 -0.182 	  0.769 	  0.013 
24 	 28 	 -0.579 	 -0.126 	  0.869 	  0.015 
24 	 29 	 -0.620 	 -0.064 	  0.930 	  0.016 
24 	 30 	 -0.641 	 -0.000 	  0.951 	  0.023 

25 	 0 	 -1.037 	  0.000 	  0.866 	  0.037 
25 	 1 	 -1.003 	  0.104 	  0.847 	  0.025 
25 	 2 	 -0.937 	  0.203 	  0.791 	  0.024 
25 	 3 	 -0.830 	  0.294 	  0.701 	  0.021 
25 	 4 	 -0.686 	  0.372 	  0.579 	  0.017 
25 	 5 	 -0.513 	  0.433 	  0.433 	  0.013 
25 	 6 	 -0.317 	  0.476 	  0.268 	  0.008 
25 	 7 	 -0.107 	  0.497 	  0.091 	  0.003 
25 	 8 	  0.107 	  0.497 	 -0.091 	  0.003 
25 	 9 	  0.317 	  0.476 	 -0.268 	  0.008 
25 	 10 	  0.513 	  0.433 	 -0.433 	  0.013 
25 	 11 	  0.686 	  0.372 	 -0.579 	  0.017 
25 	 12 	  0.830 	  0.294 	 -0.701 	  0.021 
25 	 13 	  0.937 	  0.203 	 -0.791 	  0.024 
25 	 14 	  1.003 	  0.104 	 -0.847 	  0.025 
25 	 15 	  1.026 	  0.000 	 -0.866 	  0.026 
25 	 16 	  1.003 	 -0.104 	 -0.847 	  0.025 
25 	 17 	  0.937 	 -0.203 	 -0.791 	  0.024 
25 	 18 	  0.830 	 -0.294 	 -0.701 	  0.021 
25 	 19 	  0.686 	 -0.372 	 -0.579 	  0.017 
25 	 20 	  0.513 	 -0.433 	 -0.433 	  0.013 
25 	 21 	  0.317 	 -0.476 	 -0.268 	  0.008 
25 	 22 	  0.107 	 -0.497 	 -0.091 	  0.003 
25 	 23 	 -0.107 	 -0.497 	  0.091 	  0.003 
25 	 24 	 -0.317 	 -0.476 	  0.268 	  0.008 
25 	 25 	 -0.513 	 -0.433 	  0.433 	  0.013 
25 	 26 	 -0.686 	 -0.372 	  0.579 	  0.017 
25 	 27 	 -0.830 	 -0.294 	  0.701 	  0.021 
25 	 28 	 -0.937 	 -0.203 	  0.791 	  0.024 
25 	 29 	 -1.003 	 -0.104 	  0.847 	  0.025 
25 	 30 	 -1.037 	 -0.000 	  0.866 	  0.037 

26 	 0 	 -1.388 	  0.000 	  0.743 	  0.050 
26 	 1 	 -1.343 	  0.139 	  0.727 	  0.034 
26 	 2 	 -1.254 	  0.272 	  0.679 	  0.032 
26 	 3 	 -1.111 	  0.393 	  0.601 	  0.028 
26 	 4 	 -0.919 	  0.497 	  0.497 	  0.023 
26 	 5 	 -0.686 	  0.579 	  0.372 	  0.017 
26 	 6 	 -0.424 	  0.636 	  0.230 	  0.011 
26 	 7 	 -0.143 	  0.665 	  0.078 	  0.004 
26 	 8 	  0.143 	  0.665 	 -0.078 	  0.004 
26 	 9 	  0.424 	  0.636 	 -0.230 	  0.011 
26 	 10 	  0.686 	  0.579 	 -0.372 	  0.017 
26 	 11 	  0.919 	  0.497 	 -0.497 	  0.023 
26 	 12 	  1.111 	  0.393 	 -0.601 	  0.028 
26 	 13 	  1.254 	  0.272 	 -0.679 	  0.032 
26 	 14 	  1.343 	  0.139 	 -0.727 	  0.034 
26 	 15 	  1.373 	  0.000 	 -0.743 	  0.035 
26 	 16 	  1.343 	 -0.139 	 -0.727 	  0.034 
26 	 17 	  1.254 	 -0.272 	 -0.679 	  0.032 
26 	 18 	  1.111 	 -0.393 	 -0.601 	  0.028 
26 	 19 	  0.919 	 -0.497 	 -0.497 	  0.023 
26 	 20 	  0.686 	 -0.579 	 -0.372 	  0.017 
26 	 21 	  0.424 	 -0.636 	 -0.230 	  0.011 
26 	 22 	  0.143 	 -0.665 	 -0.078 	  0.004 
26 	 23 	 -0.143 	 -0.665 	  0.078 	  0.004 
26 	 24 	 -0.424 	 -0.636 	  0.230 	  0.011 
26 	 25 	 -0.686 	 -0.579 	  0.372 	  0.017 
26 	 26 	 -0.919 	 -0.497 	  0.497 	  0.023 
26 	 27 	 -1.111 	 -0.393 	  0.601 	  0.028 
26 	 28 	 -1.254 	 -0.272 	  0.679 	  0.032 
26 	 29 	 -1.343 	 -0.139 	  0.727 	  0.034 
26 	 30 	 -1.388 	 -0.000 	  0.743 	  0.050 

27 	 0 	 -1.678 	  0.000 	  0.588 	  0.060 
27 	 1 	 -1.624 	  0.168 	  0.575 	  0.041 
27 	 2 	 -1.516 	  0.329 	  0.537 	  0.038 
27 	 3 	 -1.343 	  0.476 	  0.476 	  0.034 
27 	 4 	 -1.111 	  0.601 	  0.393 	  0.028 
27 	 5 	 -0.830 	  0.701 	  0.294 	  0.021 
27 	 6 	 -0.513 	  0.769 	  0.182 	  0.013 
27 	 7 	 -0.173 	  0.805 	  0.061 	  0.004 
27 	 8 	  0.173 	  0.805 	 -0.061 	  0.004 
27 	 9 	  0.513 	  0.769 	 -0.182 	  0.013 
27 	 10 	  0.830 	  0.701 	 -0.294 	  0.021 
27 	 11 	  1.111 	  0.601 	 -0.393 	  0.028 
27 	 12 	  1.343 	  0.476 	 -0.476 	  0.034 
27 	 13 	  1.516 	  0.329 	 -0.537 	  0.038 
27 	 14 	  1.624 	  0.168 	 -0.575 	  0.041 
27 	 15 	  1.660 	  0.000 	 -0.588 	  0.042 
27 	 16 	  1.624 	 -0.168 	 -0.575 	  0.041 
27 	 17 	  1.516 	 -0.329 	 -0.537 	  0.038 
27 	 18 	  1.343 	 -0.476 	 -0.476 	  0.034 
27 	 19 	  1.111 	 -0.601 	 -0.393 	  0.028 
27 	 20 	  0.830 	 -0.701 	 -0.294 	  0.021 
27 	 21 	  0.513 	 -0.769 	 -0.182 	  0.013 
27 	 22 	  0.173 	 -0.805 	 -0.061 	  0.004 
27 	 23 	 -0.173 	 -0.805 	  0.061 	  0.004 
27 	 24 	 -0.513 	 -0.769 	  0.182 	  0.013 
27 	 25 	 -0.830 	 -0.701 	  0.294 	  0.021 
27 	 26 	 -1.111 	 -0.601 	  0.393 	  0.028 
27 	 27 	 -1.343 	 -0.476 	  0.476 	  0.034 
27 	 28 	 -1.516 	 -0.329 	  0.537 	  0.038 
27 	 29 	 -1.624 	 -0.168 	  0.575 	  0.041 
27 	 30 	 -1.678 	 -0.000 	  0.588 	  0.060 

28 	 0 	 -1.895 	  0.000 	  0.407 	  0.068 
28 	 1 	 -1.833 	  0.190 	  0.398 	  0.046 
28 	 2 	 -1.712 	  0.372 	  0.372 	  0.043 
28 	 3 	 -1.516 	  0.537 	  0.329 	  0.038 
28 	 4 	 -1.254 	  0.679 	  0.272 	  0.032 
28 	 5 	 -0.937 	  0.791 	  0.203 	  0.024 
28 	 6 	 -0.579 	  0.869 	  0.126 	  0.015 
28 	 7 	 -0.196 	  0.909 	  0.043 	  0.005 
28 	 8 	  0.196 	  0.909 	 -0.043 	  0.005 
28 	 9 	  0.579 	  0.869 	 -0.126 	  0.015 
28 	 10 	  0.937 	  0.791 	 -0.203 	  0.024 
28 	 11 	  1.254 	  0.679 	 -0.272 	  0.032 
28 	 12 	  1.516 	  0.537 	 -0.329 	  0.038 
28 	 13 	  1.712 	  0.372 	 -0.372 	  0.043 
28 	 14 	  1.833 	  0.190 	 -0.398 	  0.046 
28 	 15 	  1.874 	  0.000 	 -0.407 	  0.047 
28 	 16 	  1.833 	 -0.190 	 -0.398 	  0.046 
28 	 17 	  1.712 	 -0.372 	 -0.372 	  0.043 
28 	 18 	  1.516 	 -0.537 	 -0.329 	  0.038 
28 	 19 	  1.254 	 -0.679 	 -0.272 	  0.032 
28 	 20 	  0.937 	 -0.791 	 -0.203 	  0.024 
28 	 21 	  0.579 	 -0.869 	 -0.126 	  0.015 
28 	 22 	  0.196 	 -0.909 	 -0.043 	  0.005 
28 	 23 	 -0.196 	 -0.909 	  0.043 	  0.005 
28 	 24 	 -0.579 	 -0.869 	  0.126 	  0.015 
28 	 25 	 -0.937 	 -0.791 	  0.203 	  0.024 
28 	 26 	 -1.254 	 -0.679 	  0.272 	  0.032 
28 	 27 	 -1.516 	 -0.537 	  0.329 	  0.038 
28 	 28 	 -1.712 	 -0.372 	  0.372 	  0.043 
28 	 29 	 -1.833 	 -0.190 	  0.398 	  0.046 
28 	 30 	 -1.895 	 -0.000 	  0.407 	  0.068 

29 	 0 	 -2.029 	  0.000 	  0.208 	  0.072 
29 	 1 	 -1.963 	  0.203 	  0.203 	  0.049 
29 	 2 	 -1.833 	  0.398 	  0.190 	  0.046 
29 	 3 	 -1.624 	  0.575 	  0.168 	  0.041 
29 	 4 	 -1.343 	  0.727 	  0.139 	  0.034 
29 	 5 	 -1.003 	  0.847 	  0.104 	  0.025 
29 	 6 	 -0.620 	  0.930 	  0.064 	  0.016 
29 	 7 	 -0.210 	  0.973 	  0.022 	  0.005 
29 	 8 	  0.210 	  0.973 	 -0.022 	  0.005 
29 	 9 	  0.620 	  0.930 	 -0.064 	  0.016 
29 	 10 	  1.003 	  0.847 	 -0.104 	  0.025 
29 	 11 	  1.343 	  0.727 	 -0.139 	  0.034 
29 	 12 	  1.624 	  0.575 	 -0.168 	  0.041 
29 	 13 	  1.833 	  0.398 	 -0.190 	  0.046 
29 	 14 	  1.963 	  0.203 	 -0.203 	  0.049 
29 	 15 	  2.007 	  0.000 	 -0.208 	  0.050 
29 	 16 	  1.963 	 -0.203 	 -0.203 	  0.049 
29 	 17 	  1.833 	 -0.398 	 -0.190 	  0.046 
29 	 18 	  1.624 	 -0.575 	 -0.168 	  0.041 
29 	 19 	  1.343 	 -0.727 	 -0.139 	  0.034 
29 	 20 	  1.003 	 -0.847 	 -0.104 	  0.025 
29 	 21 	  0.620 	 -0.930 	 -0.064 	  0.016 
29 	 22 	  0.210 	 -0.973 	 -0.022 	  0.005 
29 	 23 	 -0.210 	 -0.973 	  0.022 	  0.005 
29 	 24 	 -0.620 	 -0.930 	  0.064 	  0.016 
29 	 25 	 -1.003 	 -0.847 	  0.104 	  0.025 
29 	 26 	 -1.343 	 -0.727 	  0.139 	  0.034 
29 	 27 	 -1.624 	 -0.575 	  0.168 	  0.041 
29 	 28 	 -1.833 	 -0.398 	  0.190 	  0.046 
29 	 29 	 -1.963 	 -0.203 	  0.203 	  0.049 
29 	 30 	 -2.029 	 -0.000 	  0.208 	  0.072 

30 	 0 	 -2.096 	  0.000 	  0.000 	  0.096 
30 	 1 	 -2.029 	  0.208 	  0.000 	  0.072 
30 	 2 	 -1.895 	  0.407 	  0.000 	  0.068 
30 	 3 	 -1.678 	  0.588 	  0.000 	  0.060 
30 	 4 	 -1.388 	  0.743 	  0.000 	  0.050 
30 	 5 	 -1.037 	  0.866 	  0.000 	  0.037 
30 	 6 	 -0.641 	  0.951 	  0.000 	  0.023 
30 	 7 	 -0.217 	  0.995 	  0.000 	  0.008 
30 	 8 	  0.217 	  0.995 	 -0.000 	  0.008 
30 	 9 	  0.641 	  0.951 	 -0.000 	  0.023 
30 	 10 	  1.037 	  0.866 	 -0.000 	  0.037 
30 	 11 	  1.388 	  0.743 	 -0.000 	  0.050 
30 	 12 	  1.678 	  0.588 	 -0.000 	  0.060 
30 	 13 	  1.895 	  0.407 	 -0.000 	  0.068 
30 	 14 	  2.029 	  0.208 	 -0.000 	  0.072 
30 	 15 	  2.074 	  0.000 	 -0.000 	  0.074 
30 	 16 	  2.029 	 -0.208 	 -0.000 	  0.072 
30 	 17 	  1.895 	 -0.407 	 -0.000 	  0.068 
30 	 18 	  1.678 	 -0.588 	 -0.000 	  0.060 
30 	 19 	  1.388 	 -0.743 	 -0.000 	  0.050 
30 	 20 	  1.037 	 -0.866 	 -0.000 	  0.037 
30 	 21 	  0.641 	 -0.951 	 -0.000 	  0.023 
30 	 22 	  0.217 	 -0.995 	 -0.000 	  0.008 
30 	 23 	 -0.217 	 -0.995 	  0.000 	  0.008 
30 	 24 	 -0.641 	 -0.951 	  0.000 	  0.023 
30 	 25 	 -1.037 	 -0.866 	  0.000 	  0.037 
30 	 26 	 -1.388 	 -0.743 	  0.000 	  0.050 
30 	 27 	 -1.678 	 -0.588 	  0.000 	  0.060 
30 	 28 	 -1.895 	 -0.407 	  0.000 	  0.068 
30 	 29 	 -2.029 	 -0.208 	  0.000 	  0.072 
30 	 30 	 -2.096 	 -0.000 	  0.000 	  0.096 

RMS Value :  0.030
