0.010000	0.000000
0.020000	0.004012
0.030000	0.220439
0.040000	0.092276
0.050000	0.307468
0.060000	0.309017
0.070000	0.309346
0.080000	0.520885
0.090000	0.386648
0.100000	0.594605
0.110000	0.587785
0.120000	0.578645
0.130000	0.779653
0.140000	0.633863
0.150000	0.829292
0.160000	0.809017
0.170000	0.785549
0.180000	0.971412
0.190000	0.809721
0.200000	0.988555
0.210000	0.951057
0.220000	0.909805
0.230000	1.077393
0.240000	0.897009
0.250000	1.056805
0.260000	1.000000
0.270000	0.939248
0.280000	1.087220
0.290000	0.887182
0.300000	1.027362
0.310000	0.951057
0.320000	0.870998
0.330000	0.999933
0.340000	0.781201
0.350000	0.903106
0.360000	0.809017
0.370000	0.711735
0.380000	0.824074
0.390000	0.589441
0.400000	0.696203
0.410000	0.587785
0.420000	0.477048
0.430000	0.576859
0.440000	0.330674
0.450000	0.426903
0.460000	0.309017
0.470000	0.189911
0.480000	0.282487
0.490000	0.030228
0.500000	0.121569
0.510000	0.000000
0.520000	-0.121569
0.530000	-0.030228
0.540000	-0.282487
0.550000	-0.189911
0.560000	-0.309017
0.570000	-0.426903
0.580000	-0.330674
0.590000	-0.576859
0.600000	-0.477048
0.610000	-0.587785
0.620000	-0.696203
0.630000	-0.589441
0.640000	-0.824074
0.650000	-0.711735
0.660000	-0.809017
0.670000	-0.903106
0.680000	-0.781201
0.690000	-0.999933
0.700000	-0.870998
0.710000	-0.951057
0.720000	-1.027362
0.730000	-0.887182
0.740000	-1.087220
0.750000	-0.939248
0.760000	-1.000000
0.770000	-1.056805
0.780000	-0.897009
0.790000	-1.077393
0.800000	-0.909805
0.810000	-0.951057
0.820000	-0.988555
0.830000	-0.809721
0.840000	-0.971412
0.850000	-0.785549
0.860000	-0.809017
0.870000	-0.829292
0.880000	-0.633863
0.890000	-0.779653
0.900000	-0.578645
0.910000	-0.587785
0.920000	-0.594605
0.930000	-0.386648
0.940000	-0.520885
0.950000	-0.309346
0.960000	-0.309017
0.970000	-0.307468
0.980000	-0.092276
0.990000	-0.220439
1.000000	-0.004012
1.010000	-0.000000
1.020000	0.004012
1.030000	0.220439
1.040000	0.092276
1.050000	0.307468
1.060000	0.309017
1.070000	0.309346
1.080000	0.520885
1.090000	0.386648
1.100000	0.594605
1.110000	0.587785
1.120000	0.578645
1.130000	0.779653
1.140000	0.633863
1.150000	0.829292
1.160000	0.809017
1.170000	0.785549
1.180000	0.971412
1.190000	0.809721
1.200000	0.988555
1.210000	0.951057
1.220000	0.909805
1.230000	1.077393
1.240000	0.897009
1.250000	1.056805
1.260000	1.000000
1.270000	0.939248
1.280000	1.087220
1.290000	0.887182
1.300000	1.027362
1.310000	0.951057
1.320000	0.870998
1.330000	0.999933
1.340000	0.781201
1.350000	0.903106
1.360000	0.809017
1.370000	0.711735
1.380000	0.824074
1.390000	0.589441
1.400000	0.696203
1.410000	0.587785
1.420000	0.477048
1.430000	0.576859
1.440000	0.330674
1.450000	0.426903
1.460000	0.309017
1.470000	0.189911
1.480000	0.282487
1.490000	0.030228
1.500000	0.121569
1.510000	0.000000
1.520000	-0.121569
1.530000	-0.030228
1.540000	-0.282487
1.550000	-0.189911
1.560000	-0.309017
1.570000	-0.426903
1.580000	-0.330674
1.590000	-0.576859
1.600000	-0.477048
1.610000	-0.587785
1.620000	-0.696203
1.630000	-0.589441
1.640000	-0.824074
1.650000	-0.711735
1.660000	-0.809017
1.670000	-0.903106
1.680000	-0.781201
1.690000	-0.999933
1.700000	-0.870998
1.710000	-0.951057
1.720000	-1.027362
1.730000	-0.887182
1.740000	-1.087220
1.750000	-0.939248
1.760000	-1.000000
1.770000	-1.056805
1.780000	-0.897009
1.790000	-1.077393
1.800000	-0.909805
1.810000	-0.951057
1.820000	-0.988555
1.830000	-0.809721
1.840000	-0.971412
1.850000	-0.785549
1.860000	-0.809017
1.870000	-0.829292
1.880000	-0.633863
1.890000	-0.779653
1.900000	-0.578645
1.910000	-0.587785
1.920000	-0.594605
1.930000	-0.386648
1.940000	-0.520885
1.950000	-0.309346
1.960000	-0.309017
1.970000	-0.307468
1.980000	-0.092276
1.990000	-0.220439
2.000000	-0.004012
2.010000	-0.000000
2.020000	0.004012
2.030000	0.220439
2.040000	0.092276
2.050000	0.307468
2.060000	0.309017
2.070000	0.309346
2.080000	0.520885
2.090000	0.386648
2.100000	0.594605
2.110000	0.587785
2.120000	0.578645
2.130000	0.779653
2.140000	0.633863
2.150000	0.829292
2.160000	0.809017
2.170000	0.785549
2.180000	0.971412
2.190000	0.809721
2.200000	0.988555
2.210000	0.951057
2.220000	0.909805
2.230000	1.077393
2.240000	0.897009
2.250000	1.056805
2.260000	1.000000
2.270000	0.939248
2.280000	1.087220
2.290000	0.887182
2.300000	1.027362
2.310000	0.951057
2.320000	0.870998
2.330000	0.999933
2.340000	0.781201
2.350000	0.903106
2.360000	0.809017
2.370000	0.711735
2.380000	0.824074
2.390000	0.589441
2.400000	0.696203
2.410000	0.587785
2.420000	0.477048
2.430000	0.576859
2.440000	0.330674
2.450000	0.426903
2.460000	0.309017
2.470000	0.189911
2.480000	0.282487
2.490000	0.030228
2.500000	0.121569
2.510000	-0.000000
2.520000	-0.121569
2.530000	-0.030228
2.540000	-0.282487
2.550000	-0.189911
2.560000	-0.309017
2.570000	-0.426903
2.580000	-0.330674
2.590000	-0.576859
2.600000	-0.477048
2.610000	-0.587785
2.620000	-0.696203
2.630000	-0.589441
2.640000	-0.824074
2.650000	-0.711735
2.660000	-0.809017
2.670000	-0.903106
2.680000	-0.781201
2.690000	-0.999933
2.700000	-0.870998
2.710000	-0.951057
2.720000	-1.027362
2.730000	-0.887182
2.740000	-1.087220
2.750000	-0.939248
2.760000	-1.000000
2.770000	-1.056805
2.780000	-0.897009
2.790000	-1.077393
2.800000	-0.909805
2.810000	-0.951057
2.820000	-0.988555
2.830000	-0.809721
2.840000	-0.971412
2.850000	-0.785549
2.860000	-0.809017
2.870000	-0.829292
2.880000	-0.633863
2.890000	-0.779653
2.900000	-0.578645
2.910000	-0.587785
2.920000	-0.594605
2.930000	-0.386648
2.940000	-0.520885
2.950000	-0.309346
2.960000	-0.309017
2.970000	-0.307468
2.980000	-0.092276
2.990000	-0.220439
3.000000	-0.004012
3.010000	0.000000
3.020000	0.004012
3.030000	0.220439
3.040000	0.092276
3.050000	0.307468
3.060000	0.309017
3.070000	0.309346
3.080000	0.520885
3.090000	0.386648
3.100000	0.594605
3.110000	0.587785
3.120000	0.578645
3.130000	0.779653
3.140000	0.633863
3.150000	0.829292
3.160000	0.809017
3.170000	0.785549
3.180000	0.971412
3.190000	0.809721
3.200000	0.988555
3.210000	0.951057
3.220000	0.909805
3.230000	1.077393
3.240000	0.897009
3.250000	1.056805
3.260000	1.000000
3.270000	0.939248
3.280000	1.087220
3.290000	0.887182
3.300000	1.027362
3.310000	0.951057
3.320000	0.870998
3.330000	0.999933
3.340000	0.781201
3.350000	0.903106
3.360000	0.809017
3.370000	0.711735
3.380000	0.824074
3.390000	0.589441
3.400000	0.696203
3.410000	0.587785
3.420000	0.477048
3.430000	0.576859
3.440000	0.330674
3.450000	0.426903
3.460000	0.309017
3.470000	0.189911
3.480000	0.282487
3.490000	0.030228
3.500000	0.121569
3.510000	-0.000000
3.520000	-0.121569
3.530000	-0.030228
3.540000	-0.282487
3.550000	-0.189911
3.560000	-0.309017
3.570000	-0.426903
3.580000	-0.330674
3.590000	-0.576859
3.600000	-0.477048
3.610000	-0.587785
3.620000	-0.696203
3.630000	-0.589441
3.640000	-0.824074
3.650000	-0.711735
3.660000	-0.809017
3.670000	-0.903106
3.680000	-0.781201
3.690000	-0.999933
3.700000	-0.870998
3.710000	-0.951057
3.720000	-1.027362
3.730000	-0.887182
3.740000	-1.087220
3.750000	-0.939248
3.760000	-1.000000
3.770000	-1.056805
3.780000	-0.897009
3.790000	-1.077393
3.800000	-0.909805
3.810000	-0.951057
3.820000	-0.988555
3.830000	-0.809721
3.840000	-0.971412
3.850000	-0.785549
3.860000	-0.809017
3.870000	-0.829292
3.880000	-0.633863
3.890000	-0.779653
3.900000	-0.578645
3.910000	-0.587785
3.920000	-0.594605
3.930000	-0.386648
3.940000	-0.520885
3.950000	-0.309346
3.960000	-0.309017
3.970000	-0.307468
3.980000	-0.092276
3.990000	-0.220439
4.000000	-0.004012
4.010000	-0.000000
4.020000	0.004012
4.030000	0.220439
4.040000	0.092276
4.050000	0.307468
4.060000	0.309017
4.070000	0.309346
4.080000	0.520885
4.090000	0.386648
4.100000	0.594605
4.110000	0.587785
4.120000	0.578645
4.130000	0.779653
4.140000	0.633863
4.150000	0.829292
4.160000	0.809017
4.170000	0.785549
4.180000	0.971412
4.190000	0.809721
4.200000	0.988555
4.210000	0.951057
4.220000	0.909805
4.230000	1.077393
4.240000	0.897009
4.250000	1.056805
4.260000	1.000000
4.270000	0.939248
4.280000	1.087220
4.290000	0.887182
4.300000	1.027362
4.310000	0.951057
4.320000	0.870998
4.330000	0.999933
4.340000	0.781201
4.350000	0.903106
4.360000	0.809017
4.370000	0.711735
4.380000	0.824074
4.390000	0.589441
4.400000	0.696203
4.410000	0.587785
4.420000	0.477048
4.430000	0.576859
4.440000	0.330674
4.450000	0.426903
4.460000	0.309017
4.470000	0.189911
4.480000	0.282487
4.490000	0.030228
4.500000	0.121569
4.510000	-0.000000
4.520000	-0.121569
4.530000	-0.030228
4.540000	-0.282487
4.550000	-0.189911
4.560000	-0.309017
4.570000	-0.426903
4.580000	-0.330674
4.590000	-0.576859
4.600000	-0.477048
4.610000	-0.587785
4.620000	-0.696203
4.630000	-0.589441
4.640000	-0.824074
4.650000	-0.711735
4.660000	-0.809017
4.670000	-0.903106
4.680000	-0.781201
4.690000	-0.999933
4.700000	-0.870998
4.710000	-0.951057
4.720000	-1.027362
4.730000	-0.887182
4.740000	-1.087220
4.750000	-0.939248
4.760000	-1.000000
4.770000	-1.056805
4.780000	-0.897009
4.790000	-1.077393
4.800000	-0.909805
4.810000	-0.951057
4.820000	-0.988555
4.830000	-0.809721
4.840000	-0.971412
4.850000	-0.785549
4.860000	-0.809017
4.870000	-0.829292
4.880000	-0.633863
4.890000	-0.779653
4.900000	-0.578645
4.910000	-0.587785
4.920000	-0.594605
4.930000	-0.386648
4.940000	-0.520885
4.950000	-0.309346
4.960000	-0.309017
4.970000	-0.307468
4.980000	-0.092276
4.990000	-0.220439
5.000000	-0.004012
5.010000	0.000000
5.020000	0.004012
5.030000	0.220439
5.040000	0.092276
5.050000	0.307468
5.060000	0.309017
5.070000	0.309346
5.080000	0.520885
5.090000	0.386648
5.100000	0.594605
5.110000	0.587785
5.120000	0.578645
