0 0 -16.000000 -8.000000
1 0 -16.000000 -13.000000
2 0 -16.000000 -16.000000
3 0 -16.000000 -15.000000
4 0 -1.000000 5.000000
5 0 12.000000 3.000000
6 0 10.000000 3.000000
7 0 9.000000 15.000000
8 0 9.000000 15.000000
9 0 2.000000 15.000000
10 0 15.000000 -16.000000
11 0 -16.000000 -16.000000
12 0 9.000000 -2.000000
13 0 3.000000 14.000000
14 0 -3.000000 15.000000
15 0 -8.000000 15.000000
16 0 -16.000000 15.000000
17 0 15.000000 7.000000
18 0 -16.000000 -13.000000
19 0 15.000000 13.000000
20 0 -16.000000 -9.000000
21 0 -16.000000 -16.000000
22 0 6.000000 15.000000
23 0 -16.000000 -16.000000
24 0 15.000000 8.000000
25 0 -16.000000 -16.000000
26 0 -16.000000 -16.000000
27 0 3.000000 12.000000
28 0 -16.000000 -16.000000
0 1 -16.000000 -15.000000
1 1 -16.000000 -10.000000
2 1 -16.000000 -15.000000
3 1 9.000000 2.000000
4 1 -16.000000 -14.000000
5 1 -16.000000 -14.000000
6 1 -15.000000 -16.000000
7 1 10.000000 15.000000
8 1 9.000000 15.000000
9 1 -16.000000 -9.000000
10 1 -16.000000 -13.000000
11 1 -16.000000 -16.000000
12 1 11.000000 -16.000000
13 1 6.000000 5.000000
14 1 -1.000000 6.000000
15 1 -16.000000 -16.000000
16 1 -16.000000 -16.000000
17 1 -16.000000 -12.000000
18 1 -16.000000 -14.000000
19 1 -12.000000 -16.000000
20 1 -16.000000 -16.000000
21 1 -16.000000 -16.000000
22 1 -16.000000 -15.000000
23 1 -16.000000 -16.000000
24 1 15.000000 6.000000
25 1 -16.000000 -15.000000
26 1 -16.000000 -15.000000
27 1 -16.000000 7.000000
28 1 -14.000000 -16.000000
0 2 4.000000 -3.000000
1 2 -14.000000 -12.000000
2 2 6.000000 4.000000
3 2 -16.000000 -6.000000
4 2 -16.000000 -14.000000
5 2 -16.000000 -14.000000
6 2 -16.000000 -14.000000
7 2 10.000000 5.000000
8 2 -12.000000 -16.000000
9 2 -16.000000 -16.000000
10 2 -16.000000 -15.000000
11 2 -16.000000 -16.000000
12 2 -16.000000 -16.000000
13 2 6.000000 -9.000000
14 2 -15.000000 -16.000000
15 2 -16.000000 -16.000000
16 2 -16.000000 -16.000000
17 2 -16.000000 -16.000000
18 2 -7.000000 -11.000000
19 2 -16.000000 -11.000000
20 2 -16.000000 -16.000000
21 2 -8.000000 5.000000
22 2 -16.000000 -16.000000
23 2 9.000000 4.000000
24 2 12.000000 2.000000
25 2 -16.000000 -16.000000
26 2 -15.000000 4.000000
27 2 -16.000000 3.000000
28 2 15.000000 -2.000000
0 3 -16.000000 -7.000000
1 3 -16.000000 -11.000000
2 3 -16.000000 -14.000000
3 3 -16.000000 -12.000000
4 3 -15.000000 6.000000
5 3 -16.000000 -16.000000
6 3 -16.000000 1.000000
7 3 -16.000000 10.000000
8 3 7.000000 15.000000
9 3 -16.000000 -16.000000
10 3 -16.000000 -16.000000
11 3 -16.000000 -16.000000
12 3 -14.000000 -9.000000
13 3 -16.000000 -6.000000
14 3 -16.000000 -5.000000
15 3 -16.000000 -16.000000
16 3 -16.000000 -16.000000
17 3 -16.000000 -16.000000
18 3 5.000000 15.000000
19 3 -16.000000 -16.000000
20 3 -16.000000 15.000000
21 3 -14.000000 15.000000
22 3 -16.000000 -16.000000
23 3 15.000000 -2.000000
24 3 12.000000 1.000000
25 3 -16.000000 -16.000000
26 3 -16.000000 -5.000000
27 3 15.000000 15.000000
28 3 15.000000 -15.000000
0 4 -15.000000 -16.000000
1 4 -16.000000 -11.000000
2 4 -16.000000 -11.000000
3 4 -16.000000 -16.000000
4 4 -16.000000 -8.000000
5 4 -16.000000 -6.000000
6 4 -16.000000 -11.000000
7 4 -16.000000 -7.000000
8 4 -16.000000 3.000000
9 4 6.000000 15.000000
10 4 0.000000 15.000000
11 4 -16.000000 -2.000000
12 4 -15.000000 -15.000000
13 4 10.000000 15.000000
14 4 8.000000 14.000000
15 4 0.000000 11.000000
16 4 -13.000000 9.000000
17 4 -16.000000 -15.000000
18 4 15.000000 -4.000000
19 4 -16.000000 -16.000000
20 4 -16.000000 -16.000000
21 4 -16.000000 -16.000000
22 4 -16.000000 -16.000000
23 4 15.000000 -5.000000
24 4 12.000000 -5.000000
25 4 -16.000000 -16.000000
26 4 -16.000000 -16.000000
27 4 15.000000 7.000000
28 4 -16.000000 -10.000000
0 5 5.000000 10.000000
1 5 -16.000000 -12.000000
2 5 -16.000000 -9.000000
3 5 -16.000000 -11.000000
4 5 -16.000000 -11.000000
5 5 -16.000000 -12.000000
6 5 -16.000000 -11.000000
7 5 -16.000000 -11.000000
8 5 -16.000000 -9.000000
9 5 -13.000000 -13.000000
10 5 0.000000 13.000000
11 5 -5.000000 11.000000
12 5 -16.000000 -11.000000
13 5 8.000000 15.000000
14 5 8.000000 15.000000
15 5 1.000000 13.000000
16 5 -16.000000 -12.000000
17 5 -16.000000 -16.000000
18 5 15.000000 -16.000000
19 5 15.000000 -14.000000
20 5 -16.000000 -16.000000
21 5 -16.000000 -16.000000
22 5 -16.000000 0.000000
23 5 15.000000 9.000000
24 5 9.000000 14.000000
25 5 15.000000 -1.000000
26 5 15.000000 0.000000
27 5 15.000000 0.000000
28 5 -16.000000 -16.000000
0 6 2.000000 -2.000000
1 6 -11.000000 -14.000000
2 6 -16.000000 -6.000000
3 6 -16.000000 -7.000000
4 6 -16.000000 -16.000000
5 6 -14.000000 -13.000000
6 6 -16.000000 -10.000000
7 6 -16.000000 -10.000000
8 6 -16.000000 -10.000000
9 6 -13.000000 -14.000000
10 6 -3.000000 15.000000
11 6 -1.000000 15.000000
12 6 -16.000000 -14.000000
13 6 15.000000 -16.000000
14 6 14.000000 -16.000000
15 6 4.000000 15.000000
16 6 1.000000 15.000000
17 6 9.000000 15.000000
18 6 -16.000000 -16.000000
19 6 15.000000 -12.000000
20 6 -16.000000 -16.000000
21 6 -16.000000 -16.000000
22 6 -16.000000 -13.000000
23 6 -16.000000 -13.000000
24 6 9.000000 2.000000
25 6 4.000000 4.000000
26 6 15.000000 -11.000000
27 6 -11.000000 -16.000000
28 6 -16.000000 -16.000000
0 7 -16.000000 -11.000000
1 7 -8.000000 -16.000000
2 7 -16.000000 -16.000000
3 7 -16.000000 -16.000000
4 7 -15.000000 -8.000000
5 7 -16.000000 -7.000000
6 7 -16.000000 -12.000000
7 7 9.000000 15.000000
8 7 5.000000 15.000000
9 7 -7.000000 15.000000
10 7 -7.000000 -1.000000
11 7 -16.000000 -16.000000
12 7 -16.000000 -16.000000
13 7 14.000000 -5.000000
14 7 11.000000 0.000000
15 7 -16.000000 -16.000000
16 7 0.000000 15.000000
17 7 -16.000000 -16.000000
18 7 -16.000000 -16.000000
19 7 -1.000000 14.000000
20 7 -16.000000 -16.000000
21 7 -16.000000 -14.000000
22 7 15.000000 12.000000
23 7 -16.000000 -16.000000
24 7 11.000000 -8.000000
25 7 4.000000 -4.000000
26 7 -16.000000 -13.000000
27 7 -16.000000 -16.000000
28 7 15.000000 -9.000000
0 8 2.000000 -3.000000
1 8 -10.000000 -2.000000
2 8 -16.000000 -3.000000
3 8 -16.000000 -3.000000
4 8 -15.000000 -9.000000
5 8 -16.000000 -10.000000
6 8 -16.000000 -11.000000
7 8 -16.000000 -12.000000
8 8 -16.000000 -12.000000
9 8 -16.000000 -6.000000
10 8 -16.000000 -4.000000
11 8 -16.000000 -16.000000
12 8 -16.000000 -16.000000
13 8 15.000000 -5.000000
14 8 -16.000000 -16.000000
15 8 -11.000000 13.000000
16 8 -16.000000 -16.000000
17 8 -16.000000 -16.000000
18 8 -16.000000 -16.000000
19 8 -16.000000 -16.000000
20 8 -16.000000 -16.000000
21 8 -16.000000 -16.000000
22 8 15.000000 -3.000000
23 8 -16.000000 -16.000000
24 8 13.000000 -11.000000
25 8 6.000000 -5.000000
26 8 -16.000000 -16.000000
27 8 -16.000000 -16.000000
28 8 -16.000000 -16.000000
0 9 -16.000000 0.000000
1 9 -10.000000 -7.000000
2 9 -16.000000 -8.000000
3 9 -16.000000 -7.000000
4 9 -15.000000 -9.000000
5 9 -16.000000 -9.000000
6 9 -16.000000 -10.000000
7 9 -16.000000 -14.000000
8 9 -16.000000 -15.000000
9 9 -16.000000 -14.000000
10 9 -16.000000 -11.000000
11 9 8.000000 -9.000000
12 9 -16.000000 -16.000000
13 9 15.000000 -5.000000
14 9 15.000000 -4.000000
15 9 -16.000000 -16.000000
16 9 -16.000000 -16.000000
17 9 -16.000000 -16.000000
18 9 -16.000000 -16.000000
19 9 1.000000 -5.000000
20 9 -16.000000 -16.000000
21 9 -16.000000 -16.000000
22 9 -16.000000 -16.000000
23 9 15.000000 -16.000000
24 9 15.000000 -16.000000
25 9 -16.000000 -16.000000
26 9 -16.000000 -16.000000
27 9 -16.000000 -16.000000
28 9 -16.000000 -16.000000
0 10 -16.000000 -7.000000
1 10 -16.000000 -7.000000
2 10 -16.000000 -9.000000
3 10 -16.000000 -8.000000
4 10 -16.000000 -9.000000
5 10 -16.000000 -9.000000
6 10 -16.000000 -9.000000
7 10 -16.000000 -11.000000
8 10 -16.000000 -10.000000
9 10 -16.000000 -11.000000
10 10 -16.000000 -14.000000
11 10 -12.000000 10.000000
12 10 13.000000 15.000000
13 10 6.000000 15.000000
14 10 5.000000 15.000000
15 10 -16.000000 -16.000000
16 10 -16.000000 -16.000000
17 10 -16.000000 -16.000000
18 10 15.000000 -7.000000
19 10 -3.000000 -16.000000
20 10 -16.000000 -16.000000
21 10 -16.000000 -16.000000
22 10 -16.000000 -16.000000
23 10 9.000000 15.000000
24 10 11.000000 15.000000
25 10 -16.000000 -16.000000
26 10 -16.000000 -16.000000
27 10 -16.000000 -16.000000
28 10 -16.000000 -16.000000
0 11 -16.000000 -7.000000
1 11 -16.000000 -8.000000
2 11 -16.000000 -8.000000
3 11 -14.000000 -8.000000
4 11 -16.000000 -5.000000
5 11 -16.000000 8.000000
6 11 -13.000000 6.000000
7 11 -16.000000 -10.000000
8 11 -16.000000 -12.000000
9 11 -16.000000 -13.000000
10 11 -16.000000 -13.000000
11 11 -16.000000 -6.000000
12 11 -3.000000 10.000000
13 11 -15.000000 9.000000
14 11 -16.000000 -16.000000
15 11 -16.000000 -16.000000
16 11 -16.000000 -16.000000
17 11 -16.000000 -16.000000
18 11 0.000000 -16.000000
19 11 -2.000000 -16.000000
20 11 9.000000 15.000000
21 11 4.000000 15.000000
22 11 -16.000000 -16.000000
23 11 7.000000 15.000000
24 11 9.000000 15.000000
25 11 -16.000000 -16.000000
26 11 -16.000000 -16.000000
27 11 -3.000000 2.000000
28 11 -10.000000 -16.000000
0 12 -16.000000 -5.000000
1 12 -16.000000 -7.000000
2 12 -16.000000 -8.000000
3 12 -16.000000 -10.000000
4 12 -16.000000 -16.000000
5 12 -16.000000 -10.000000
6 12 -16.000000 -10.000000
7 12 -16.000000 -13.000000
8 12 -16.000000 -12.000000
9 12 -16.000000 -14.000000
10 12 -16.000000 -16.000000
11 12 -16.000000 -14.000000
12 12 -16.000000 -8.000000
13 12 -16.000000 -3.000000
14 12 -16.000000 -16.000000
15 12 -16.000000 -16.000000
16 12 -16.000000 -16.000000
17 12 5.000000 -16.000000
18 12 -3.000000 -11.000000
19 12 -14.000000 -13.000000
20 12 -16.000000 -16.000000
21 12 -16.000000 -16.000000
22 12 9.000000 11.000000
23 12 9.000000 13.000000
24 12 6.000000 15.000000
25 12 14.000000 -7.000000
26 12 10.000000 -8.000000
27 12 -3.000000 -8.000000
28 12 -16.000000 9.000000
0 13 -16.000000 -9.000000
1 13 -16.000000 -6.000000
2 13 -14.000000 -7.000000
3 13 -16.000000 -7.000000
4 13 -16.000000 -6.000000
5 13 -16.000000 -16.000000
6 13 -16.000000 -16.000000
7 13 -16.000000 -2.000000
8 13 -15.000000 -12.000000
9 13 -16.000000 -11.000000
10 13 -16.000000 -11.000000
11 13 -16.000000 -14.000000
12 13 -16.000000 -16.000000
13 13 -16.000000 -14.000000
14 13 -16.000000 -14.000000
15 13 -16.000000 -13.000000
16 13 -16.000000 -16.000000
17 13 11.000000 -16.000000
18 13 -3.000000 -16.000000
19 13 -16.000000 -16.000000
20 13 15.000000 4.000000
21 13 -16.000000 -16.000000
22 13 -16.000000 14.000000
23 13 10.000000 15.000000
24 13 7.000000 15.000000
25 13 4.000000 15.000000
26 13 10.000000 -9.000000
27 13 13.000000 -11.000000
28 13 13.000000 -9.000000
0 14 -16.000000 -1.000000
1 14 -16.000000 -7.000000
2 14 -16.000000 -7.000000
3 14 -16.000000 -7.000000
4 14 -16.000000 -8.000000
5 14 -16.000000 -9.000000
6 14 -13.000000 -10.000000
7 14 -16.000000 -10.000000
8 14 -16.000000 -10.000000
9 14 -14.000000 -13.000000
10 14 -16.000000 -13.000000
11 14 -13.000000 15.000000
12 14 15.000000 -16.000000
13 14 -16.000000 -15.000000
14 14 -16.000000 -16.000000
15 14 -16.000000 -16.000000
16 14 -16.000000 -16.000000
17 14 7.000000 -16.000000
18 14 -7.000000 -16.000000
19 14 15.000000 4.000000
20 14 13.000000 6.000000
21 14 8.000000 15.000000
22 14 8.000000 15.000000
23 14 8.000000 15.000000
24 14 -15.000000 -16.000000
25 14 15.000000 -15.000000
26 14 9.000000 -12.000000
27 14 12.000000 -11.000000
28 14 -14.000000 -16.000000
0 15 -16.000000 -6.000000
1 15 -16.000000 -7.000000
2 15 -16.000000 -7.000000
3 15 -15.000000 -6.000000
4 15 -16.000000 -10.000000
5 15 -16.000000 -16.000000
6 15 -16.000000 -10.000000
7 15 -16.000000 -9.000000
8 15 -15.000000 -10.000000
9 15 -16.000000 -13.000000
10 15 -16.000000 -13.000000
11 15 -16.000000 -14.000000
12 15 -16.000000 15.000000
13 15 -16.000000 13.000000
14 15 -16.000000 -15.000000
15 15 -16.000000 -16.000000
16 15 0.000000 0.000000
17 15 8.000000 -16.000000
18 15 -5.000000 -16.000000
19 15 15.000000 1.000000
20 15 -16.000000 -14.000000
21 15 -16.000000 -16.000000
22 15 7.000000 -16.000000
23 15 15.000000 8.000000
24 15 -13.000000 -16.000000
25 15 15.000000 -16.000000
26 15 -16.000000 9.000000
27 15 -3.000000 10.000000
28 15 -14.000000 -16.000000
0 16 -16.000000 -9.000000
1 16 -16.000000 -9.000000
2 16 -15.000000 -8.000000
3 16 -15.000000 -8.000000
4 16 -16.000000 -6.000000
5 16 -14.000000 -4.000000
6 16 -15.000000 -14.000000
7 16 -15.000000 -10.000000
8 16 -14.000000 -11.000000
9 16 -16.000000 -13.000000
10 16 15.000000 10.000000
11 16 -15.000000 -13.000000
12 16 -15.000000 -12.000000
13 16 -14.000000 -14.000000
14 16 -16.000000 -15.000000
15 16 -14.000000 -16.000000
16 16 -14.000000 -16.000000
17 16 0.000000 0.000000
18 16 15.000000 -16.000000
19 16 15.000000 -8.000000
20 16 -11.000000 -16.000000
21 16 -16.000000 -16.000000
22 16 -16.000000 -14.000000
23 16 -16.000000 -16.000000
24 16 -16.000000 -16.000000
25 16 -16.000000 -16.000000
26 16 -16.000000 -16.000000
27 16 -11.000000 -16.000000
28 16 -6.000000 -16.000000
0 17 -16.000000 -7.000000
1 17 -15.000000 -7.000000
2 17 -15.000000 -8.000000
3 17 -15.000000 -8.000000
4 17 -14.000000 -13.000000
5 17 -13.000000 -10.000000
6 17 -16.000000 -6.000000
7 17 -11.000000 -11.000000
8 17 -14.000000 -11.000000
9 17 -14.000000 -12.000000
10 17 -14.000000 -12.000000
11 17 -13.000000 -12.000000
12 17 -15.000000 -13.000000
13 17 -16.000000 -16.000000
14 17 -9.000000 -16.000000
15 17 -14.000000 -16.000000
16 17 -14.000000 -16.000000
17 17 -14.000000 -7.000000
18 17 -12.000000 -3.000000
19 17 0.000000 0.000000
20 17 15.000000 -16.000000
21 17 15.000000 -16.000000
22 17 -1.000000 -16.000000
23 17 -1.000000 15.000000
24 17 -1.000000 15.000000
25 17 -16.000000 -16.000000
26 17 -16.000000 -16.000000
27 17 -2.000000 -16.000000
28 17 -16.000000 -16.000000
0 18 -15.000000 -9.000000
1 18 -15.000000 -8.000000
2 18 -15.000000 -8.000000
3 18 -16.000000 -8.000000
4 18 -14.000000 -9.000000
5 18 -11.000000 -9.000000
6 18 -16.000000 -9.000000
7 18 -9.000000 -13.000000
8 18 -14.000000 -11.000000
9 18 -14.000000 -11.000000
10 18 -14.000000 -13.000000
11 18 -11.000000 -15.000000
12 18 -12.000000 -13.000000
13 18 -16.000000 -11.000000
14 18 -12.000000 -14.000000
15 18 -14.000000 -16.000000
16 18 -13.000000 -16.000000
17 18 -11.000000 -16.000000
18 18 -13.000000 -15.000000
19 18 -16.000000 10.000000
20 18 0.000000 0.000000
21 18 11.000000 15.000000
22 18 12.000000 1.000000
23 18 -16.000000 -6.000000
24 18 -2.000000 8.000000
25 18 -16.000000 -16.000000
26 18 -15.000000 -16.000000
27 18 -2.000000 -16.000000
28 18 -16.000000 -16.000000
0 19 -12.000000 3.000000
1 19 -15.000000 -8.000000
2 19 -15.000000 -8.000000
3 19 -15.000000 -9.000000
4 19 -14.000000 -9.000000
5 19 -13.000000 -9.000000
6 19 -16.000000 -14.000000
7 19 -2.000000 -12.000000
8 19 -12.000000 -12.000000
9 19 -13.000000 -13.000000
10 19 -13.000000 -15.000000
11 19 -13.000000 -16.000000
12 19 -10.000000 -16.000000
13 19 -12.000000 -16.000000
14 19 -12.000000 -16.000000
15 19 -13.000000 -16.000000
16 19 -13.000000 -16.000000
17 19 -9.000000 -16.000000
18 19 -7.000000 -16.000000
19 19 -16.000000 3.000000
20 19 1.000000 -12.000000
21 19 -10.000000 -12.000000
22 19 -11.000000 -16.000000
23 19 15.000000 -7.000000
24 19 -3.000000 7.000000
25 19 -16.000000 15.000000
26 19 -6.000000 -16.000000
27 19 -12.000000 -16.000000
28 19 -16.000000 -16.000000
0 20 -12.000000 -9.000000
1 20 -15.000000 -8.000000
2 20 -15.000000 -8.000000
3 20 -14.000000 -11.000000
4 20 15.000000 -9.000000
5 20 -12.000000 -12.000000
6 20 -12.000000 -11.000000
7 20 -16.000000 -7.000000
8 20 -12.000000 -12.000000
9 20 -13.000000 -12.000000
10 20 -12.000000 12.000000
11 20 -12.000000 -13.000000
12 20 15.000000 15.000000
13 20 1.000000 -6.000000
14 20 -12.000000 -16.000000
15 20 -12.000000 -15.000000
16 20 -13.000000 -14.000000
17 20 -11.000000 -16.000000
18 20 -10.000000 -16.000000
19 20 -16.000000 -16.000000
20 20 -10.000000 3.000000
21 20 -15.000000 -16.000000
22 20 10.000000 15.000000
23 20 -12.000000 -16.000000
24 20 15.000000 -9.000000
25 20 -16.000000 15.000000
26 20 10.000000 -16.000000
27 20 -13.000000 -16.000000
28 20 -16.000000 -16.000000
0 21 -7.000000 -12.000000
1 21 -14.000000 -10.000000
2 21 -14.000000 -9.000000
3 21 -14.000000 -11.000000
4 21 -12.000000 -14.000000
5 21 -13.000000 -12.000000
6 21 -11.000000 -12.000000
7 21 -14.000000 -10.000000
8 21 -11.000000 -9.000000
9 21 -9.000000 -14.000000
10 21 -10.000000 -13.000000
11 21 -4.000000 3.000000
12 21 -11.000000 -7.000000
13 21 -6.000000 -16.000000
14 21 -10.000000 -16.000000
15 21 -11.000000 -16.000000
16 21 -12.000000 -16.000000
17 21 -12.000000 -16.000000
18 21 -10.000000 -16.000000
19 21 -16.000000 -16.000000
20 21 -6.000000 -14.000000
21 21 -15.000000 -16.000000
22 21 -16.000000 2.000000
23 21 -12.000000 -16.000000
24 21 -3.000000 -16.000000
25 21 -7.000000 -16.000000
26 21 10.000000 -13.000000
27 21 15.000000 -7.000000
28 21 -15.000000 -16.000000
0 22 -2.000000 13.000000
1 22 -13.000000 -9.000000
2 22 -13.000000 -10.000000
3 22 -15.000000 -5.000000
4 22 -13.000000 -4.000000
5 22 -13.000000 -11.000000
6 22 -11.000000 -12.000000
7 22 -10.000000 -15.000000
8 22 -10.000000 -15.000000
9 22 -14.000000 -12.000000
10 22 -10.000000 -14.000000
11 22 -10.000000 -15.000000
12 22 -11.000000 -12.000000
13 22 -9.000000 -16.000000
14 22 -7.000000 -16.000000
15 22 -11.000000 -15.000000
16 22 -12.000000 -16.000000
17 22 -12.000000 -16.000000
18 22 -9.000000 -16.000000
19 22 -16.000000 -16.000000
20 22 15.000000 15.000000
21 22 -13.000000 -16.000000
22 22 -12.000000 -16.000000
23 22 -16.000000 -16.000000
24 22 -11.000000 -15.000000
25 22 -16.000000 -15.000000
26 22 15.000000 -4.000000
27 22 15.000000 -5.000000
28 22 15.000000 -7.000000
0 23 -12.000000 -6.000000
1 23 -16.000000 -15.000000
2 23 -3.000000 -16.000000
3 23 -12.000000 -16.000000
4 23 -13.000000 -16.000000
5 23 -16.000000 -16.000000
6 23 -5.000000 -15.000000
7 23 -10.000000 -13.000000
8 23 -10.000000 -13.000000
9 23 -10.000000 -13.000000
10 23 -9.000000 -7.000000
11 23 1.000000 9.000000
12 23 -5.000000 -16.000000
13 23 -12.000000 -12.000000
14 23 -7.000000 -14.000000
15 23 -10.000000 -16.000000
16 23 -10.000000 -16.000000
17 23 -10.000000 -16.000000
18 23 -15.000000 -16.000000
19 23 -16.000000 -16.000000
20 23 -8.000000 -16.000000
21 23 -11.000000 -16.000000
22 23 -12.000000 -16.000000
23 23 -12.000000 -16.000000
24 23 -12.000000 -16.000000
25 23 -15.000000 -16.000000
26 23 -15.000000 -16.000000
27 23 -16.000000 -16.000000
28 23 15.000000 -11.000000
0 24 -16.000000 -16.000000
1 24 -16.000000 -15.000000
2 24 -10.000000 -7.000000
3 24 -13.000000 -8.000000
4 24 -16.000000 -7.000000
5 24 -16.000000 -16.000000
6 24 -4.000000 -16.000000
7 24 -9.000000 -16.000000
8 24 -7.000000 -15.000000
9 24 -10.000000 -15.000000
10 24 -9.000000 -15.000000
11 24 10.000000 15.000000
12 24 -1.000000 -16.000000
13 24 -8.000000 -16.000000
14 24 -11.000000 -16.000000
15 24 -8.000000 -16.000000
16 24 -8.000000 -16.000000
17 24 -14.000000 -16.000000
18 24 -16.000000 -16.000000
19 24 -8.000000 -12.000000
20 24 -11.000000 -16.000000
21 24 -11.000000 -16.000000
22 24 -7.000000 -16.000000
23 24 -13.000000 -16.000000
24 24 -12.000000 -16.000000
25 24 -13.000000 -16.000000
26 24 -15.000000 -16.000000
27 24 -12.000000 8.000000
28 24 -13.000000 10.000000
0 25 -16.000000 -16.000000
1 25 -16.000000 -16.000000
2 25 -10.000000 -12.000000
3 25 -13.000000 -12.000000
4 25 -16.000000 -12.000000
5 25 4.000000 -9.000000
6 25 -5.000000 -9.000000
7 25 -10.000000 -9.000000
8 25 14.000000 6.000000
9 25 -10.000000 -14.000000
10 25 -8.000000 -15.000000
11 25 -8.000000 -15.000000
12 25 -15.000000 -10.000000
13 25 -5.000000 -15.000000
14 25 -8.000000 -14.000000
15 25 -8.000000 -16.000000
16 25 3.000000 15.000000
17 25 -8.000000 -3.000000
18 25 2.000000 -16.000000
19 25 -7.000000 -16.000000
20 25 -9.000000 -16.000000
21 25 -10.000000 -16.000000
22 25 -9.000000 -16.000000
23 25 -13.000000 2.000000
24 25 -10.000000 -16.000000
25 25 -14.000000 -16.000000
26 25 -16.000000 -16.000000
27 25 -14.000000 -16.000000
28 25 -12.000000 9.000000
0 26 1.000000 15.000000
1 26 1.000000 -16.000000
2 26 -10.000000 -16.000000
3 26 -13.000000 -15.000000
4 26 -14.000000 -15.000000
5 26 0.000000 -14.000000
6 26 -10.000000 -14.000000
7 26 -8.000000 -14.000000
8 26 -9.000000 -14.000000
9 26 -8.000000 -14.000000
10 26 9.000000 15.000000
11 26 -5.000000 -16.000000
12 26 -6.000000 -16.000000
13 26 -7.000000 -16.000000
14 26 -8.000000 -16.000000
15 26 -7.000000 -16.000000
16 26 -6.000000 -16.000000
17 26 -8.000000 -15.000000
18 26 -16.000000 -15.000000
19 26 -7.000000 -16.000000
20 26 -8.000000 -16.000000
21 26 -9.000000 -16.000000
22 26 -9.000000 -16.000000
23 26 -13.000000 -15.000000
24 26 -10.000000 -16.000000
25 26 -16.000000 -14.000000
26 26 -16.000000 -13.000000
27 26 -14.000000 -16.000000
28 26 -15.000000 -16.000000
0 27 -16.000000 -14.000000
1 27 -16.000000 -4.000000
2 27 -7.000000 15.000000
3 27 -12.000000 -14.000000
4 27 -12.000000 -14.000000
5 27 -8.000000 -15.000000
6 27 -10.000000 -14.000000
7 27 -9.000000 -14.000000
8 27 -9.000000 -14.000000
9 27 -8.000000 -15.000000
10 27 -6.000000 -9.000000
11 27 -12.000000 -14.000000
12 27 2.000000 -3.000000
13 27 -7.000000 -16.000000
14 27 -9.000000 -16.000000
15 27 -4.000000 -16.000000
16 27 -10.000000 -16.000000
17 27 -5.000000 -16.000000
18 27 -13.000000 -16.000000
19 27 10.000000 -16.000000
20 27 15.000000 5.000000
21 27 -8.000000 -16.000000
22 27 -10.000000 -16.000000
23 27 -12.000000 -16.000000
24 27 -12.000000 -16.000000
25 27 -12.000000 -16.000000
26 27 -12.000000 -16.000000
27 27 -13.000000 -16.000000
28 27 -16.000000 -16.000000
0 28 15.000000 0.000000
1 28 -9.000000 -16.000000
2 28 -16.000000 -10.000000
3 28 -9.000000 -10.000000
4 28 -9.000000 -12.000000
5 28 -10.000000 -15.000000
6 28 -11.000000 -15.000000
7 28 5.000000 -16.000000
8 28 -7.000000 -16.000000
9 28 -8.000000 -15.000000
10 28 -7.000000 -15.000000
11 28 -11.000000 -14.000000
12 28 -8.000000 8.000000
13 28 -5.000000 -16.000000
14 28 -8.000000 -16.000000
15 28 -12.000000 -16.000000
16 28 -7.000000 -16.000000
17 28 -5.000000 -15.000000
18 28 -9.000000 -16.000000
19 28 -16.000000 -4.000000
20 28 10.000000 -7.000000
21 28 -4.000000 -16.000000
22 28 -13.000000 -16.000000
23 28 -11.000000 -16.000000
24 28 -11.000000 -16.000000
25 28 -11.000000 4.000000
26 28 -12.000000 3.000000
27 28 -14.000000 -16.000000
28 28 -15.000000 -16.000000
