0 0 1.500000 0.500000
1 0 1.500000 0.500000
2 0 1.500000 -0.500000
3 0 1.500000 -0.500000
4 0 2.500000 -1.500000
5 0 1.500000 -2.500000
6 0 3.500000 -0.500000
7 0 2.500000 0.500000
8 0 3.500000 1.500000
9 0 4.500000 0.500000
10 0 3.500000 -4.500000
11 0 3.500000 -0.500000
12 0 4.500000 0.500000
13 0 4.500000 0.500000
14 0 4.500000 0.500000
15 0 4.500000 0.500000
16 0 4.500000 0.500000
17 0 3.500000 0.500000
18 0 3.500000 -1.500000
19 0 4.500000 0.500000
20 0 3.500000 0.500000
21 0 3.500000 1.500000
22 0 3.500000 0.500000
23 0 2.500000 -0.500000
24 0 1.500000 1.500000
25 0 0.500000 0.500000
26 0 3.500000 0.500000
27 0 1.500000 1.500000
28 0 1.500000 2.500000
0 1 0.500000 -0.500000
1 1 2.500000 -0.500000
2 1 1.500000 -0.500000
3 1 0.500000 -0.500000
4 1 -15.500000 -9.500000
5 1 3.500000 -0.500000
6 1 2.500000 -0.500000
7 1 3.500000 -0.500000
8 1 3.500000 -0.500000
9 1 3.500000 -0.500000
10 1 4.500000 1.500000
11 1 4.500000 0.500000
12 1 1.500000 0.500000
13 1 5.500000 0.500000
14 1 5.500000 0.500000
15 1 4.500000 0.500000
16 1 4.500000 0.500000
17 1 1.500000 0.500000
18 1 -15.500000 2.500000
19 1 5.500000 1.500000
20 1 3.500000 1.500000
21 1 5.500000 -6.500000
22 1 3.500000 0.500000
23 1 2.500000 1.500000
24 1 2.500000 1.500000
25 1 2.500000 2.500000
26 1 2.500000 1.500000
27 1 1.500000 1.500000
28 1 1.500000 1.500000
0 2 1.500000 -0.500000
1 2 0.500000 -1.500000
2 2 2.500000 -0.500000
3 2 1.500000 -0.500000
4 2 2.500000 -1.500000
5 2 2.500000 -0.500000
6 2 2.500000 -0.500000
7 2 3.500000 -0.500000
8 2 3.500000 -0.500000
9 2 3.500000 -0.500000
10 2 3.500000 -0.500000
11 2 4.500000 0.500000
12 2 2.500000 0.500000
13 2 4.500000 0.500000
14 2 4.500000 0.500000
15 2 3.500000 -0.500000
16 2 5.500000 -2.500000
17 2 4.500000 0.500000
18 2 3.500000 1.500000
19 2 3.500000 1.500000
20 2 3.500000 0.500000
21 2 2.500000 2.500000
22 2 2.500000 1.500000
23 2 2.500000 1.500000
24 2 2.500000 1.500000
25 2 2.500000 1.500000
26 2 1.500000 2.500000
27 2 1.500000 2.500000
28 2 1.500000 1.500000
0 3 1.500000 -1.500000
1 3 1.500000 -1.500000
2 3 1.500000 -0.500000
3 3 1.500000 -1.500000
4 3 15.500000 -15.500000
5 3 2.500000 -1.500000
6 3 2.500000 -0.500000
7 3 2.500000 -0.500000
8 3 3.500000 -0.500000
9 3 3.500000 -0.500000
10 3 4.500000 -1.500000
11 3 3.500000 -0.500000
12 3 3.500000 0.500000
13 3 4.500000 0.500000
14 3 3.500000 0.500000
15 3 3.500000 1.500000
16 3 2.500000 1.500000
17 3 -1.500000 -15.500000
18 3 7.500000 -0.500000
19 3 2.500000 1.500000
20 3 3.500000 1.500000
21 3 3.500000 1.500000
22 3 2.500000 1.500000
23 3 1.500000 2.500000
24 3 2.500000 1.500000
25 3 2.500000 2.500000
26 3 1.500000 2.500000
27 3 1.500000 1.500000
28 3 0.500000 2.500000
0 4 2.500000 -1.500000
1 4 1.500000 -2.500000
2 4 1.500000 -1.500000
3 4 2.500000 -1.500000
4 4 1.500000 -0.500000
5 4 2.500000 -1.500000
6 4 3.500000 -2.500000
7 4 3.500000 -0.500000
8 4 3.500000 -0.500000
9 4 3.500000 -0.500000
10 4 3.500000 -0.500000
11 4 3.500000 -0.500000
12 4 3.500000 0.500000
13 4 4.500000 0.500000
14 4 3.500000 0.500000
15 4 3.500000 0.500000
16 4 2.500000 0.500000
17 4 -12.500000 7.500000
18 4 6.500000 0.500000
19 4 2.500000 3.500000
20 4 3.500000 3.500000
21 4 2.500000 2.500000
22 4 2.500000 1.500000
23 4 2.500000 1.500000
24 4 2.500000 1.500000
25 4 2.500000 2.500000
26 4 1.500000 2.500000
27 4 1.500000 2.500000
28 4 0.500000 2.500000
0 5 1.500000 -1.500000
1 5 1.500000 -1.500000
2 5 1.500000 -2.500000
3 5 1.500000 -1.500000
4 5 2.500000 -2.500000
5 5 2.500000 -1.500000
6 5 2.500000 -1.500000
7 5 4.500000 -0.500000
8 5 3.500000 -0.500000
9 5 3.500000 -0.500000
10 5 3.500000 -0.500000
11 5 3.500000 -0.500000
12 5 3.500000 -1.500000
13 5 3.500000 0.500000
14 5 3.500000 0.500000
15 5 3.500000 0.500000
16 5 3.500000 1.500000
17 5 -7.500000 13.500000
18 5 3.500000 1.500000
19 5 2.500000 1.500000
20 5 2.500000 1.500000
21 5 2.500000 1.500000
22 5 2.500000 1.500000
23 5 3.500000 2.500000
24 5 2.500000 2.500000
25 5 1.500000 2.500000
26 5 1.500000 2.500000
27 5 1.500000 2.500000
28 5 0.500000 2.500000
0 6 1.500000 -2.500000
1 6 1.500000 -2.500000
2 6 1.500000 -2.500000
3 6 1.500000 -1.500000
4 6 2.500000 -1.500000
5 6 2.500000 -1.500000
6 6 2.500000 -1.500000
7 6 2.500000 -1.500000
8 6 2.500000 -1.500000
9 6 3.500000 -1.500000
10 6 3.500000 -0.500000
11 6 3.500000 -0.500000
12 6 4.500000 -1.500000
13 6 2.500000 0.500000
14 6 2.500000 0.500000
15 6 3.500000 0.500000
16 6 3.500000 1.500000
17 6 3.500000 1.500000
18 6 3.500000 1.500000
19 6 2.500000 1.500000
20 6 2.500000 2.500000
21 6 2.500000 2.500000
22 6 3.500000 3.500000
23 6 2.500000 3.500000
24 6 1.500000 1.500000
25 6 1.500000 2.500000
26 6 1.500000 3.500000
27 6 1.500000 3.500000
28 6 1.500000 3.500000
0 7 1.500000 -2.500000
1 7 1.500000 -2.500000
2 7 1.500000 -2.500000
3 7 1.500000 -2.500000
4 7 1.500000 -2.500000
5 7 2.500000 -1.500000
6 7 2.500000 -1.500000
7 7 2.500000 -1.500000
8 7 2.500000 -0.500000
9 7 3.500000 -0.500000
10 7 2.500000 -0.500000
11 7 2.500000 -0.500000
12 7 15.500000 -15.500000
13 7 3.500000 0.500000
14 7 3.500000 0.500000
15 7 3.500000 0.500000
16 7 3.500000 1.500000
17 7 3.500000 1.500000
18 7 2.500000 1.500000
19 7 3.500000 1.500000
20 7 2.500000 1.500000
21 7 2.500000 2.500000
22 7 2.500000 2.500000
23 7 1.500000 3.500000
24 7 -3.500000 7.500000
25 7 1.500000 3.500000
26 7 1.500000 3.500000
27 7 1.500000 3.500000
28 7 8.500000 3.500000
0 8 2.500000 -2.500000
1 8 1.500000 -2.500000
2 8 0.500000 -2.500000
3 8 2.500000 -2.500000
4 8 1.500000 -2.500000
5 8 1.500000 -2.500000
6 8 2.500000 -1.500000
7 8 1.500000 -0.500000
8 8 3.500000 -1.500000
9 8 2.500000 -0.500000
10 8 2.500000 -0.500000
11 8 2.500000 -0.500000
12 8 2.500000 0.500000
13 8 3.500000 -1.500000
14 8 3.500000 0.500000
15 8 2.500000 0.500000
16 8 2.500000 1.500000
17 8 2.500000 0.500000
18 8 1.500000 -0.500000
19 8 2.500000 2.500000
20 8 2.500000 2.500000
21 8 2.500000 2.500000
22 8 2.500000 2.500000
23 8 1.500000 3.500000
24 8 -0.500000 3.500000
25 8 1.500000 5.500000
26 8 11.500000 15.500000
27 8 1.500000 5.500000
28 8 -1.500000 7.500000
0 9 1.500000 -2.500000
1 9 1.500000 -2.500000
2 9 0.500000 -2.500000
3 9 2.500000 -2.500000
4 9 1.500000 -2.500000
5 9 1.500000 -2.500000
6 9 1.500000 -2.500000
7 9 1.500000 -1.500000
8 9 1.500000 -1.500000
9 9 2.500000 -0.500000
10 9 2.500000 -1.500000
11 9 1.500000 -0.500000
12 9 -4.500000 -0.500000
13 9 8.500000 1.500000
14 9 2.500000 0.500000
15 9 2.500000 0.500000
16 9 2.500000 1.500000
17 9 2.500000 1.500000
18 9 2.500000 2.500000
19 9 2.500000 2.500000
20 9 1.500000 2.500000
21 9 1.500000 2.500000
22 9 2.500000 2.500000
23 9 1.500000 2.500000
24 9 1.500000 5.500000
25 9 1.500000 6.500000
26 9 2.500000 4.500000
27 9 1.500000 3.500000
28 9 -0.500000 4.500000
0 10 0.500000 -2.500000
1 10 -13.500000 -13.500000
2 10 0.500000 -3.500000
3 10 1.500000 -2.500000
4 10 2.500000 -2.500000
5 10 1.500000 -2.500000
6 10 -11.500000 -3.500000
7 10 3.500000 -1.500000
8 10 -0.500000 -1.500000
9 10 0.500000 -0.500000
10 10 1.500000 -0.500000
11 10 1.500000 -0.500000
12 10 1.500000 0.500000
13 10 6.500000 1.500000
14 10 1.500000 0.500000
15 10 2.500000 0.500000
16 10 1.500000 1.500000
17 10 1.500000 1.500000
18 10 2.500000 1.500000
19 10 2.500000 2.500000
20 10 1.500000 3.500000
21 10 2.500000 3.500000
22 10 1.500000 3.500000
23 10 1.500000 4.500000
24 10 1.500000 3.500000
25 10 1.500000 3.500000
26 10 1.500000 3.500000
27 10 1.500000 3.500000
28 10 -0.500000 3.500000
0 11 0.500000 -3.500000
1 11 0.500000 -3.500000
2 11 1.500000 -2.500000
3 11 1.500000 -2.500000
4 11 1.500000 -2.500000
5 11 1.500000 -2.500000
6 11 -0.500000 -1.500000
7 11 2.500000 -1.500000
8 11 -3.500000 -1.500000
9 11 1.500000 -0.500000
10 11 1.500000 -0.500000
11 11 1.500000 -0.500000
12 11 1.500000 0.500000
13 11 1.500000 0.500000
14 11 1.500000 0.500000
15 11 2.500000 0.500000
16 11 1.500000 1.500000
17 11 -0.500000 2.500000
18 11 1.500000 5.500000
19 11 1.500000 4.500000
20 11 3.500000 2.500000
21 11 1.500000 2.500000
22 11 0.500000 2.500000
23 11 1.500000 3.500000
24 11 0.500000 3.500000
25 11 1.500000 3.500000
26 11 1.500000 3.500000
27 11 7.500000 -10.500000
28 11 0.500000 4.500000
0 12 -0.500000 -1.500000
1 12 -1.500000 -5.500000
2 12 1.500000 -3.500000
3 12 1.500000 -3.500000
4 12 0.500000 -2.500000
5 12 0.500000 -2.500000
6 12 2.500000 -6.500000
7 12 1.500000 -4.500000
8 12 -0.500000 -3.500000
9 12 4.500000 -10.500000
10 12 1.500000 -0.500000
11 12 1.500000 -0.500000
12 12 1.500000 -0.500000
13 12 1.500000 0.500000
14 12 1.500000 0.500000
15 12 3.500000 0.500000
16 12 1.500000 0.500000
17 12 0.500000 0.500000
18 12 1.500000 2.500000
19 12 0.500000 2.500000
20 12 3.500000 0.500000
21 12 1.500000 2.500000
22 12 -2.500000 4.500000
23 12 2.500000 3.500000
24 12 0.500000 3.500000
25 12 1.500000 3.500000
26 12 0.500000 4.500000
27 12 1.500000 4.500000
28 12 0.500000 4.500000
0 13 1.500000 -5.500000
1 13 -5.500000 5.500000
2 13 1.500000 -4.500000
3 13 1.500000 -3.500000
4 13 0.500000 -2.500000
5 13 0.500000 -2.500000
6 13 0.500000 -2.500000
7 13 0.500000 -2.500000
8 13 0.500000 -1.500000
9 13 15.500000 -15.500000
10 13 1.500000 -1.500000
11 13 1.500000 -0.500000
12 13 0.500000 -0.500000
13 13 0.500000 0.500000
14 13 -0.500000 -0.500000
15 13 1.500000 2.500000
16 13 0.500000 1.500000
17 13 2.500000 2.500000
18 13 0.500000 2.500000
19 13 1.500000 2.500000
20 13 0.500000 6.500000
21 13 0.500000 3.500000
22 13 0.500000 3.500000
23 13 0.500000 3.500000
24 13 0.500000 3.500000
25 13 0.500000 4.500000
26 13 0.500000 4.500000
27 13 0.500000 3.500000
28 13 0.500000 3.500000
0 14 2.500000 -2.500000
1 14 -2.500000 -3.500000
2 14 -0.500000 -1.500000
3 14 1.500000 -3.500000
4 14 0.500000 -2.500000
5 14 0.500000 -2.500000
6 14 0.500000 -2.500000
7 14 0.500000 -2.500000
8 14 0.500000 -1.500000
9 14 0.500000 -1.500000
10 14 0.500000 -1.500000
11 14 0.500000 -0.500000
12 14 0.500000 -0.500000
13 14 0.500000 0.500000
14 14 0.500000 0.500000
15 14 0.500000 0.500000
16 14 0.500000 1.500000
17 14 0.500000 1.500000
18 14 0.500000 2.500000
19 14 0.500000 2.500000
20 14 -0.500000 2.500000
21 14 0.500000 3.500000
22 14 0.500000 3.500000
23 14 0.500000 3.500000
24 14 0.500000 3.500000
25 14 0.500000 3.500000
26 14 0.500000 3.500000
27 14 0.500000 4.500000
28 14 0.500000 4.500000
0 15 0.500000 -2.500000
1 15 0.500000 -3.500000
2 15 -2.500000 -1.500000
3 15 0.500000 -3.500000
4 15 0.500000 -2.500000
5 15 -0.500000 -2.500000
6 15 15.500000 -14.500000
7 15 0.500000 -2.500000
8 15 0.500000 -1.500000
9 15 0.500000 -1.500000
10 15 0.500000 -1.500000
11 15 0.500000 -0.500000
12 15 0.500000 -0.500000
13 15 0.500000 0.500000
14 15 0.500000 0.500000
15 15 0.500000 0.500000
16 15 0.500000 1.500000
17 15 0.500000 1.500000
18 15 -0.500000 2.500000
19 15 0.500000 2.500000
20 15 0.500000 3.500000
21 15 0.500000 3.500000
22 15 0.500000 3.500000
23 15 1.500000 3.500000
24 15 0.500000 3.500000
25 15 -0.500000 3.500000
26 15 1.500000 4.500000
27 15 0.500000 4.500000
28 15 0.500000 4.500000
0 16 0.500000 -3.500000
1 16 0.500000 -3.500000
2 16 -1.500000 -4.500000
3 16 0.500000 -2.500000
4 16 0.500000 -2.500000
5 16 0.500000 -2.500000
6 16 -0.500000 -0.500000
7 16 -0.500000 -1.500000
8 16 0.500000 -1.500000
9 16 -0.500000 -1.500000
10 16 -0.500000 -1.500000
11 16 -0.500000 -0.500000
12 16 -0.500000 -0.500000
13 16 0.500000 0.500000
14 16 -0.500000 0.500000
15 16 -0.500000 0.500000
16 16 -0.500000 0.500000
17 16 -0.500000 1.500000
18 16 -0.500000 2.500000
19 16 -0.500000 2.500000
20 16 0.500000 2.500000
21 16 -0.500000 3.500000
22 16 -0.500000 3.500000
23 16 0.500000 3.500000
24 16 0.500000 3.500000
25 16 0.500000 3.500000
26 16 0.500000 4.500000
27 16 0.500000 3.500000
28 16 -1.500000 3.500000
0 17 0.500000 -3.500000
1 17 0.500000 -3.500000
2 17 -0.500000 -2.500000
3 17 -0.500000 -2.500000
4 17 -0.500000 -2.500000
5 17 -0.500000 -2.500000
6 17 -0.500000 -2.500000
7 17 -0.500000 -2.500000
8 17 -0.500000 -1.500000
9 17 -0.500000 -1.500000
10 17 -0.500000 -1.500000
11 17 -0.500000 -0.500000
12 17 -0.500000 -0.500000
13 17 -0.500000 0.500000
14 17 -0.500000 0.500000
15 17 -0.500000 0.500000
16 17 -0.500000 0.500000
17 17 -0.500000 1.500000
18 17 -0.500000 1.500000
19 17 -0.500000 2.500000
20 17 -0.500000 2.500000
21 17 0.500000 2.500000
22 17 -0.500000 3.500000
23 17 -0.500000 3.500000
24 17 0.500000 3.500000
25 17 0.500000 3.500000
26 17 -0.500000 4.500000
27 17 -0.500000 4.500000
28 17 0.500000 4.500000
0 18 1.500000 -3.500000
1 18 0.500000 -3.500000
2 18 -0.500000 -2.500000
3 18 -0.500000 -2.500000
4 18 -0.500000 -1.500000
5 18 -0.500000 -2.500000
6 18 -0.500000 -2.500000
7 18 -0.500000 -1.500000
8 18 -0.500000 -1.500000
9 18 -0.500000 -1.500000
10 18 -0.500000 -1.500000
11 18 -0.500000 -0.500000
12 18 -1.500000 -0.500000
13 18 -0.500000 -0.500000
14 18 -1.500000 0.500000
15 18 -1.500000 1.500000
16 18 -1.500000 1.500000
17 18 -0.500000 1.500000
18 18 -0.500000 1.500000
19 18 -0.500000 2.500000
20 18 -0.500000 2.500000
21 18 -0.500000 3.500000
22 18 -0.500000 3.500000
23 18 -0.500000 3.500000
24 18 -0.500000 3.500000
25 18 -0.500000 3.500000
26 18 -0.500000 3.500000
27 18 -0.500000 3.500000
28 18 -0.500000 5.500000
0 19 0.500000 -2.500000
1 19 0.500000 -2.500000
2 19 -0.500000 -5.500000
3 19 -0.500000 -2.500000
4 19 -0.500000 -2.500000
5 19 -15.500000 7.500000
6 19 -0.500000 -1.500000
7 19 -0.500000 -1.500000
8 19 -0.500000 -1.500000
9 19 -0.500000 -2.500000
10 19 6.500000 -15.500000
11 19 -1.500000 -0.500000
12 19 -1.500000 -0.500000
13 19 -1.500000 0.500000
14 19 -1.500000 0.500000
15 19 -0.500000 0.500000
16 19 -1.500000 1.500000
17 19 -1.500000 1.500000
18 19 -1.500000 1.500000
19 19 -0.500000 2.500000
20 19 -2.500000 1.500000
21 19 -1.500000 0.500000
22 19 -0.500000 3.500000
23 19 -0.500000 3.500000
24 19 -1.500000 3.500000
25 19 -0.500000 3.500000
26 19 0.500000 4.500000
27 19 -0.500000 3.500000
28 19 -0.500000 2.500000
0 20 0.500000 -3.500000
1 20 0.500000 -2.500000
2 20 -7.500000 -2.500000
3 20 -0.500000 -2.500000
4 20 -0.500000 -2.500000
5 20 -1.500000 -2.500000
6 20 -0.500000 -1.500000
7 20 -1.500000 -1.500000
8 20 -1.500000 -1.500000
9 20 -1.500000 -0.500000
10 20 -1.500000 -0.500000
11 20 -2.500000 -0.500000
12 20 -1.500000 -0.500000
13 20 -1.500000 0.500000
14 20 -1.500000 0.500000
15 20 -1.500000 0.500000
16 20 -1.500000 0.500000
17 20 -1.500000 1.500000
18 20 -1.500000 2.500000
19 20 -1.500000 1.500000
20 20 -1.500000 2.500000
21 20 -12.500000 -15.500000
22 20 -1.500000 3.500000
23 20 -0.500000 3.500000
24 20 -0.500000 3.500000
25 20 -0.500000 3.500000
26 20 -0.500000 3.500000
27 20 -0.500000 3.500000
28 20 -0.500000 4.500000
0 21 1.500000 -1.500000
1 21 -1.500000 -3.500000
2 21 -2.500000 -4.500000
3 21 0.500000 -2.500000
4 21 -1.500000 -2.500000
5 21 -0.500000 -2.500000
6 21 -1.500000 -1.500000
7 21 -1.500000 -1.500000
8 21 -1.500000 -1.500000
9 21 -1.500000 -1.500000
10 21 -1.500000 -1.500000
11 21 -2.500000 -0.500000
12 21 -1.500000 -0.500000
13 21 -1.500000 -0.500000
14 21 -1.500000 0.500000
15 21 -2.500000 0.500000
16 21 -2.500000 1.500000
17 21 -2.500000 1.500000
18 21 -0.500000 2.500000
19 21 -1.500000 2.500000
20 21 -1.500000 2.500000
21 21 -2.500000 6.500000
22 21 -1.500000 2.500000
23 21 -1.500000 2.500000
24 21 -0.500000 2.500000
25 21 -0.500000 3.500000
26 21 -0.500000 3.500000
27 21 -0.500000 3.500000
28 21 -0.500000 4.500000
0 22 0.500000 -1.500000
1 22 -0.500000 -2.500000
2 22 -0.500000 -0.500000
3 22 -0.500000 -0.500000
4 22 -2.500000 -1.500000
5 22 -1.500000 -1.500000
6 22 -0.500000 -1.500000
7 22 -1.500000 -1.500000
8 22 -2.500000 -0.500000
9 22 -1.500000 -0.500000
10 22 -2.500000 -0.500000
11 22 -2.500000 0.500000
12 22 -2.500000 0.500000
13 22 -2.500000 0.500000
14 22 -2.500000 -0.500000
15 22 -2.500000 0.500000
16 22 -2.500000 1.500000
17 22 -2.500000 1.500000
18 22 -2.500000 1.500000
19 22 -2.500000 1.500000
20 22 -1.500000 2.500000
21 22 -1.500000 1.500000
22 22 -1.500000 2.500000
23 22 -1.500000 2.500000
24 22 -0.500000 2.500000
25 22 -0.500000 3.500000
26 22 -0.500000 3.500000
27 22 -0.500000 3.500000
28 22 -0.500000 3.500000
0 23 -0.500000 -2.500000
1 23 -0.500000 -1.500000
2 23 -0.500000 -1.500000
3 23 -0.500000 -1.500000
4 23 -2.500000 -1.500000
5 23 -1.500000 -1.500000
6 23 -0.500000 -1.500000
7 23 -2.500000 -0.500000
8 23 -0.500000 -0.500000
9 23 -2.500000 -0.500000
10 23 -2.500000 -0.500000
11 23 -2.500000 -0.500000
12 23 -3.500000 -1.500000
13 23 -2.500000 0.500000
14 23 -2.500000 0.500000
15 23 -2.500000 0.500000
16 23 -2.500000 1.500000
17 23 -2.500000 1.500000
18 23 -2.500000 1.500000
19 23 -1.500000 1.500000
20 23 -1.500000 2.500000
21 23 -1.500000 2.500000
22 23 -1.500000 2.500000
23 23 -1.500000 2.500000
24 23 -1.500000 2.500000
25 23 1.500000 2.500000
26 23 -1.500000 3.500000
27 23 -0.500000 3.500000
28 23 -1.500000 2.500000
0 24 1.500000 -0.500000
1 24 -1.500000 -1.500000
2 24 -0.500000 -1.500000
3 24 -0.500000 -1.500000
4 24 -2.500000 -1.500000
5 24 -2.500000 -1.500000
6 24 -0.500000 -0.500000
7 24 -1.500000 -0.500000
8 24 -2.500000 -0.500000
9 24 -2.500000 -0.500000
10 24 -1.500000 -0.500000
11 24 -6.500000 1.500000
12 24 -2.500000 0.500000
13 24 -2.500000 -0.500000
14 24 -2.500000 0.500000
15 24 -2.500000 0.500000
16 24 -2.500000 0.500000
17 24 -2.500000 1.500000
18 24 -2.500000 1.500000
19 24 -2.500000 1.500000
20 24 -2.500000 1.500000
21 24 -2.500000 1.500000
22 24 -1.500000 2.500000
23 24 -1.500000 2.500000
24 24 -1.500000 2.500000
25 24 -0.500000 3.500000
26 24 -0.500000 2.500000
27 24 -0.500000 2.500000
28 24 -0.500000 2.500000
0 25 -0.500000 -1.500000
1 25 -0.500000 -1.500000
2 25 -1.500000 -1.500000
3 25 -1.500000 -1.500000
4 25 -1.500000 -0.500000
5 25 -1.500000 -0.500000
6 25 -1.500000 -0.500000
7 25 -2.500000 -0.500000
8 25 -2.500000 -0.500000
9 25 -2.500000 -0.500000
10 25 -2.500000 -0.500000
11 25 -3.500000 0.500000
12 25 -3.500000 0.500000
13 25 -2.500000 0.500000
14 25 -3.500000 0.500000
15 25 -2.500000 0.500000
16 25 -2.500000 0.500000
17 25 -2.500000 0.500000
18 25 -2.500000 1.500000
19 25 -2.500000 1.500000
20 25 -3.500000 0.500000
21 25 -2.500000 0.500000
22 25 -2.500000 1.500000
23 25 -1.500000 2.500000
24 25 -1.500000 2.500000
25 25 -1.500000 2.500000
26 25 -2.500000 2.500000
27 25 2.500000 -15.500000
28 25 0.500000 2.500000
0 26 -0.500000 -1.500000
1 26 -0.500000 -1.500000
2 26 -0.500000 -0.500000
3 26 -1.500000 -1.500000
4 26 -1.500000 -0.500000
5 26 -1.500000 -0.500000
6 26 -2.500000 -0.500000
7 26 -2.500000 -0.500000
8 26 -2.500000 -0.500000
9 26 -2.500000 -0.500000
10 26 -2.500000 0.500000
11 26 -2.500000 -0.500000
12 26 -3.500000 -1.500000
13 26 -2.500000 -2.500000
14 26 -6.500000 -2.500000
15 26 -2.500000 0.500000
16 26 -3.500000 0.500000
17 26 -3.500000 0.500000
18 26 -2.500000 0.500000
19 26 -4.500000 0.500000
20 26 -2.500000 1.500000
21 26 -2.500000 1.500000
22 26 -2.500000 1.500000
23 26 -1.500000 1.500000
24 26 -1.500000 1.500000
25 26 -1.500000 1.500000
26 26 -0.500000 1.500000
27 26 -2.500000 2.500000
28 26 0.500000 0.500000
0 27 -0.500000 -0.500000
1 27 -0.500000 -0.500000
2 27 -1.500000 -0.500000
3 27 -15.500000 7.500000
4 27 -0.500000 -1.500000
5 27 -1.500000 -1.500000
6 27 -3.500000 -1.500000
7 27 -2.500000 -0.500000
8 27 -2.500000 -0.500000
9 27 -2.500000 -0.500000
10 27 -3.500000 -0.500000
11 27 -4.500000 -0.500000
12 27 -8.500000 -1.500000
13 27 -8.500000 15.500000
14 27 -1.500000 2.500000
15 27 -2.500000 1.500000
16 27 -3.500000 0.500000
17 27 -3.500000 1.500000
18 27 -3.500000 1.500000
19 27 -3.500000 2.500000
20 27 -2.500000 1.500000
21 27 -2.500000 1.500000
22 27 -3.500000 1.500000
23 27 -2.500000 0.500000
24 27 -0.500000 -1.500000
25 27 -1.500000 1.500000
26 27 -0.500000 1.500000
27 27 -0.500000 1.500000
28 27 -0.500000 1.500000
0 28 -0.500000 -0.500000
1 28 -0.500000 0.500000
2 28 -2.500000 0.500000
3 28 -11.500000 2.500000
4 28 -1.500000 8.500000
5 28 15.500000 9.500000
6 28 -1.500000 0.500000
7 28 -2.500000 -0.500000
8 28 -2.500000 0.500000
9 28 -1.500000 -0.500000
10 28 -3.500000 0.500000
11 28 -3.500000 0.500000
12 28 -2.500000 1.500000
13 28 -3.500000 0.500000
14 28 -3.500000 0.500000
15 28 -3.500000 0.500000
16 28 -3.500000 0.500000
17 28 -3.500000 0.500000
18 28 -3.500000 0.500000
19 28 -3.500000 0.500000
20 28 -2.500000 0.500000
21 28 -2.500000 0.500000
22 28 -1.500000 0.500000
23 28 -6.500000 0.500000
24 28 1.500000 1.500000
25 28 -1.500000 1.500000
26 28 -0.500000 1.500000
27 28 -0.500000 1.500000
28 28 -0.500000 1.500000
