0 	 0 	 -0.666 	  0.000 	 -0.000
0 	 1 	 -0.652 	  0.000 	 -0.000
0 	 2 	 -0.612 	  0.000 	 -0.000
0 	 3 	 -0.546 	  0.000 	 -0.000
0 	 4 	 -0.459 	  0.000 	 -0.000
0 	 5 	 -0.352 	  0.000 	 -0.000
0 	 6 	 -0.231 	  0.000 	 -0.000
0 	 7 	 -0.101 	  0.000 	 -0.000
0 	 8 	  0.034 	  0.000 	  0.000
0 	 9 	  0.167 	  0.000 	  0.000
0 	 10 	  0.293 	  0.000 	  0.000
0 	 11 	  0.408 	  0.000 	  0.000
0 	 12 	  0.505 	  0.000 	  0.000
0 	 13 	  0.582 	  0.000 	  0.000
0 	 14 	  0.635 	  0.000 	  0.000
0 	 15 	  0.662 	  0.000 	  0.000
0 	 16 	  0.662 	 -0.000 	  0.000
0 	 17 	  0.635 	 -0.000 	  0.000
0 	 18 	  0.582 	 -0.000 	  0.000
0 	 19 	  0.505 	 -0.000 	  0.000
0 	 20 	  0.408 	 -0.000 	  0.000
0 	 21 	  0.293 	 -0.000 	  0.000
0 	 22 	  0.167 	 -0.000 	  0.000
0 	 23 	  0.034 	 -0.000 	  0.000
0 	 24 	 -0.101 	 -0.000 	 -0.000
0 	 25 	 -0.231 	 -0.000 	 -0.000
0 	 26 	 -0.352 	 -0.000 	 -0.000
0 	 27 	 -0.459 	 -0.000 	 -0.000
0 	 28 	 -0.546 	 -0.000 	 -0.000
0 	 29 	 -0.612 	 -0.000 	 -0.000
0 	 30 	 -0.652 	 -0.000 	 -0.000

1 	 0 	 -0.652 	  0.000 	 -0.067
1 	 1 	 -0.639 	  0.000 	 -0.066
1 	 2 	 -0.599 	  0.000 	 -0.062
1 	 3 	 -0.535 	  0.000 	 -0.055
1 	 4 	 -0.449 	  0.000 	 -0.046
1 	 5 	 -0.345 	  0.000 	 -0.035
1 	 6 	 -0.226 	  0.000 	 -0.023
1 	 7 	 -0.099 	  0.000 	 -0.010
1 	 8 	  0.033 	  0.000 	  0.003
1 	 9 	  0.163 	  0.000 	  0.017
1 	 10 	  0.287 	  0.000 	  0.030
1 	 11 	  0.399 	  0.000 	  0.041
1 	 12 	  0.495 	  0.000 	  0.051
1 	 13 	  0.570 	  0.000 	  0.059
1 	 14 	  0.622 	  0.000 	  0.064
1 	 15 	  0.649 	  0.000 	  0.067
1 	 16 	  0.649 	 -0.000 	  0.067
1 	 17 	  0.622 	 -0.000 	  0.064
1 	 18 	  0.570 	 -0.000 	  0.059
1 	 19 	  0.495 	 -0.000 	  0.051
1 	 20 	  0.399 	 -0.000 	  0.041
1 	 21 	  0.287 	 -0.000 	  0.030
1 	 22 	  0.163 	 -0.000 	  0.017
1 	 23 	  0.033 	 -0.000 	  0.003
1 	 24 	 -0.099 	 -0.000 	 -0.010
1 	 25 	 -0.226 	 -0.000 	 -0.023
1 	 26 	 -0.345 	 -0.000 	 -0.035
1 	 27 	 -0.449 	 -0.000 	 -0.046
1 	 28 	 -0.535 	 -0.000 	 -0.055
1 	 29 	 -0.599 	 -0.000 	 -0.062
1 	 30 	 -0.639 	 -0.000 	 -0.066

2 	 0 	 -0.612 	  0.000 	 -0.131
2 	 1 	 -0.599 	  0.000 	 -0.129
2 	 2 	 -0.562 	  0.000 	 -0.121
2 	 3 	 -0.502 	  0.000 	 -0.108
2 	 4 	 -0.422 	  0.000 	 -0.090
2 	 5 	 -0.324 	  0.000 	 -0.069
2 	 6 	 -0.212 	  0.000 	 -0.046
2 	 7 	 -0.093 	  0.000 	 -0.020
2 	 8 	  0.031 	  0.000 	  0.007
2 	 9 	  0.153 	  0.000 	  0.033
2 	 10 	  0.269 	  0.000 	  0.058
2 	 11 	  0.374 	  0.000 	  0.080
2 	 12 	  0.464 	  0.000 	  0.100
2 	 13 	  0.535 	  0.000 	  0.115
2 	 14 	  0.584 	  0.000 	  0.125
2 	 15 	  0.609 	  0.000 	  0.131
2 	 16 	  0.609 	 -0.000 	  0.131
2 	 17 	  0.584 	 -0.000 	  0.125
2 	 18 	  0.535 	 -0.000 	  0.115
2 	 19 	  0.464 	 -0.000 	  0.100
2 	 20 	  0.374 	 -0.000 	  0.080
2 	 21 	  0.269 	 -0.000 	  0.058
2 	 22 	  0.153 	 -0.000 	  0.033
2 	 23 	  0.031 	 -0.000 	  0.007
2 	 24 	 -0.093 	 -0.000 	 -0.020
2 	 25 	 -0.212 	 -0.000 	 -0.046
2 	 26 	 -0.324 	 -0.000 	 -0.069
2 	 27 	 -0.422 	 -0.000 	 -0.090
2 	 28 	 -0.502 	 -0.000 	 -0.108
2 	 29 	 -0.562 	 -0.000 	 -0.121
2 	 30 	 -0.599 	 -0.000 	 -0.129

3 	 0 	 -0.546 	  0.000 	 -0.190
3 	 1 	 -0.535 	  0.000 	 -0.186
3 	 2 	 -0.502 	  0.000 	 -0.175
3 	 3 	 -0.448 	  0.000 	 -0.156
3 	 4 	 -0.376 	  0.000 	 -0.131
3 	 5 	 -0.289 	  0.000 	 -0.101
3 	 6 	 -0.190 	  0.000 	 -0.066
3 	 7 	 -0.083 	  0.000 	 -0.029
3 	 8 	  0.028 	  0.000 	  0.010
3 	 9 	  0.137 	  0.000 	  0.048
3 	 10 	  0.241 	  0.000 	  0.084
3 	 11 	  0.334 	  0.000 	  0.116
3 	 12 	  0.415 	  0.000 	  0.144
3 	 13 	  0.478 	  0.000 	  0.166
3 	 14 	  0.521 	  0.000 	  0.181
3 	 15 	  0.544 	  0.000 	  0.189
3 	 16 	  0.544 	 -0.000 	  0.189
3 	 17 	  0.521 	 -0.000 	  0.181
3 	 18 	  0.478 	 -0.000 	  0.166
3 	 19 	  0.415 	 -0.000 	  0.144
3 	 20 	  0.334 	 -0.000 	  0.116
3 	 21 	  0.241 	 -0.000 	  0.084
3 	 22 	  0.137 	 -0.000 	  0.048
3 	 23 	  0.028 	 -0.000 	  0.010
3 	 24 	 -0.083 	 -0.000 	 -0.029
3 	 25 	 -0.190 	 -0.000 	 -0.066
3 	 26 	 -0.289 	 -0.000 	 -0.101
3 	 27 	 -0.376 	 -0.000 	 -0.131
3 	 28 	 -0.448 	 -0.000 	 -0.156
3 	 29 	 -0.502 	 -0.000 	 -0.175
3 	 30 	 -0.535 	 -0.000 	 -0.186

4 	 0 	 -0.459 	  0.000 	 -0.241
4 	 1 	 -0.449 	  0.000 	 -0.236
4 	 2 	 -0.422 	  0.000 	 -0.222
4 	 3 	 -0.376 	  0.000 	 -0.198
4 	 4 	 -0.316 	  0.000 	 -0.166
4 	 5 	 -0.243 	  0.000 	 -0.128
4 	 6 	 -0.159 	  0.000 	 -0.084
4 	 7 	 -0.069 	  0.000 	 -0.037
4 	 8 	  0.023 	  0.000 	  0.012
4 	 9 	  0.115 	  0.000 	  0.060
4 	 10 	  0.202 	  0.000 	  0.106
4 	 11 	  0.281 	  0.000 	  0.148
4 	 12 	  0.348 	  0.000 	  0.183
4 	 13 	  0.401 	  0.000 	  0.211
4 	 14 	  0.438 	  0.000 	  0.230
4 	 15 	  0.456 	  0.000 	  0.240
4 	 16 	  0.456 	 -0.000 	  0.240
4 	 17 	  0.438 	 -0.000 	  0.230
4 	 18 	  0.401 	 -0.000 	  0.211
4 	 19 	  0.348 	 -0.000 	  0.183
4 	 20 	  0.281 	 -0.000 	  0.148
4 	 21 	  0.202 	 -0.000 	  0.106
4 	 22 	  0.115 	 -0.000 	  0.060
4 	 23 	  0.023 	 -0.000 	  0.012
4 	 24 	 -0.069 	 -0.000 	 -0.037
4 	 25 	 -0.159 	 -0.000 	 -0.084
4 	 26 	 -0.243 	 -0.000 	 -0.128
4 	 27 	 -0.316 	 -0.000 	 -0.166
4 	 28 	 -0.376 	 -0.000 	 -0.198
4 	 29 	 -0.422 	 -0.000 	 -0.222
4 	 30 	 -0.449 	 -0.000 	 -0.236

5 	 0 	 -0.352 	  0.000 	 -0.282
5 	 1 	 -0.345 	  0.000 	 -0.277
5 	 2 	 -0.324 	  0.000 	 -0.260
5 	 3 	 -0.289 	  0.000 	 -0.232
5 	 4 	 -0.243 	  0.000 	 -0.195
5 	 5 	 -0.186 	  0.000 	 -0.149
5 	 6 	 -0.122 	  0.000 	 -0.098
5 	 7 	 -0.053 	  0.000 	 -0.043
5 	 8 	  0.018 	  0.000 	  0.014
5 	 9 	  0.088 	  0.000 	  0.071
5 	 10 	  0.155 	  0.000 	  0.124
5 	 11 	  0.216 	  0.000 	  0.173
5 	 12 	  0.267 	  0.000 	  0.214
5 	 13 	  0.308 	  0.000 	  0.247
5 	 14 	  0.336 	  0.000 	  0.270
5 	 15 	  0.350 	  0.000 	  0.281
5 	 16 	  0.350 	 -0.000 	  0.281
5 	 17 	  0.336 	 -0.000 	  0.270
5 	 18 	  0.308 	 -0.000 	  0.247
5 	 19 	  0.267 	 -0.000 	  0.214
5 	 20 	  0.216 	 -0.000 	  0.173
5 	 21 	  0.155 	 -0.000 	  0.124
5 	 22 	  0.088 	 -0.000 	  0.071
5 	 23 	  0.018 	 -0.000 	  0.014
5 	 24 	 -0.053 	 -0.000 	 -0.043
5 	 25 	 -0.122 	 -0.000 	 -0.098
5 	 26 	 -0.186 	 -0.000 	 -0.149
5 	 27 	 -0.243 	 -0.000 	 -0.195
5 	 28 	 -0.289 	 -0.000 	 -0.232
5 	 29 	 -0.324 	 -0.000 	 -0.260
5 	 30 	 -0.345 	 -0.000 	 -0.277

6 	 0 	 -0.231 	  0.000 	 -0.312
6 	 1 	 -0.226 	  0.000 	 -0.306
6 	 2 	 -0.212 	  0.000 	 -0.287
6 	 3 	 -0.190 	  0.000 	 -0.256
6 	 4 	 -0.159 	  0.000 	 -0.215
6 	 5 	 -0.122 	  0.000 	 -0.165
6 	 6 	 -0.080 	  0.000 	 -0.108
6 	 7 	 -0.035 	  0.000 	 -0.047
6 	 8 	  0.012 	  0.000 	  0.016
6 	 9 	  0.058 	  0.000 	  0.078
6 	 10 	  0.102 	  0.000 	  0.137
6 	 11 	  0.142 	  0.000 	  0.191
6 	 12 	  0.175 	  0.000 	  0.237
6 	 13 	  0.202 	  0.000 	  0.273
6 	 14 	  0.221 	  0.000 	  0.298
6 	 15 	  0.230 	  0.000 	  0.311
6 	 16 	  0.230 	 -0.000 	  0.311
6 	 17 	  0.221 	 -0.000 	  0.298
6 	 18 	  0.202 	 -0.000 	  0.273
6 	 19 	  0.175 	 -0.000 	  0.237
6 	 20 	  0.142 	 -0.000 	  0.191
6 	 21 	  0.102 	 -0.000 	  0.137
6 	 22 	  0.058 	 -0.000 	  0.078
6 	 23 	  0.012 	 -0.000 	  0.016
6 	 24 	 -0.035 	 -0.000 	 -0.047
6 	 25 	 -0.080 	 -0.000 	 -0.108
6 	 26 	 -0.122 	 -0.000 	 -0.165
6 	 27 	 -0.159 	 -0.000 	 -0.215
6 	 28 	 -0.190 	 -0.000 	 -0.256
6 	 29 	 -0.212 	 -0.000 	 -0.287
6 	 30 	 -0.226 	 -0.000 	 -0.306

7 	 0 	 -0.101 	  0.000 	 -0.329
7 	 1 	 -0.099 	  0.000 	 -0.322
7 	 2 	 -0.093 	  0.000 	 -0.302
7 	 3 	 -0.083 	  0.000 	 -0.270
7 	 4 	 -0.069 	  0.000 	 -0.227
7 	 5 	 -0.053 	  0.000 	 -0.174
7 	 6 	 -0.035 	  0.000 	 -0.114
7 	 7 	 -0.015 	  0.000 	 -0.050
7 	 8 	  0.005 	  0.000 	  0.017
7 	 9 	  0.025 	  0.000 	  0.082
7 	 10 	  0.044 	  0.000 	  0.145
7 	 11 	  0.062 	  0.000 	  0.201
7 	 12 	  0.076 	  0.000 	  0.250
7 	 13 	  0.088 	  0.000 	  0.288
7 	 14 	  0.096 	  0.000 	  0.314
7 	 15 	  0.100 	  0.000 	  0.327
7 	 16 	  0.100 	 -0.000 	  0.327
7 	 17 	  0.096 	 -0.000 	  0.314
7 	 18 	  0.088 	 -0.000 	  0.288
7 	 19 	  0.076 	 -0.000 	  0.250
7 	 20 	  0.062 	 -0.000 	  0.201
7 	 21 	  0.044 	 -0.000 	  0.145
7 	 22 	  0.025 	 -0.000 	  0.082
7 	 23 	  0.005 	 -0.000 	  0.017
7 	 24 	 -0.015 	 -0.000 	 -0.050
7 	 25 	 -0.035 	 -0.000 	 -0.114
7 	 26 	 -0.053 	 -0.000 	 -0.174
7 	 27 	 -0.069 	 -0.000 	 -0.227
7 	 28 	 -0.083 	 -0.000 	 -0.270
7 	 29 	 -0.093 	 -0.000 	 -0.302
7 	 30 	 -0.099 	 -0.000 	 -0.322

8 	 0 	  0.034 	 -0.000 	 -0.332
8 	 1 	  0.033 	 -0.000 	 -0.326
8 	 2 	  0.031 	 -0.000 	 -0.306
8 	 3 	  0.028 	 -0.000 	 -0.273
8 	 4 	  0.023 	 -0.000 	 -0.229
8 	 5 	  0.018 	 -0.000 	 -0.176
8 	 6 	  0.012 	 -0.000 	 -0.115
8 	 7 	  0.005 	 -0.000 	 -0.050
8 	 8 	 -0.002 	 -0.000 	  0.017
8 	 9 	 -0.008 	 -0.000 	  0.083
8 	 10 	 -0.015 	 -0.000 	  0.146
8 	 11 	 -0.021 	 -0.000 	  0.203
8 	 12 	 -0.026 	 -0.000 	  0.252
8 	 13 	 -0.029 	 -0.000 	  0.291
8 	 14 	 -0.032 	 -0.000 	  0.317
8 	 15 	 -0.034 	 -0.000 	  0.331
8 	 16 	 -0.034 	  0.000 	  0.331
8 	 17 	 -0.032 	  0.000 	  0.317
8 	 18 	 -0.029 	  0.000 	  0.291
8 	 19 	 -0.026 	  0.000 	  0.252
8 	 20 	 -0.021 	  0.000 	  0.203
8 	 21 	 -0.015 	  0.000 	  0.146
8 	 22 	 -0.008 	  0.000 	  0.083
8 	 23 	 -0.002 	  0.000 	  0.017
8 	 24 	  0.005 	  0.000 	 -0.050
8 	 25 	  0.012 	  0.000 	 -0.115
8 	 26 	  0.018 	  0.000 	 -0.176
8 	 27 	  0.023 	  0.000 	 -0.229
8 	 28 	  0.028 	  0.000 	 -0.273
8 	 29 	  0.031 	  0.000 	 -0.306
8 	 30 	  0.033 	  0.000 	 -0.326

9 	 0 	  0.167 	 -0.000 	 -0.322
9 	 1 	  0.163 	 -0.000 	 -0.316
9 	 2 	  0.153 	 -0.000 	 -0.296
9 	 3 	  0.137 	 -0.000 	 -0.264
9 	 4 	  0.115 	 -0.000 	 -0.222
9 	 5 	  0.088 	 -0.000 	 -0.170
9 	 6 	  0.058 	 -0.000 	 -0.112
9 	 7 	  0.025 	 -0.000 	 -0.049
9 	 8 	 -0.008 	 -0.000 	  0.016
9 	 9 	 -0.042 	 -0.000 	  0.081
9 	 10 	 -0.073 	 -0.000 	  0.142
9 	 11 	 -0.102 	 -0.000 	  0.197
9 	 12 	 -0.127 	 -0.000 	  0.245
9 	 13 	 -0.146 	 -0.000 	  0.282
9 	 14 	 -0.159 	 -0.000 	  0.307
9 	 15 	 -0.166 	 -0.000 	  0.321
9 	 16 	 -0.166 	  0.000 	  0.321
9 	 17 	 -0.159 	  0.000 	  0.307
9 	 18 	 -0.146 	  0.000 	  0.282
9 	 19 	 -0.127 	  0.000 	  0.245
9 	 20 	 -0.102 	  0.000 	  0.197
9 	 21 	 -0.073 	  0.000 	  0.142
9 	 22 	 -0.042 	  0.000 	  0.081
9 	 23 	 -0.008 	  0.000 	  0.016
9 	 24 	  0.025 	  0.000 	 -0.049
9 	 25 	  0.058 	  0.000 	 -0.112
9 	 26 	  0.088 	  0.000 	 -0.170
9 	 27 	  0.115 	  0.000 	 -0.222
9 	 28 	  0.137 	  0.000 	 -0.264
9 	 29 	  0.153 	  0.000 	 -0.296
9 	 30 	  0.163 	  0.000 	 -0.316

10 	 0 	  0.293 	 -0.000 	 -0.299
10 	 1 	  0.287 	 -0.000 	 -0.293
10 	 2 	  0.269 	 -0.000 	 -0.275
10 	 3 	  0.241 	 -0.000 	 -0.245
10 	 4 	  0.202 	 -0.000 	 -0.206
10 	 5 	  0.155 	 -0.000 	 -0.158
10 	 6 	  0.102 	 -0.000 	 -0.104
10 	 7 	  0.044 	 -0.000 	 -0.045
10 	 8 	 -0.015 	 -0.000 	  0.015
10 	 9 	 -0.073 	 -0.000 	  0.075
10 	 10 	 -0.129 	 -0.000 	  0.132
10 	 11 	 -0.179 	 -0.000 	  0.183
10 	 12 	 -0.222 	 -0.000 	  0.227
10 	 13 	 -0.256 	 -0.000 	  0.261
10 	 14 	 -0.280 	 -0.000 	  0.285
10 	 15 	 -0.292 	 -0.000 	  0.297
10 	 16 	 -0.292 	  0.000 	  0.297
10 	 17 	 -0.280 	  0.000 	  0.285
10 	 18 	 -0.256 	  0.000 	  0.261
10 	 19 	 -0.222 	  0.000 	  0.227
10 	 20 	 -0.179 	  0.000 	  0.183
10 	 21 	 -0.129 	  0.000 	  0.132
10 	 22 	 -0.073 	  0.000 	  0.075
10 	 23 	 -0.015 	  0.000 	  0.015
10 	 24 	  0.044 	  0.000 	 -0.045
10 	 25 	  0.102 	  0.000 	 -0.104
10 	 26 	  0.155 	  0.000 	 -0.158
10 	 27 	  0.202 	  0.000 	 -0.206
10 	 28 	  0.241 	  0.000 	 -0.245
10 	 29 	  0.269 	  0.000 	 -0.275
10 	 30 	  0.287 	  0.000 	 -0.293

11 	 0 	  0.408 	 -0.000 	 -0.263
11 	 1 	  0.399 	 -0.000 	 -0.258
11 	 2 	  0.374 	 -0.000 	 -0.242
11 	 3 	  0.334 	 -0.000 	 -0.216
11 	 4 	  0.281 	 -0.000 	 -0.181
11 	 5 	  0.216 	 -0.000 	 -0.139
11 	 6 	  0.142 	 -0.000 	 -0.091
11 	 7 	  0.062 	 -0.000 	 -0.040
11 	 8 	 -0.021 	 -0.000 	  0.013
11 	 9 	 -0.102 	 -0.000 	  0.066
11 	 10 	 -0.179 	 -0.000 	  0.116
11 	 11 	 -0.249 	 -0.000 	  0.161
11 	 12 	 -0.309 	 -0.000 	  0.200
11 	 13 	 -0.356 	 -0.000 	  0.230
11 	 14 	 -0.389 	 -0.000 	  0.251
11 	 15 	 -0.405 	 -0.000 	  0.262
11 	 16 	 -0.405 	  0.000 	  0.262
11 	 17 	 -0.389 	  0.000 	  0.251
11 	 18 	 -0.356 	  0.000 	  0.230
11 	 19 	 -0.309 	  0.000 	  0.200
11 	 20 	 -0.249 	  0.000 	  0.161
11 	 21 	 -0.179 	  0.000 	  0.116
11 	 22 	 -0.102 	  0.000 	  0.066
11 	 23 	 -0.021 	  0.000 	  0.013
11 	 24 	  0.062 	  0.000 	 -0.040
11 	 25 	  0.142 	  0.000 	 -0.091
11 	 26 	  0.216 	  0.000 	 -0.139
11 	 27 	  0.281 	  0.000 	 -0.181
11 	 28 	  0.334 	  0.000 	 -0.216
11 	 29 	  0.374 	  0.000 	 -0.242
11 	 30 	  0.399 	  0.000 	 -0.258

12 	 0 	  0.505 	 -0.000 	 -0.217
12 	 1 	  0.495 	 -0.000 	 -0.212
12 	 2 	  0.464 	 -0.000 	 -0.199
12 	 3 	  0.415 	 -0.000 	 -0.178
12 	 4 	  0.348 	 -0.000 	 -0.149
12 	 5 	  0.267 	 -0.000 	 -0.115
12 	 6 	  0.175 	 -0.000 	 -0.075
12 	 7 	  0.076 	 -0.000 	 -0.033
12 	 8 	 -0.026 	 -0.000 	  0.011
12 	 9 	 -0.127 	 -0.000 	  0.054
12 	 10 	 -0.222 	 -0.000 	  0.095
12 	 11 	 -0.309 	 -0.000 	  0.133
12 	 12 	 -0.383 	 -0.000 	  0.165
12 	 13 	 -0.442 	 -0.000 	  0.190
12 	 14 	 -0.482 	 -0.000 	  0.207
12 	 15 	 -0.503 	 -0.000 	  0.216
12 	 16 	 -0.503 	  0.000 	  0.216
12 	 17 	 -0.482 	  0.000 	  0.207
12 	 18 	 -0.442 	  0.000 	  0.190
12 	 19 	 -0.383 	  0.000 	  0.165
12 	 20 	 -0.309 	  0.000 	  0.133
12 	 21 	 -0.222 	  0.000 	  0.095
12 	 22 	 -0.127 	  0.000 	  0.054
12 	 23 	 -0.026 	  0.000 	  0.011
12 	 24 	  0.076 	  0.000 	 -0.033
12 	 25 	  0.175 	  0.000 	 -0.075
12 	 26 	  0.267 	  0.000 	 -0.115
12 	 27 	  0.348 	  0.000 	 -0.149
12 	 28 	  0.415 	  0.000 	 -0.178
12 	 29 	  0.464 	  0.000 	 -0.199
12 	 30 	  0.495 	  0.000 	 -0.212

13 	 0 	  0.582 	 -0.000 	 -0.162
13 	 1 	  0.570 	 -0.000 	 -0.158
13 	 2 	  0.535 	 -0.000 	 -0.148
13 	 3 	  0.478 	 -0.000 	 -0.133
13 	 4 	  0.401 	 -0.000 	 -0.111
13 	 5 	  0.308 	 -0.000 	 -0.085
13 	 6 	  0.202 	 -0.000 	 -0.056
13 	 7 	  0.088 	 -0.000 	 -0.024
13 	 8 	 -0.029 	 -0.000 	  0.008
13 	 9 	 -0.146 	 -0.000 	  0.040
13 	 10 	 -0.256 	 -0.000 	  0.071
13 	 11 	 -0.356 	 -0.000 	  0.099
13 	 12 	 -0.442 	 -0.000 	  0.123
13 	 13 	 -0.509 	 -0.000 	  0.141
13 	 14 	 -0.555 	 -0.000 	  0.154
13 	 15 	 -0.579 	 -0.000 	  0.161
13 	 16 	 -0.579 	  0.000 	  0.161
13 	 17 	 -0.555 	  0.000 	  0.154
13 	 18 	 -0.509 	  0.000 	  0.141
13 	 19 	 -0.442 	  0.000 	  0.123
13 	 20 	 -0.356 	  0.000 	  0.099
13 	 21 	 -0.256 	  0.000 	  0.071
13 	 22 	 -0.146 	  0.000 	  0.040
13 	 23 	 -0.029 	  0.000 	  0.008
13 	 24 	  0.088 	  0.000 	 -0.024
13 	 25 	  0.202 	  0.000 	 -0.056
13 	 26 	  0.308 	  0.000 	 -0.085
13 	 27 	  0.401 	  0.000 	 -0.111
13 	 28 	  0.478 	  0.000 	 -0.133
13 	 29 	  0.535 	  0.000 	 -0.148
13 	 30 	  0.570 	  0.000 	 -0.158

14 	 0 	  0.635 	 -0.000 	 -0.100
14 	 1 	  0.622 	 -0.000 	 -0.098
14 	 2 	  0.584 	 -0.000 	 -0.092
14 	 3 	  0.521 	 -0.000 	 -0.082
14 	 4 	  0.438 	 -0.000 	 -0.069
14 	 5 	  0.336 	 -0.000 	 -0.053
14 	 6 	  0.221 	 -0.000 	 -0.035
14 	 7 	  0.096 	 -0.000 	 -0.015
14 	 8 	 -0.032 	 -0.000 	  0.005
14 	 9 	 -0.159 	 -0.000 	  0.025
14 	 10 	 -0.280 	 -0.000 	  0.044
14 	 11 	 -0.389 	 -0.000 	  0.061
14 	 12 	 -0.482 	 -0.000 	  0.076
14 	 13 	 -0.555 	 -0.000 	  0.087
14 	 14 	 -0.606 	 -0.000 	  0.095
14 	 15 	 -0.632 	 -0.000 	  0.099
14 	 16 	 -0.632 	  0.000 	  0.099
14 	 17 	 -0.606 	  0.000 	  0.095
14 	 18 	 -0.555 	  0.000 	  0.087
14 	 19 	 -0.482 	  0.000 	  0.076
14 	 20 	 -0.389 	  0.000 	  0.061
14 	 21 	 -0.280 	  0.000 	  0.044
14 	 22 	 -0.159 	  0.000 	  0.025
14 	 23 	 -0.032 	  0.000 	  0.005
14 	 24 	  0.096 	  0.000 	 -0.015
14 	 25 	  0.221 	  0.000 	 -0.035
14 	 26 	  0.336 	  0.000 	 -0.053
14 	 27 	  0.438 	  0.000 	 -0.069
14 	 28 	  0.521 	  0.000 	 -0.082
14 	 29 	  0.584 	  0.000 	 -0.092
14 	 30 	  0.622 	  0.000 	 -0.098

15 	 0 	  0.662 	 -0.000 	 -0.034
15 	 1 	  0.649 	 -0.000 	 -0.033
15 	 2 	  0.609 	 -0.000 	 -0.031
15 	 3 	  0.544 	 -0.000 	 -0.028
15 	 4 	  0.456 	 -0.000 	 -0.023
15 	 5 	  0.350 	 -0.000 	 -0.018
15 	 6 	  0.230 	 -0.000 	 -0.012
15 	 7 	  0.100 	 -0.000 	 -0.005
15 	 8 	 -0.034 	 -0.000 	  0.002
15 	 9 	 -0.166 	 -0.000 	  0.008
15 	 10 	 -0.292 	 -0.000 	  0.015
15 	 11 	 -0.405 	 -0.000 	  0.021
15 	 12 	 -0.503 	 -0.000 	  0.026
15 	 13 	 -0.579 	 -0.000 	  0.029
15 	 14 	 -0.632 	 -0.000 	  0.032
15 	 15 	 -0.659 	 -0.000 	  0.034
15 	 16 	 -0.659 	  0.000 	  0.034
15 	 17 	 -0.632 	  0.000 	  0.032
15 	 18 	 -0.579 	  0.000 	  0.029
15 	 19 	 -0.503 	  0.000 	  0.026
15 	 20 	 -0.405 	  0.000 	  0.021
15 	 21 	 -0.292 	  0.000 	  0.015
15 	 22 	 -0.166 	  0.000 	  0.008
15 	 23 	 -0.034 	  0.000 	  0.002
15 	 24 	  0.100 	  0.000 	 -0.005
15 	 25 	  0.230 	  0.000 	 -0.012
15 	 26 	  0.350 	  0.000 	 -0.018
15 	 27 	  0.456 	  0.000 	 -0.023
15 	 28 	  0.544 	  0.000 	 -0.028
15 	 29 	  0.609 	  0.000 	 -0.031
15 	 30 	  0.649 	  0.000 	 -0.033

16 	 0 	  0.662 	 -0.000 	  0.034
16 	 1 	  0.649 	 -0.000 	  0.033
16 	 2 	  0.609 	 -0.000 	  0.031
16 	 3 	  0.544 	 -0.000 	  0.028
16 	 4 	  0.456 	 -0.000 	  0.023
16 	 5 	  0.350 	 -0.000 	  0.018
16 	 6 	  0.230 	 -0.000 	  0.012
16 	 7 	  0.100 	 -0.000 	  0.005
16 	 8 	 -0.034 	 -0.000 	 -0.002
16 	 9 	 -0.166 	 -0.000 	 -0.008
16 	 10 	 -0.292 	 -0.000 	 -0.015
16 	 11 	 -0.405 	 -0.000 	 -0.021
16 	 12 	 -0.503 	 -0.000 	 -0.026
16 	 13 	 -0.579 	 -0.000 	 -0.029
16 	 14 	 -0.632 	 -0.000 	 -0.032
16 	 15 	 -0.659 	 -0.000 	 -0.034
16 	 16 	 -0.659 	  0.000 	 -0.034
16 	 17 	 -0.632 	  0.000 	 -0.032
16 	 18 	 -0.579 	  0.000 	 -0.029
16 	 19 	 -0.503 	  0.000 	 -0.026
16 	 20 	 -0.405 	  0.000 	 -0.021
16 	 21 	 -0.292 	  0.000 	 -0.015
16 	 22 	 -0.166 	  0.000 	 -0.008
16 	 23 	 -0.034 	  0.000 	 -0.002
16 	 24 	  0.100 	  0.000 	  0.005
16 	 25 	  0.230 	  0.000 	  0.012
16 	 26 	  0.350 	  0.000 	  0.018
16 	 27 	  0.456 	  0.000 	  0.023
16 	 28 	  0.544 	  0.000 	  0.028
16 	 29 	  0.609 	  0.000 	  0.031
16 	 30 	  0.649 	  0.000 	  0.033

17 	 0 	  0.635 	 -0.000 	  0.100
17 	 1 	  0.622 	 -0.000 	  0.098
17 	 2 	  0.584 	 -0.000 	  0.092
17 	 3 	  0.521 	 -0.000 	  0.082
17 	 4 	  0.438 	 -0.000 	  0.069
17 	 5 	  0.336 	 -0.000 	  0.053
17 	 6 	  0.221 	 -0.000 	  0.035
17 	 7 	  0.096 	 -0.000 	  0.015
17 	 8 	 -0.032 	 -0.000 	 -0.005
17 	 9 	 -0.159 	 -0.000 	 -0.025
17 	 10 	 -0.280 	 -0.000 	 -0.044
17 	 11 	 -0.389 	 -0.000 	 -0.061
17 	 12 	 -0.482 	 -0.000 	 -0.076
17 	 13 	 -0.555 	 -0.000 	 -0.087
17 	 14 	 -0.606 	 -0.000 	 -0.095
17 	 15 	 -0.632 	 -0.000 	 -0.099
17 	 16 	 -0.632 	  0.000 	 -0.099
17 	 17 	 -0.606 	  0.000 	 -0.095
17 	 18 	 -0.555 	  0.000 	 -0.087
17 	 19 	 -0.482 	  0.000 	 -0.076
17 	 20 	 -0.389 	  0.000 	 -0.061
17 	 21 	 -0.280 	  0.000 	 -0.044
17 	 22 	 -0.159 	  0.000 	 -0.025
17 	 23 	 -0.032 	  0.000 	 -0.005
17 	 24 	  0.096 	  0.000 	  0.015
17 	 25 	  0.221 	  0.000 	  0.035
17 	 26 	  0.336 	  0.000 	  0.053
17 	 27 	  0.438 	  0.000 	  0.069
17 	 28 	  0.521 	  0.000 	  0.082
17 	 29 	  0.584 	  0.000 	  0.092
17 	 30 	  0.622 	  0.000 	  0.098

18 	 0 	  0.582 	 -0.000 	  0.162
18 	 1 	  0.570 	 -0.000 	  0.158
18 	 2 	  0.535 	 -0.000 	  0.148
18 	 3 	  0.478 	 -0.000 	  0.133
18 	 4 	  0.401 	 -0.000 	  0.111
18 	 5 	  0.308 	 -0.000 	  0.085
18 	 6 	  0.202 	 -0.000 	  0.056
18 	 7 	  0.088 	 -0.000 	  0.024
18 	 8 	 -0.029 	 -0.000 	 -0.008
18 	 9 	 -0.146 	 -0.000 	 -0.040
18 	 10 	 -0.256 	 -0.000 	 -0.071
18 	 11 	 -0.356 	 -0.000 	 -0.099
18 	 12 	 -0.442 	 -0.000 	 -0.123
18 	 13 	 -0.509 	 -0.000 	 -0.141
18 	 14 	 -0.555 	 -0.000 	 -0.154
18 	 15 	 -0.579 	 -0.000 	 -0.161
18 	 16 	 -0.579 	  0.000 	 -0.161
18 	 17 	 -0.555 	  0.000 	 -0.154
18 	 18 	 -0.509 	  0.000 	 -0.141
18 	 19 	 -0.442 	  0.000 	 -0.123
18 	 20 	 -0.356 	  0.000 	 -0.099
18 	 21 	 -0.256 	  0.000 	 -0.071
18 	 22 	 -0.146 	  0.000 	 -0.040
18 	 23 	 -0.029 	  0.000 	 -0.008
18 	 24 	  0.088 	  0.000 	  0.024
18 	 25 	  0.202 	  0.000 	  0.056
18 	 26 	  0.308 	  0.000 	  0.085
18 	 27 	  0.401 	  0.000 	  0.111
18 	 28 	  0.478 	  0.000 	  0.133
18 	 29 	  0.535 	  0.000 	  0.148
18 	 30 	  0.570 	  0.000 	  0.158

19 	 0 	  0.505 	 -0.000 	  0.217
19 	 1 	  0.495 	 -0.000 	  0.212
19 	 2 	  0.464 	 -0.000 	  0.199
19 	 3 	  0.415 	 -0.000 	  0.178
19 	 4 	  0.348 	 -0.000 	  0.149
19 	 5 	  0.267 	 -0.000 	  0.115
19 	 6 	  0.175 	 -0.000 	  0.075
19 	 7 	  0.076 	 -0.000 	  0.033
19 	 8 	 -0.026 	 -0.000 	 -0.011
19 	 9 	 -0.127 	 -0.000 	 -0.054
19 	 10 	 -0.222 	 -0.000 	 -0.095
19 	 11 	 -0.309 	 -0.000 	 -0.133
19 	 12 	 -0.383 	 -0.000 	 -0.165
19 	 13 	 -0.442 	 -0.000 	 -0.190
19 	 14 	 -0.482 	 -0.000 	 -0.207
19 	 15 	 -0.503 	 -0.000 	 -0.216
19 	 16 	 -0.503 	  0.000 	 -0.216
19 	 17 	 -0.482 	  0.000 	 -0.207
19 	 18 	 -0.442 	  0.000 	 -0.190
19 	 19 	 -0.383 	  0.000 	 -0.165
19 	 20 	 -0.309 	  0.000 	 -0.133
19 	 21 	 -0.222 	  0.000 	 -0.095
19 	 22 	 -0.127 	  0.000 	 -0.054
19 	 23 	 -0.026 	  0.000 	 -0.011
19 	 24 	  0.076 	  0.000 	  0.033
19 	 25 	  0.175 	  0.000 	  0.075
19 	 26 	  0.267 	  0.000 	  0.115
19 	 27 	  0.348 	  0.000 	  0.149
19 	 28 	  0.415 	  0.000 	  0.178
19 	 29 	  0.464 	  0.000 	  0.199
19 	 30 	  0.495 	  0.000 	  0.212

20 	 0 	  0.408 	 -0.000 	  0.263
20 	 1 	  0.399 	 -0.000 	  0.258
20 	 2 	  0.374 	 -0.000 	  0.242
20 	 3 	  0.334 	 -0.000 	  0.216
20 	 4 	  0.281 	 -0.000 	  0.181
20 	 5 	  0.216 	 -0.000 	  0.139
20 	 6 	  0.142 	 -0.000 	  0.091
20 	 7 	  0.062 	 -0.000 	  0.040
20 	 8 	 -0.021 	 -0.000 	 -0.013
20 	 9 	 -0.102 	 -0.000 	 -0.066
20 	 10 	 -0.179 	 -0.000 	 -0.116
20 	 11 	 -0.249 	 -0.000 	 -0.161
20 	 12 	 -0.309 	 -0.000 	 -0.200
20 	 13 	 -0.356 	 -0.000 	 -0.230
20 	 14 	 -0.389 	 -0.000 	 -0.251
20 	 15 	 -0.405 	 -0.000 	 -0.262
20 	 16 	 -0.405 	  0.000 	 -0.262
20 	 17 	 -0.389 	  0.000 	 -0.251
20 	 18 	 -0.356 	  0.000 	 -0.230
20 	 19 	 -0.309 	  0.000 	 -0.200
20 	 20 	 -0.249 	  0.000 	 -0.161
20 	 21 	 -0.179 	  0.000 	 -0.116
20 	 22 	 -0.102 	  0.000 	 -0.066
20 	 23 	 -0.021 	  0.000 	 -0.013
20 	 24 	  0.062 	  0.000 	  0.040
20 	 25 	  0.142 	  0.000 	  0.091
20 	 26 	  0.216 	  0.000 	  0.139
20 	 27 	  0.281 	  0.000 	  0.181
20 	 28 	  0.334 	  0.000 	  0.216
20 	 29 	  0.374 	  0.000 	  0.242
20 	 30 	  0.399 	  0.000 	  0.258

21 	 0 	  0.293 	 -0.000 	  0.299
21 	 1 	  0.287 	 -0.000 	  0.293
21 	 2 	  0.269 	 -0.000 	  0.275
21 	 3 	  0.241 	 -0.000 	  0.245
21 	 4 	  0.202 	 -0.000 	  0.206
21 	 5 	  0.155 	 -0.000 	  0.158
21 	 6 	  0.102 	 -0.000 	  0.104
21 	 7 	  0.044 	 -0.000 	  0.045
21 	 8 	 -0.015 	 -0.000 	 -0.015
21 	 9 	 -0.073 	 -0.000 	 -0.075
21 	 10 	 -0.129 	 -0.000 	 -0.132
21 	 11 	 -0.179 	 -0.000 	 -0.183
21 	 12 	 -0.222 	 -0.000 	 -0.227
21 	 13 	 -0.256 	 -0.000 	 -0.261
21 	 14 	 -0.280 	 -0.000 	 -0.285
21 	 15 	 -0.292 	 -0.000 	 -0.297
21 	 16 	 -0.292 	  0.000 	 -0.297
21 	 17 	 -0.280 	  0.000 	 -0.285
21 	 18 	 -0.256 	  0.000 	 -0.261
21 	 19 	 -0.222 	  0.000 	 -0.227
21 	 20 	 -0.179 	  0.000 	 -0.183
21 	 21 	 -0.129 	  0.000 	 -0.132
21 	 22 	 -0.073 	  0.000 	 -0.075
21 	 23 	 -0.015 	  0.000 	 -0.015
21 	 24 	  0.044 	  0.000 	  0.045
21 	 25 	  0.102 	  0.000 	  0.104
21 	 26 	  0.155 	  0.000 	  0.158
21 	 27 	  0.202 	  0.000 	  0.206
21 	 28 	  0.241 	  0.000 	  0.245
21 	 29 	  0.269 	  0.000 	  0.275
21 	 30 	  0.287 	  0.000 	  0.293

22 	 0 	  0.167 	 -0.000 	  0.322
22 	 1 	  0.163 	 -0.000 	  0.316
22 	 2 	  0.153 	 -0.000 	  0.296
22 	 3 	  0.137 	 -0.000 	  0.264
22 	 4 	  0.115 	 -0.000 	  0.222
22 	 5 	  0.088 	 -0.000 	  0.170
22 	 6 	  0.058 	 -0.000 	  0.112
22 	 7 	  0.025 	 -0.000 	  0.049
22 	 8 	 -0.008 	 -0.000 	 -0.016
22 	 9 	 -0.042 	 -0.000 	 -0.081
22 	 10 	 -0.073 	 -0.000 	 -0.142
22 	 11 	 -0.102 	 -0.000 	 -0.197
22 	 12 	 -0.127 	 -0.000 	 -0.245
22 	 13 	 -0.146 	 -0.000 	 -0.282
22 	 14 	 -0.159 	 -0.000 	 -0.307
22 	 15 	 -0.166 	 -0.000 	 -0.321
22 	 16 	 -0.166 	  0.000 	 -0.321
22 	 17 	 -0.159 	  0.000 	 -0.307
22 	 18 	 -0.146 	  0.000 	 -0.282
22 	 19 	 -0.127 	  0.000 	 -0.245
22 	 20 	 -0.102 	  0.000 	 -0.197
22 	 21 	 -0.073 	  0.000 	 -0.142
22 	 22 	 -0.042 	  0.000 	 -0.081
22 	 23 	 -0.008 	  0.000 	 -0.016
22 	 24 	  0.025 	  0.000 	  0.049
22 	 25 	  0.058 	  0.000 	  0.112
22 	 26 	  0.088 	  0.000 	  0.170
22 	 27 	  0.115 	  0.000 	  0.222
22 	 28 	  0.137 	  0.000 	  0.264
22 	 29 	  0.153 	  0.000 	  0.296
22 	 30 	  0.163 	  0.000 	  0.316

23 	 0 	  0.034 	 -0.000 	  0.332
23 	 1 	  0.033 	 -0.000 	  0.326
23 	 2 	  0.031 	 -0.000 	  0.306
23 	 3 	  0.028 	 -0.000 	  0.273
23 	 4 	  0.023 	 -0.000 	  0.229
23 	 5 	  0.018 	 -0.000 	  0.176
23 	 6 	  0.012 	 -0.000 	  0.115
23 	 7 	  0.005 	 -0.000 	  0.050
23 	 8 	 -0.002 	 -0.000 	 -0.017
23 	 9 	 -0.008 	 -0.000 	 -0.083
23 	 10 	 -0.015 	 -0.000 	 -0.146
23 	 11 	 -0.021 	 -0.000 	 -0.203
23 	 12 	 -0.026 	 -0.000 	 -0.252
23 	 13 	 -0.029 	 -0.000 	 -0.291
23 	 14 	 -0.032 	 -0.000 	 -0.317
23 	 15 	 -0.034 	 -0.000 	 -0.331
23 	 16 	 -0.034 	  0.000 	 -0.331
23 	 17 	 -0.032 	  0.000 	 -0.317
23 	 18 	 -0.029 	  0.000 	 -0.291
23 	 19 	 -0.026 	  0.000 	 -0.252
23 	 20 	 -0.021 	  0.000 	 -0.203
23 	 21 	 -0.015 	  0.000 	 -0.146
23 	 22 	 -0.008 	  0.000 	 -0.083
23 	 23 	 -0.002 	  0.000 	 -0.017
23 	 24 	  0.005 	  0.000 	  0.050
23 	 25 	  0.012 	  0.000 	  0.115
23 	 26 	  0.018 	  0.000 	  0.176
23 	 27 	  0.023 	  0.000 	  0.229
23 	 28 	  0.028 	  0.000 	  0.273
23 	 29 	  0.031 	  0.000 	  0.306
23 	 30 	  0.033 	  0.000 	  0.326

24 	 0 	 -0.101 	  0.000 	  0.329
24 	 1 	 -0.099 	  0.000 	  0.322
24 	 2 	 -0.093 	  0.000 	  0.302
24 	 3 	 -0.083 	  0.000 	  0.270
24 	 4 	 -0.069 	  0.000 	  0.227
24 	 5 	 -0.053 	  0.000 	  0.174
24 	 6 	 -0.035 	  0.000 	  0.114
24 	 7 	 -0.015 	  0.000 	  0.050
24 	 8 	  0.005 	  0.000 	 -0.017
24 	 9 	  0.025 	  0.000 	 -0.082
24 	 10 	  0.044 	  0.000 	 -0.145
24 	 11 	  0.062 	  0.000 	 -0.201
24 	 12 	  0.076 	  0.000 	 -0.250
24 	 13 	  0.088 	  0.000 	 -0.288
24 	 14 	  0.096 	  0.000 	 -0.314
24 	 15 	  0.100 	  0.000 	 -0.327
24 	 16 	  0.100 	 -0.000 	 -0.327
24 	 17 	  0.096 	 -0.000 	 -0.314
24 	 18 	  0.088 	 -0.000 	 -0.288
24 	 19 	  0.076 	 -0.000 	 -0.250
24 	 20 	  0.062 	 -0.000 	 -0.201
24 	 21 	  0.044 	 -0.000 	 -0.145
24 	 22 	  0.025 	 -0.000 	 -0.082
24 	 23 	  0.005 	 -0.000 	 -0.017
24 	 24 	 -0.015 	 -0.000 	  0.050
24 	 25 	 -0.035 	 -0.000 	  0.114
24 	 26 	 -0.053 	 -0.000 	  0.174
24 	 27 	 -0.069 	 -0.000 	  0.227
24 	 28 	 -0.083 	 -0.000 	  0.270
24 	 29 	 -0.093 	 -0.000 	  0.302
24 	 30 	 -0.099 	 -0.000 	  0.322

25 	 0 	 -0.231 	  0.000 	  0.312
25 	 1 	 -0.226 	  0.000 	  0.306
25 	 2 	 -0.212 	  0.000 	  0.287
25 	 3 	 -0.190 	  0.000 	  0.256
25 	 4 	 -0.159 	  0.000 	  0.215
25 	 5 	 -0.122 	  0.000 	  0.165
25 	 6 	 -0.080 	  0.000 	  0.108
25 	 7 	 -0.035 	  0.000 	  0.047
25 	 8 	  0.012 	  0.000 	 -0.016
25 	 9 	  0.058 	  0.000 	 -0.078
25 	 10 	  0.102 	  0.000 	 -0.137
25 	 11 	  0.142 	  0.000 	 -0.191
25 	 12 	  0.175 	  0.000 	 -0.237
25 	 13 	  0.202 	  0.000 	 -0.273
25 	 14 	  0.221 	  0.000 	 -0.298
25 	 15 	  0.230 	  0.000 	 -0.311
25 	 16 	  0.230 	 -0.000 	 -0.311
25 	 17 	  0.221 	 -0.000 	 -0.298
25 	 18 	  0.202 	 -0.000 	 -0.273
25 	 19 	  0.175 	 -0.000 	 -0.237
25 	 20 	  0.142 	 -0.000 	 -0.191
25 	 21 	  0.102 	 -0.000 	 -0.137
25 	 22 	  0.058 	 -0.000 	 -0.078
25 	 23 	  0.012 	 -0.000 	 -0.016
25 	 24 	 -0.035 	 -0.000 	  0.047
25 	 25 	 -0.080 	 -0.000 	  0.108
25 	 26 	 -0.122 	 -0.000 	  0.165
25 	 27 	 -0.159 	 -0.000 	  0.215
25 	 28 	 -0.190 	 -0.000 	  0.256
25 	 29 	 -0.212 	 -0.000 	  0.287
25 	 30 	 -0.226 	 -0.000 	  0.306

26 	 0 	 -0.352 	  0.000 	  0.282
26 	 1 	 -0.345 	  0.000 	  0.277
26 	 2 	 -0.324 	  0.000 	  0.260
26 	 3 	 -0.289 	  0.000 	  0.232
26 	 4 	 -0.243 	  0.000 	  0.195
26 	 5 	 -0.186 	  0.000 	  0.149
26 	 6 	 -0.122 	  0.000 	  0.098
26 	 7 	 -0.053 	  0.000 	  0.043
26 	 8 	  0.018 	  0.000 	 -0.014
26 	 9 	  0.088 	  0.000 	 -0.071
26 	 10 	  0.155 	  0.000 	 -0.124
26 	 11 	  0.216 	  0.000 	 -0.173
26 	 12 	  0.267 	  0.000 	 -0.214
26 	 13 	  0.308 	  0.000 	 -0.247
26 	 14 	  0.336 	  0.000 	 -0.270
26 	 15 	  0.350 	  0.000 	 -0.281
26 	 16 	  0.350 	 -0.000 	 -0.281
26 	 17 	  0.336 	 -0.000 	 -0.270
26 	 18 	  0.308 	 -0.000 	 -0.247
26 	 19 	  0.267 	 -0.000 	 -0.214
26 	 20 	  0.216 	 -0.000 	 -0.173
26 	 21 	  0.155 	 -0.000 	 -0.124
26 	 22 	  0.088 	 -0.000 	 -0.071
26 	 23 	  0.018 	 -0.000 	 -0.014
26 	 24 	 -0.053 	 -0.000 	  0.043
26 	 25 	 -0.122 	 -0.000 	  0.098
26 	 26 	 -0.186 	 -0.000 	  0.149
26 	 27 	 -0.243 	 -0.000 	  0.195
26 	 28 	 -0.289 	 -0.000 	  0.232
26 	 29 	 -0.324 	 -0.000 	  0.260
26 	 30 	 -0.345 	 -0.000 	  0.277

27 	 0 	 -0.459 	  0.000 	  0.241
27 	 1 	 -0.449 	  0.000 	  0.236
27 	 2 	 -0.422 	  0.000 	  0.222
27 	 3 	 -0.376 	  0.000 	  0.198
27 	 4 	 -0.316 	  0.000 	  0.166
27 	 5 	 -0.243 	  0.000 	  0.128
27 	 6 	 -0.159 	  0.000 	  0.084
27 	 7 	 -0.069 	  0.000 	  0.037
27 	 8 	  0.023 	  0.000 	 -0.012
27 	 9 	  0.115 	  0.000 	 -0.060
27 	 10 	  0.202 	  0.000 	 -0.106
27 	 11 	  0.281 	  0.000 	 -0.148
27 	 12 	  0.348 	  0.000 	 -0.183
27 	 13 	  0.401 	  0.000 	 -0.211
27 	 14 	  0.438 	  0.000 	 -0.230
27 	 15 	  0.456 	  0.000 	 -0.240
27 	 16 	  0.456 	 -0.000 	 -0.240
27 	 17 	  0.438 	 -0.000 	 -0.230
27 	 18 	  0.401 	 -0.000 	 -0.211
27 	 19 	  0.348 	 -0.000 	 -0.183
27 	 20 	  0.281 	 -0.000 	 -0.148
27 	 21 	  0.202 	 -0.000 	 -0.106
27 	 22 	  0.115 	 -0.000 	 -0.060
27 	 23 	  0.023 	 -0.000 	 -0.012
27 	 24 	 -0.069 	 -0.000 	  0.037
27 	 25 	 -0.159 	 -0.000 	  0.084
27 	 26 	 -0.243 	 -0.000 	  0.128
27 	 27 	 -0.316 	 -0.000 	  0.166
27 	 28 	 -0.376 	 -0.000 	  0.198
27 	 29 	 -0.422 	 -0.000 	  0.222
27 	 30 	 -0.449 	 -0.000 	  0.236

28 	 0 	 -0.546 	  0.000 	  0.190
28 	 1 	 -0.535 	  0.000 	  0.186
28 	 2 	 -0.502 	  0.000 	  0.175
28 	 3 	 -0.448 	  0.000 	  0.156
28 	 4 	 -0.376 	  0.000 	  0.131
28 	 5 	 -0.289 	  0.000 	  0.101
28 	 6 	 -0.190 	  0.000 	  0.066
28 	 7 	 -0.083 	  0.000 	  0.029
28 	 8 	  0.028 	  0.000 	 -0.010
28 	 9 	  0.137 	  0.000 	 -0.048
28 	 10 	  0.241 	  0.000 	 -0.084
28 	 11 	  0.334 	  0.000 	 -0.116
28 	 12 	  0.415 	  0.000 	 -0.144
28 	 13 	  0.478 	  0.000 	 -0.166
28 	 14 	  0.521 	  0.000 	 -0.181
28 	 15 	  0.544 	  0.000 	 -0.189
28 	 16 	  0.544 	 -0.000 	 -0.189
28 	 17 	  0.521 	 -0.000 	 -0.181
28 	 18 	  0.478 	 -0.000 	 -0.166
28 	 19 	  0.415 	 -0.000 	 -0.144
28 	 20 	  0.334 	 -0.000 	 -0.116
28 	 21 	  0.241 	 -0.000 	 -0.084
28 	 22 	  0.137 	 -0.000 	 -0.048
28 	 23 	  0.028 	 -0.000 	 -0.010
28 	 24 	 -0.083 	 -0.000 	  0.029
28 	 25 	 -0.190 	 -0.000 	  0.066
28 	 26 	 -0.289 	 -0.000 	  0.101
28 	 27 	 -0.376 	 -0.000 	  0.131
28 	 28 	 -0.448 	 -0.000 	  0.156
28 	 29 	 -0.502 	 -0.000 	  0.175
28 	 30 	 -0.535 	 -0.000 	  0.186

29 	 0 	 -0.612 	  0.000 	  0.131
29 	 1 	 -0.599 	  0.000 	  0.129
29 	 2 	 -0.562 	  0.000 	  0.121
29 	 3 	 -0.502 	  0.000 	  0.108
29 	 4 	 -0.422 	  0.000 	  0.090
29 	 5 	 -0.324 	  0.000 	  0.069
29 	 6 	 -0.212 	  0.000 	  0.046
29 	 7 	 -0.093 	  0.000 	  0.020
29 	 8 	  0.031 	  0.000 	 -0.007
29 	 9 	  0.153 	  0.000 	 -0.033
29 	 10 	  0.269 	  0.000 	 -0.058
29 	 11 	  0.374 	  0.000 	 -0.080
29 	 12 	  0.464 	  0.000 	 -0.100
29 	 13 	  0.535 	  0.000 	 -0.115
29 	 14 	  0.584 	  0.000 	 -0.125
29 	 15 	  0.609 	  0.000 	 -0.131
29 	 16 	  0.609 	 -0.000 	 -0.131
29 	 17 	  0.584 	 -0.000 	 -0.125
29 	 18 	  0.535 	 -0.000 	 -0.115
29 	 19 	  0.464 	 -0.000 	 -0.100
29 	 20 	  0.374 	 -0.000 	 -0.080
29 	 21 	  0.269 	 -0.000 	 -0.058
29 	 22 	  0.153 	 -0.000 	 -0.033
29 	 23 	  0.031 	 -0.000 	 -0.007
29 	 24 	 -0.093 	 -0.000 	  0.020
29 	 25 	 -0.212 	 -0.000 	  0.046
29 	 26 	 -0.324 	 -0.000 	  0.069
29 	 27 	 -0.422 	 -0.000 	  0.090
29 	 28 	 -0.502 	 -0.000 	  0.108
29 	 29 	 -0.562 	 -0.000 	  0.121
29 	 30 	 -0.599 	 -0.000 	  0.129

30 	 0 	 -0.652 	  0.000 	  0.067
30 	 1 	 -0.639 	  0.000 	  0.066
30 	 2 	 -0.599 	  0.000 	  0.062
30 	 3 	 -0.535 	  0.000 	  0.055
30 	 4 	 -0.449 	  0.000 	  0.046
30 	 5 	 -0.345 	  0.000 	  0.035
30 	 6 	 -0.226 	  0.000 	  0.023
30 	 7 	 -0.099 	  0.000 	  0.010
30 	 8 	  0.033 	  0.000 	 -0.003
30 	 9 	  0.163 	  0.000 	 -0.017
30 	 10 	  0.287 	  0.000 	 -0.030
30 	 11 	  0.399 	  0.000 	 -0.041
30 	 12 	  0.495 	  0.000 	 -0.051
30 	 13 	  0.570 	  0.000 	 -0.059
30 	 14 	  0.622 	  0.000 	 -0.064
30 	 15 	  0.649 	  0.000 	 -0.067
30 	 16 	  0.649 	 -0.000 	 -0.067
30 	 17 	  0.622 	 -0.000 	 -0.064
30 	 18 	  0.570 	 -0.000 	 -0.059
30 	 19 	  0.495 	 -0.000 	 -0.051
30 	 20 	  0.399 	 -0.000 	 -0.041
30 	 21 	  0.287 	 -0.000 	 -0.030
30 	 22 	  0.163 	 -0.000 	 -0.017
30 	 23 	  0.033 	 -0.000 	 -0.003
30 	 24 	 -0.099 	 -0.000 	  0.010
30 	 25 	 -0.226 	 -0.000 	  0.023
30 	 26 	 -0.345 	 -0.000 	  0.035
30 	 27 	 -0.449 	 -0.000 	  0.046
30 	 28 	 -0.535 	 -0.000 	  0.055
30 	 29 	 -0.599 	 -0.000 	  0.062
30 	 30 	 -0.639 	 -0.000 	  0.066

