0 	 0 	 -1.884 	  0.000 	 -0.000
0 	 1 	 -1.845 	  0.000 	 -0.000
0 	 2 	 -1.731 	  0.001 	 -0.000
0 	 3 	 -1.546 	  0.001 	 -0.000
0 	 4 	 -1.298 	  0.002 	 -0.000
0 	 5 	 -0.996 	  0.002 	 -0.000
0 	 6 	 -0.654 	  0.002 	 -0.000
0 	 7 	 -0.285 	  0.002 	 -0.000
0 	 8 	  0.095 	  0.002 	  0.000
0 	 9 	  0.472 	  0.002 	  0.000
0 	 10 	  0.829 	  0.002 	  0.000
0 	 11 	  1.153 	  0.002 	  0.000
0 	 12 	  1.429 	  0.002 	  0.000
0 	 13 	  1.647 	  0.001 	  0.000
0 	 14 	  1.797 	  0.001 	  0.000
0 	 15 	  1.874 	  0.000 	  0.000
0 	 16 	  1.874 	 -0.000 	  0.000
0 	 17 	  1.797 	 -0.001 	  0.000
0 	 18 	  1.647 	 -0.001 	  0.000
0 	 19 	  1.429 	 -0.002 	  0.000
0 	 20 	  1.153 	 -0.002 	  0.000
0 	 21 	  0.829 	 -0.002 	  0.000
0 	 22 	  0.472 	 -0.002 	  0.000
0 	 23 	  0.095 	 -0.002 	  0.000
0 	 24 	 -0.285 	 -0.002 	 -0.000
0 	 25 	 -0.654 	 -0.002 	 -0.000
0 	 26 	 -0.996 	 -0.002 	 -0.000
0 	 27 	 -1.298 	 -0.002 	 -0.000
0 	 28 	 -1.546 	 -0.001 	 -0.000
0 	 29 	 -1.731 	 -0.001 	 -0.000
0 	 30 	 -1.845 	 -0.000 	 -0.000

1 	 0 	 -1.845 	  0.000 	 -0.190
1 	 1 	 -1.807 	  0.000 	 -0.186
1 	 2 	 -1.695 	  0.001 	 -0.174
1 	 3 	 -1.514 	  0.001 	 -0.156
1 	 4 	 -1.271 	  0.002 	 -0.131
1 	 5 	 -0.976 	  0.002 	 -0.100
1 	 6 	 -0.641 	  0.002 	 -0.066
1 	 7 	 -0.279 	  0.002 	 -0.029
1 	 8 	  0.093 	  0.002 	  0.010
1 	 9 	  0.462 	  0.002 	  0.048
1 	 10 	  0.813 	  0.002 	  0.083
1 	 11 	  1.129 	  0.002 	  0.116
1 	 12 	  1.400 	  0.002 	  0.144
1 	 13 	  1.613 	  0.001 	  0.166
1 	 14 	  1.760 	  0.001 	  0.181
1 	 15 	  1.836 	  0.000 	  0.189
1 	 16 	  1.836 	 -0.000 	  0.189
1 	 17 	  1.760 	 -0.001 	  0.181
1 	 18 	  1.613 	 -0.001 	  0.166
1 	 19 	  1.400 	 -0.002 	  0.144
1 	 20 	  1.129 	 -0.002 	  0.116
1 	 21 	  0.813 	 -0.002 	  0.083
1 	 22 	  0.462 	 -0.002 	  0.048
1 	 23 	  0.093 	 -0.002 	  0.010
1 	 24 	 -0.279 	 -0.002 	 -0.029
1 	 25 	 -0.641 	 -0.002 	 -0.066
1 	 26 	 -0.976 	 -0.002 	 -0.100
1 	 27 	 -1.271 	 -0.002 	 -0.131
1 	 28 	 -1.514 	 -0.001 	 -0.156
1 	 29 	 -1.695 	 -0.001 	 -0.174
1 	 30 	 -1.807 	 -0.000 	 -0.186

2 	 0 	 -1.731 	  0.000 	 -0.371
2 	 1 	 -1.695 	  0.000 	 -0.364
2 	 2 	 -1.591 	  0.001 	 -0.341
2 	 3 	 -1.421 	  0.001 	 -0.305
2 	 4 	 -1.193 	  0.002 	 -0.256
2 	 5 	 -0.916 	  0.002 	 -0.196
2 	 6 	 -0.601 	  0.002 	 -0.129
2 	 7 	 -0.262 	  0.002 	 -0.056
2 	 8 	  0.088 	  0.002 	  0.019
2 	 9 	  0.434 	  0.002 	  0.093
2 	 10 	  0.762 	  0.002 	  0.164
2 	 11 	  1.059 	  0.002 	  0.227
2 	 12 	  1.313 	  0.001 	  0.282
2 	 13 	  1.513 	  0.001 	  0.325
2 	 14 	  1.652 	  0.001 	  0.354
2 	 15 	  1.722 	  0.000 	  0.369
2 	 16 	  1.722 	 -0.000 	  0.369
2 	 17 	  1.652 	 -0.001 	  0.354
2 	 18 	  1.513 	 -0.001 	  0.325
2 	 19 	  1.313 	 -0.001 	  0.282
2 	 20 	  1.059 	 -0.002 	  0.227
2 	 21 	  0.762 	 -0.002 	  0.164
2 	 22 	  0.434 	 -0.002 	  0.093
2 	 23 	  0.088 	 -0.002 	  0.019
2 	 24 	 -0.262 	 -0.002 	 -0.056
2 	 25 	 -0.601 	 -0.002 	 -0.129
2 	 26 	 -0.916 	 -0.002 	 -0.196
2 	 27 	 -1.193 	 -0.002 	 -0.256
2 	 28 	 -1.421 	 -0.001 	 -0.305
2 	 29 	 -1.591 	 -0.001 	 -0.341
2 	 30 	 -1.695 	 -0.000 	 -0.364

3 	 0 	 -1.546 	  0.000 	 -0.538
3 	 1 	 -1.514 	  0.000 	 -0.527
3 	 2 	 -1.421 	  0.001 	 -0.494
3 	 3 	 -1.269 	  0.001 	 -0.442
3 	 4 	 -1.065 	  0.001 	 -0.371
3 	 5 	 -0.818 	  0.002 	 -0.285
3 	 6 	 -0.537 	  0.002 	 -0.187
3 	 7 	 -0.234 	  0.002 	 -0.081
3 	 8 	  0.078 	  0.002 	  0.027
3 	 9 	  0.387 	  0.002 	  0.135
3 	 10 	  0.681 	  0.002 	  0.237
3 	 11 	  0.946 	  0.002 	  0.329
3 	 12 	  1.173 	  0.001 	  0.408
3 	 13 	  1.352 	  0.001 	  0.470
3 	 14 	  1.475 	  0.001 	  0.513
3 	 15 	  1.538 	  0.000 	  0.535
3 	 16 	  1.538 	 -0.000 	  0.535
3 	 17 	  1.475 	 -0.001 	  0.513
3 	 18 	  1.352 	 -0.001 	  0.470
3 	 19 	  1.173 	 -0.001 	  0.408
3 	 20 	  0.946 	 -0.002 	  0.329
3 	 21 	  0.681 	 -0.002 	  0.237
3 	 22 	  0.387 	 -0.002 	  0.135
3 	 23 	  0.078 	 -0.002 	  0.027
3 	 24 	 -0.234 	 -0.002 	 -0.081
3 	 25 	 -0.537 	 -0.002 	 -0.187
3 	 26 	 -0.818 	 -0.002 	 -0.285
3 	 27 	 -1.065 	 -0.001 	 -0.371
3 	 28 	 -1.269 	 -0.001 	 -0.442
3 	 29 	 -1.421 	 -0.001 	 -0.494
3 	 30 	 -1.514 	 -0.000 	 -0.527

4 	 0 	 -1.298 	  0.000 	 -0.683
4 	 1 	 -1.271 	  0.000 	 -0.669
4 	 2 	 -1.193 	  0.001 	 -0.627
4 	 3 	 -1.065 	  0.001 	 -0.560
4 	 4 	 -0.894 	  0.001 	 -0.470
4 	 5 	 -0.686 	  0.001 	 -0.361
4 	 6 	 -0.451 	  0.002 	 -0.237
4 	 7 	 -0.197 	  0.002 	 -0.103
4 	 8 	  0.066 	  0.002 	  0.035
4 	 9 	  0.325 	  0.002 	  0.171
4 	 10 	  0.571 	  0.002 	  0.301
4 	 11 	  0.794 	  0.001 	  0.418
4 	 12 	  0.985 	  0.001 	  0.518
4 	 13 	  1.135 	  0.001 	  0.597
4 	 14 	  1.238 	  0.001 	  0.651
4 	 15 	  1.291 	  0.000 	  0.679
4 	 16 	  1.291 	 -0.000 	  0.679
4 	 17 	  1.238 	 -0.001 	  0.651
4 	 18 	  1.135 	 -0.001 	  0.597
4 	 19 	  0.985 	 -0.001 	  0.518
4 	 20 	  0.794 	 -0.001 	  0.418
4 	 21 	  0.571 	 -0.002 	  0.301
4 	 22 	  0.325 	 -0.002 	  0.171
4 	 23 	  0.066 	 -0.002 	  0.035
4 	 24 	 -0.197 	 -0.002 	 -0.103
4 	 25 	 -0.451 	 -0.002 	 -0.237
4 	 26 	 -0.686 	 -0.001 	 -0.361
4 	 27 	 -0.894 	 -0.001 	 -0.470
4 	 28 	 -1.065 	 -0.001 	 -0.560
4 	 29 	 -1.193 	 -0.001 	 -0.627
4 	 30 	 -1.271 	 -0.000 	 -0.669

5 	 0 	 -0.996 	  0.000 	 -0.799
5 	 1 	 -0.976 	  0.000 	 -0.783
5 	 2 	 -0.916 	  0.001 	 -0.734
5 	 3 	 -0.818 	  0.001 	 -0.656
5 	 4 	 -0.686 	  0.001 	 -0.551
5 	 5 	 -0.527 	  0.001 	 -0.423
5 	 6 	 -0.346 	  0.001 	 -0.278
5 	 7 	 -0.151 	  0.001 	 -0.121
5 	 8 	  0.050 	  0.001 	  0.040
5 	 9 	  0.250 	  0.001 	  0.200
5 	 10 	  0.439 	  0.001 	  0.352
5 	 11 	  0.610 	  0.001 	  0.489
5 	 12 	  0.756 	  0.001 	  0.606
5 	 13 	  0.871 	  0.001 	  0.699
5 	 14 	  0.951 	  0.000 	  0.763
5 	 15 	  0.991 	  0.000 	  0.795
5 	 16 	  0.991 	 -0.000 	  0.795
5 	 17 	  0.951 	 -0.000 	  0.763
5 	 18 	  0.871 	 -0.001 	  0.699
5 	 19 	  0.756 	 -0.001 	  0.606
5 	 20 	  0.610 	 -0.001 	  0.489
5 	 21 	  0.439 	 -0.001 	  0.352
5 	 22 	  0.250 	 -0.001 	  0.200
5 	 23 	  0.050 	 -0.001 	  0.040
5 	 24 	 -0.151 	 -0.001 	 -0.121
5 	 25 	 -0.346 	 -0.001 	 -0.278
5 	 26 	 -0.527 	 -0.001 	 -0.423
5 	 27 	 -0.686 	 -0.001 	 -0.551
5 	 28 	 -0.818 	 -0.001 	 -0.656
5 	 29 	 -0.916 	 -0.001 	 -0.734
5 	 30 	 -0.976 	 -0.000 	 -0.783

6 	 0 	 -0.654 	  0.000 	 -0.883
6 	 1 	 -0.641 	  0.000 	 -0.865
6 	 2 	 -0.601 	  0.000 	 -0.812
6 	 3 	 -0.537 	  0.000 	 -0.725
6 	 4 	 -0.451 	  0.001 	 -0.608
6 	 5 	 -0.346 	  0.001 	 -0.467
6 	 6 	 -0.227 	  0.001 	 -0.307
6 	 7 	 -0.099 	  0.001 	 -0.134
6 	 8 	  0.033 	  0.001 	  0.045
6 	 9 	  0.164 	  0.001 	  0.221
6 	 10 	  0.288 	  0.001 	  0.389
6 	 11 	  0.400 	  0.001 	  0.541
6 	 12 	  0.496 	  0.001 	  0.670
6 	 13 	  0.572 	  0.000 	  0.772
6 	 14 	  0.624 	  0.000 	  0.843
6 	 15 	  0.651 	  0.000 	  0.879
6 	 16 	  0.651 	 -0.000 	  0.879
6 	 17 	  0.624 	 -0.000 	  0.843
6 	 18 	  0.572 	 -0.000 	  0.772
6 	 19 	  0.496 	 -0.001 	  0.670
6 	 20 	  0.400 	 -0.001 	  0.541
6 	 21 	  0.288 	 -0.001 	  0.389
6 	 22 	  0.164 	 -0.001 	  0.221
6 	 23 	  0.033 	 -0.001 	  0.045
6 	 24 	 -0.099 	 -0.001 	 -0.134
6 	 25 	 -0.227 	 -0.001 	 -0.307
6 	 26 	 -0.346 	 -0.001 	 -0.467
6 	 27 	 -0.451 	 -0.001 	 -0.608
6 	 28 	 -0.537 	 -0.000 	 -0.725
6 	 29 	 -0.601 	 -0.000 	 -0.812
6 	 30 	 -0.641 	 -0.000 	 -0.865

7 	 0 	 -0.285 	  0.000 	 -0.931
7 	 1 	 -0.279 	  0.000 	 -0.912
7 	 2 	 -0.262 	  0.000 	 -0.855
7 	 3 	 -0.234 	  0.000 	 -0.764
7 	 4 	 -0.197 	  0.000 	 -0.641
7 	 5 	 -0.151 	  0.000 	 -0.492
7 	 6 	 -0.099 	  0.000 	 -0.323
7 	 7 	 -0.043 	  0.000 	 -0.141
7 	 8 	  0.014 	  0.000 	  0.047
7 	 9 	  0.071 	  0.000 	  0.233
7 	 10 	  0.126 	  0.000 	  0.410
7 	 11 	  0.175 	  0.000 	  0.570
7 	 12 	  0.216 	  0.000 	  0.706
7 	 13 	  0.249 	  0.000 	  0.814
7 	 14 	  0.272 	  0.000 	  0.888
7 	 15 	  0.284 	  0.000 	  0.926
7 	 16 	  0.284 	 -0.000 	  0.926
7 	 17 	  0.272 	 -0.000 	  0.888
7 	 18 	  0.249 	 -0.000 	  0.814
7 	 19 	  0.216 	 -0.000 	  0.706
7 	 20 	  0.175 	 -0.000 	  0.570
7 	 21 	  0.126 	 -0.000 	  0.410
7 	 22 	  0.071 	 -0.000 	  0.233
7 	 23 	  0.014 	 -0.000 	  0.047
7 	 24 	 -0.043 	 -0.000 	 -0.141
7 	 25 	 -0.099 	 -0.000 	 -0.323
7 	 26 	 -0.151 	 -0.000 	 -0.492
7 	 27 	 -0.197 	 -0.000 	 -0.641
7 	 28 	 -0.234 	 -0.000 	 -0.764
7 	 29 	 -0.262 	 -0.000 	 -0.855
7 	 30 	 -0.279 	 -0.000 	 -0.912

8 	 0 	  0.095 	 -0.000 	 -0.941
8 	 1 	  0.093 	 -0.000 	 -0.921
8 	 2 	  0.088 	 -0.000 	 -0.864
8 	 3 	  0.078 	 -0.000 	 -0.772
8 	 4 	  0.066 	 -0.000 	 -0.648
8 	 5 	  0.050 	 -0.000 	 -0.498
8 	 6 	  0.033 	 -0.000 	 -0.327
8 	 7 	  0.014 	 -0.000 	 -0.142
8 	 8 	 -0.005 	 -0.000 	  0.048
8 	 9 	 -0.024 	 -0.000 	  0.236
8 	 10 	 -0.042 	 -0.000 	  0.414
8 	 11 	 -0.058 	 -0.000 	  0.576
8 	 12 	 -0.072 	 -0.000 	  0.714
8 	 13 	 -0.083 	 -0.000 	  0.822
8 	 14 	 -0.091 	 -0.000 	  0.897
8 	 15 	 -0.095 	 -0.000 	  0.936
8 	 16 	 -0.095 	  0.000 	  0.936
8 	 17 	 -0.091 	  0.000 	  0.897
8 	 18 	 -0.083 	  0.000 	  0.822
8 	 19 	 -0.072 	  0.000 	  0.714
8 	 20 	 -0.058 	  0.000 	  0.576
8 	 21 	 -0.042 	  0.000 	  0.414
8 	 22 	 -0.024 	  0.000 	  0.236
8 	 23 	 -0.005 	  0.000 	  0.048
8 	 24 	  0.014 	  0.000 	 -0.142
8 	 25 	  0.033 	  0.000 	 -0.327
8 	 26 	  0.050 	  0.000 	 -0.498
8 	 27 	  0.066 	  0.000 	 -0.648
8 	 28 	  0.078 	  0.000 	 -0.772
8 	 29 	  0.088 	  0.000 	 -0.864
8 	 30 	  0.093 	  0.000 	 -0.921

9 	 0 	  0.472 	 -0.000 	 -0.912
9 	 1 	  0.462 	 -0.000 	 -0.893
9 	 2 	  0.434 	 -0.000 	 -0.838
9 	 3 	  0.387 	 -0.000 	 -0.748
9 	 4 	  0.325 	 -0.000 	 -0.628
9 	 5 	  0.250 	 -0.001 	 -0.482
9 	 6 	  0.164 	 -0.001 	 -0.317
9 	 7 	  0.071 	 -0.001 	 -0.138
9 	 8 	 -0.024 	 -0.001 	  0.046
9 	 9 	 -0.118 	 -0.001 	  0.229
9 	 10 	 -0.208 	 -0.001 	  0.402
9 	 11 	 -0.289 	 -0.000 	  0.558
9 	 12 	 -0.358 	 -0.000 	  0.692
9 	 13 	 -0.413 	 -0.000 	  0.797
9 	 14 	 -0.450 	 -0.000 	  0.870
9 	 15 	 -0.470 	 -0.000 	  0.907
9 	 16 	 -0.470 	  0.000 	  0.907
9 	 17 	 -0.450 	  0.000 	  0.870
9 	 18 	 -0.413 	  0.000 	  0.797
9 	 19 	 -0.358 	  0.000 	  0.692
9 	 20 	 -0.289 	  0.000 	  0.558
9 	 21 	 -0.208 	  0.001 	  0.402
9 	 22 	 -0.118 	  0.001 	  0.229
9 	 23 	 -0.024 	  0.001 	  0.046
9 	 24 	  0.071 	  0.001 	 -0.138
9 	 25 	  0.164 	  0.001 	 -0.317
9 	 26 	  0.250 	  0.001 	 -0.482
9 	 27 	  0.325 	  0.000 	 -0.628
9 	 28 	  0.387 	  0.000 	 -0.748
9 	 29 	  0.434 	  0.000 	 -0.838
9 	 30 	  0.462 	  0.000 	 -0.893

10 	 0 	  0.829 	 -0.000 	 -0.846
10 	 1 	  0.813 	 -0.000 	 -0.828
10 	 2 	  0.762 	 -0.000 	 -0.777
10 	 3 	  0.681 	 -0.001 	 -0.694
10 	 4 	  0.571 	 -0.001 	 -0.583
10 	 5 	  0.439 	 -0.001 	 -0.447
10 	 6 	  0.288 	 -0.001 	 -0.294
10 	 7 	  0.126 	 -0.001 	 -0.128
10 	 8 	 -0.042 	 -0.001 	  0.043
10 	 9 	 -0.208 	 -0.001 	  0.212
10 	 10 	 -0.365 	 -0.001 	  0.372
10 	 11 	 -0.508 	 -0.001 	  0.518
10 	 12 	 -0.629 	 -0.001 	  0.642
10 	 13 	 -0.725 	 -0.001 	  0.739
10 	 14 	 -0.791 	 -0.000 	  0.807
10 	 15 	 -0.825 	 -0.000 	  0.841
10 	 16 	 -0.825 	  0.000 	  0.841
10 	 17 	 -0.791 	  0.000 	  0.807
10 	 18 	 -0.725 	  0.001 	  0.739
10 	 19 	 -0.629 	  0.001 	  0.642
10 	 20 	 -0.508 	  0.001 	  0.518
10 	 21 	 -0.365 	  0.001 	  0.372
10 	 22 	 -0.208 	  0.001 	  0.212
10 	 23 	 -0.042 	  0.001 	  0.043
10 	 24 	  0.126 	  0.001 	 -0.128
10 	 25 	  0.288 	  0.001 	 -0.294
10 	 26 	  0.439 	  0.001 	 -0.447
10 	 27 	  0.571 	  0.001 	 -0.583
10 	 28 	  0.681 	  0.001 	 -0.694
10 	 29 	  0.762 	  0.000 	 -0.777
10 	 30 	  0.813 	  0.000 	 -0.828

11 	 0 	  1.153 	 -0.000 	 -0.745
11 	 1 	  1.129 	 -0.000 	 -0.729
11 	 2 	  1.059 	 -0.001 	 -0.684
11 	 3 	  0.946 	 -0.001 	 -0.611
11 	 4 	  0.794 	 -0.001 	 -0.513
11 	 5 	  0.610 	 -0.001 	 -0.394
11 	 6 	  0.400 	 -0.001 	 -0.259
11 	 7 	  0.175 	 -0.001 	 -0.113
11 	 8 	 -0.058 	 -0.002 	  0.038
11 	 9 	 -0.289 	 -0.001 	  0.187
11 	 10 	 -0.508 	 -0.001 	  0.328
11 	 11 	 -0.706 	 -0.001 	  0.456
11 	 12 	 -0.875 	 -0.001 	  0.565
11 	 13 	 -1.008 	 -0.001 	  0.651
11 	 14 	 -1.100 	 -0.000 	  0.711
11 	 15 	 -1.147 	 -0.000 	  0.741
11 	 16 	 -1.147 	  0.000 	  0.741
11 	 17 	 -1.100 	  0.000 	  0.711
11 	 18 	 -1.008 	  0.001 	  0.651
11 	 19 	 -0.875 	  0.001 	  0.565
11 	 20 	 -0.706 	  0.001 	  0.456
11 	 21 	 -0.508 	  0.001 	  0.328
11 	 22 	 -0.289 	  0.001 	  0.187
11 	 23 	 -0.058 	  0.002 	  0.038
11 	 24 	  0.175 	  0.001 	 -0.113
11 	 25 	  0.400 	  0.001 	 -0.259
11 	 26 	  0.610 	  0.001 	 -0.394
11 	 27 	  0.794 	  0.001 	 -0.513
11 	 28 	  0.946 	  0.001 	 -0.611
11 	 29 	  1.059 	  0.001 	 -0.684
11 	 30 	  1.129 	  0.000 	 -0.729

12 	 0 	  1.429 	 -0.000 	 -0.613
12 	 1 	  1.400 	 -0.000 	 -0.601
12 	 2 	  1.313 	 -0.001 	 -0.564
12 	 3 	  1.173 	 -0.001 	 -0.503
12 	 4 	  0.985 	 -0.001 	 -0.423
12 	 5 	  0.756 	 -0.002 	 -0.324
12 	 6 	  0.496 	 -0.002 	 -0.213
12 	 7 	  0.216 	 -0.002 	 -0.093
12 	 8 	 -0.072 	 -0.002 	  0.031
12 	 9 	 -0.358 	 -0.002 	  0.154
12 	 10 	 -0.629 	 -0.002 	  0.270
12 	 11 	 -0.875 	 -0.001 	  0.375
12 	 12 	 -1.084 	 -0.001 	  0.465
12 	 13 	 -1.250 	 -0.001 	  0.536
12 	 14 	 -1.364 	 -0.001 	  0.585
12 	 15 	 -1.422 	 -0.000 	  0.610
12 	 16 	 -1.422 	  0.000 	  0.610
12 	 17 	 -1.364 	  0.001 	  0.585
12 	 18 	 -1.250 	  0.001 	  0.536
12 	 19 	 -1.084 	  0.001 	  0.465
12 	 20 	 -0.875 	  0.001 	  0.375
12 	 21 	 -0.629 	  0.002 	  0.270
12 	 22 	 -0.358 	  0.002 	  0.154
12 	 23 	 -0.072 	  0.002 	  0.031
12 	 24 	  0.216 	  0.002 	 -0.093
12 	 25 	  0.496 	  0.002 	 -0.213
12 	 26 	  0.756 	  0.002 	 -0.324
12 	 27 	  0.985 	  0.001 	 -0.423
12 	 28 	  1.173 	  0.001 	 -0.503
12 	 29 	  1.313 	  0.001 	 -0.564
12 	 30 	  1.400 	  0.000 	 -0.601

13 	 0 	  1.647 	 -0.000 	 -0.457
13 	 1 	  1.613 	 -0.000 	 -0.448
13 	 2 	  1.513 	 -0.001 	 -0.420
13 	 3 	  1.352 	 -0.001 	 -0.375
13 	 4 	  1.135 	 -0.002 	 -0.315
13 	 5 	  0.871 	 -0.002 	 -0.242
13 	 6 	  0.572 	 -0.002 	 -0.159
13 	 7 	  0.249 	 -0.002 	 -0.069
13 	 8 	 -0.083 	 -0.002 	  0.023
13 	 9 	 -0.413 	 -0.002 	  0.115
13 	 10 	 -0.725 	 -0.002 	  0.201
13 	 11 	 -1.008 	 -0.002 	  0.280
13 	 12 	 -1.250 	 -0.001 	  0.347
13 	 13 	 -1.440 	 -0.001 	  0.400
13 	 14 	 -1.571 	 -0.001 	  0.436
13 	 15 	 -1.638 	 -0.000 	  0.455
13 	 16 	 -1.638 	  0.000 	  0.455
13 	 17 	 -1.571 	  0.001 	  0.436
13 	 18 	 -1.440 	  0.001 	  0.400
13 	 19 	 -1.250 	  0.001 	  0.347
13 	 20 	 -1.008 	  0.002 	  0.280
13 	 21 	 -0.725 	  0.002 	  0.201
13 	 22 	 -0.413 	  0.002 	  0.115
13 	 23 	 -0.083 	  0.002 	  0.023
13 	 24 	  0.249 	  0.002 	 -0.069
13 	 25 	  0.572 	  0.002 	 -0.159
13 	 26 	  0.871 	  0.002 	 -0.242
13 	 27 	  1.135 	  0.002 	 -0.315
13 	 28 	  1.352 	  0.001 	 -0.375
13 	 29 	  1.513 	  0.001 	 -0.420
13 	 30 	  1.613 	  0.000 	 -0.448

14 	 0 	  1.797 	 -0.000 	 -0.282
14 	 1 	  1.760 	 -0.000 	 -0.276
14 	 2 	  1.652 	 -0.001 	 -0.259
14 	 3 	  1.475 	 -0.001 	 -0.231
14 	 4 	  1.238 	 -0.002 	 -0.194
14 	 5 	  0.951 	 -0.002 	 -0.149
14 	 6 	  0.624 	 -0.002 	 -0.098
14 	 7 	  0.272 	 -0.002 	 -0.043
14 	 8 	 -0.091 	 -0.002 	  0.014
14 	 9 	 -0.450 	 -0.002 	  0.071
14 	 10 	 -0.791 	 -0.002 	  0.124
14 	 11 	 -1.100 	 -0.002 	  0.173
14 	 12 	 -1.364 	 -0.002 	  0.214
14 	 13 	 -1.571 	 -0.001 	  0.247
14 	 14 	 -1.715 	 -0.001 	  0.269
14 	 15 	 -1.788 	 -0.000 	  0.280
14 	 16 	 -1.788 	  0.000 	  0.280
14 	 17 	 -1.715 	  0.001 	  0.269
14 	 18 	 -1.571 	  0.001 	  0.247
14 	 19 	 -1.364 	  0.002 	  0.214
14 	 20 	 -1.100 	  0.002 	  0.173
14 	 21 	 -0.791 	  0.002 	  0.124
14 	 22 	 -0.450 	  0.002 	  0.071
14 	 23 	 -0.091 	  0.002 	  0.014
14 	 24 	  0.272 	  0.002 	 -0.043
14 	 25 	  0.624 	  0.002 	 -0.098
14 	 26 	  0.951 	  0.002 	 -0.149
14 	 27 	  1.238 	  0.002 	 -0.194
14 	 28 	  1.475 	  0.001 	 -0.231
14 	 29 	  1.652 	  0.001 	 -0.259
14 	 30 	  1.760 	  0.000 	 -0.276

15 	 0 	  1.874 	 -0.000 	 -0.095
15 	 1 	  1.836 	 -0.000 	 -0.093
15 	 2 	  1.722 	 -0.001 	 -0.088
15 	 3 	  1.538 	 -0.001 	 -0.078
15 	 4 	  1.291 	 -0.002 	 -0.066
15 	 5 	  0.991 	 -0.002 	 -0.050
15 	 6 	  0.651 	 -0.002 	 -0.033
15 	 7 	  0.284 	 -0.002 	 -0.014
15 	 8 	 -0.095 	 -0.002 	  0.005
15 	 9 	 -0.470 	 -0.002 	  0.024
15 	 10 	 -0.825 	 -0.002 	  0.042
15 	 11 	 -1.147 	 -0.002 	  0.058
15 	 12 	 -1.422 	 -0.002 	  0.072
15 	 13 	 -1.638 	 -0.001 	  0.083
15 	 14 	 -1.788 	 -0.001 	  0.091
15 	 15 	 -1.864 	 -0.000 	  0.095
15 	 16 	 -1.864 	  0.000 	  0.095
15 	 17 	 -1.788 	  0.001 	  0.091
15 	 18 	 -1.638 	  0.001 	  0.083
15 	 19 	 -1.422 	  0.002 	  0.072
15 	 20 	 -1.147 	  0.002 	  0.058
15 	 21 	 -0.825 	  0.002 	  0.042
15 	 22 	 -0.470 	  0.002 	  0.024
15 	 23 	 -0.095 	  0.002 	  0.005
15 	 24 	  0.284 	  0.002 	 -0.014
15 	 25 	  0.651 	  0.002 	 -0.033
15 	 26 	  0.991 	  0.002 	 -0.050
15 	 27 	  1.291 	  0.002 	 -0.066
15 	 28 	  1.538 	  0.001 	 -0.078
15 	 29 	  1.722 	  0.001 	 -0.088
15 	 30 	  1.836 	  0.000 	 -0.093

16 	 0 	  1.874 	 -0.000 	  0.095
16 	 1 	  1.836 	 -0.000 	  0.093
16 	 2 	  1.722 	 -0.001 	  0.088
16 	 3 	  1.538 	 -0.001 	  0.078
16 	 4 	  1.291 	 -0.002 	  0.066
16 	 5 	  0.991 	 -0.002 	  0.050
16 	 6 	  0.651 	 -0.002 	  0.033
16 	 7 	  0.284 	 -0.002 	  0.014
16 	 8 	 -0.095 	 -0.002 	 -0.005
16 	 9 	 -0.470 	 -0.002 	 -0.024
16 	 10 	 -0.825 	 -0.002 	 -0.042
16 	 11 	 -1.147 	 -0.002 	 -0.058
16 	 12 	 -1.422 	 -0.002 	 -0.072
16 	 13 	 -1.638 	 -0.001 	 -0.083
16 	 14 	 -1.788 	 -0.001 	 -0.091
16 	 15 	 -1.864 	 -0.000 	 -0.095
16 	 16 	 -1.864 	  0.000 	 -0.095
16 	 17 	 -1.788 	  0.001 	 -0.091
16 	 18 	 -1.638 	  0.001 	 -0.083
16 	 19 	 -1.422 	  0.002 	 -0.072
16 	 20 	 -1.147 	  0.002 	 -0.058
16 	 21 	 -0.825 	  0.002 	 -0.042
16 	 22 	 -0.470 	  0.002 	 -0.024
16 	 23 	 -0.095 	  0.002 	 -0.005
16 	 24 	  0.284 	  0.002 	  0.014
16 	 25 	  0.651 	  0.002 	  0.033
16 	 26 	  0.991 	  0.002 	  0.050
16 	 27 	  1.291 	  0.002 	  0.066
16 	 28 	  1.538 	  0.001 	  0.078
16 	 29 	  1.722 	  0.001 	  0.088
16 	 30 	  1.836 	  0.000 	  0.093

17 	 0 	  1.797 	 -0.000 	  0.282
17 	 1 	  1.760 	 -0.000 	  0.276
17 	 2 	  1.652 	 -0.001 	  0.259
17 	 3 	  1.475 	 -0.001 	  0.231
17 	 4 	  1.238 	 -0.002 	  0.194
17 	 5 	  0.951 	 -0.002 	  0.149
17 	 6 	  0.624 	 -0.002 	  0.098
17 	 7 	  0.272 	 -0.002 	  0.043
17 	 8 	 -0.091 	 -0.002 	 -0.014
17 	 9 	 -0.450 	 -0.002 	 -0.071
17 	 10 	 -0.791 	 -0.002 	 -0.124
17 	 11 	 -1.100 	 -0.002 	 -0.173
17 	 12 	 -1.364 	 -0.002 	 -0.214
17 	 13 	 -1.571 	 -0.001 	 -0.247
17 	 14 	 -1.715 	 -0.001 	 -0.269
17 	 15 	 -1.788 	 -0.000 	 -0.280
17 	 16 	 -1.788 	  0.000 	 -0.280
17 	 17 	 -1.715 	  0.001 	 -0.269
17 	 18 	 -1.571 	  0.001 	 -0.247
17 	 19 	 -1.364 	  0.002 	 -0.214
17 	 20 	 -1.100 	  0.002 	 -0.173
17 	 21 	 -0.791 	  0.002 	 -0.124
17 	 22 	 -0.450 	  0.002 	 -0.071
17 	 23 	 -0.091 	  0.002 	 -0.014
17 	 24 	  0.272 	  0.002 	  0.043
17 	 25 	  0.624 	  0.002 	  0.098
17 	 26 	  0.951 	  0.002 	  0.149
17 	 27 	  1.238 	  0.002 	  0.194
17 	 28 	  1.475 	  0.001 	  0.231
17 	 29 	  1.652 	  0.001 	  0.259
17 	 30 	  1.760 	  0.000 	  0.276

18 	 0 	  1.647 	 -0.000 	  0.457
18 	 1 	  1.613 	 -0.000 	  0.448
18 	 2 	  1.513 	 -0.001 	  0.420
18 	 3 	  1.352 	 -0.001 	  0.375
18 	 4 	  1.135 	 -0.002 	  0.315
18 	 5 	  0.871 	 -0.002 	  0.242
18 	 6 	  0.572 	 -0.002 	  0.159
18 	 7 	  0.249 	 -0.002 	  0.069
18 	 8 	 -0.083 	 -0.002 	 -0.023
18 	 9 	 -0.413 	 -0.002 	 -0.115
18 	 10 	 -0.725 	 -0.002 	 -0.201
18 	 11 	 -1.008 	 -0.002 	 -0.280
18 	 12 	 -1.250 	 -0.001 	 -0.347
18 	 13 	 -1.440 	 -0.001 	 -0.400
18 	 14 	 -1.571 	 -0.001 	 -0.436
18 	 15 	 -1.638 	 -0.000 	 -0.455
18 	 16 	 -1.638 	  0.000 	 -0.455
18 	 17 	 -1.571 	  0.001 	 -0.436
18 	 18 	 -1.440 	  0.001 	 -0.400
18 	 19 	 -1.250 	  0.001 	 -0.347
18 	 20 	 -1.008 	  0.002 	 -0.280
18 	 21 	 -0.725 	  0.002 	 -0.201
18 	 22 	 -0.413 	  0.002 	 -0.115
18 	 23 	 -0.083 	  0.002 	 -0.023
18 	 24 	  0.249 	  0.002 	  0.069
18 	 25 	  0.572 	  0.002 	  0.159
18 	 26 	  0.871 	  0.002 	  0.242
18 	 27 	  1.135 	  0.002 	  0.315
18 	 28 	  1.352 	  0.001 	  0.375
18 	 29 	  1.513 	  0.001 	  0.420
18 	 30 	  1.613 	  0.000 	  0.448

19 	 0 	  1.429 	 -0.000 	  0.613
19 	 1 	  1.400 	 -0.000 	  0.601
19 	 2 	  1.313 	 -0.001 	  0.564
19 	 3 	  1.173 	 -0.001 	  0.503
19 	 4 	  0.985 	 -0.001 	  0.423
19 	 5 	  0.756 	 -0.002 	  0.324
19 	 6 	  0.496 	 -0.002 	  0.213
19 	 7 	  0.216 	 -0.002 	  0.093
19 	 8 	 -0.072 	 -0.002 	 -0.031
19 	 9 	 -0.358 	 -0.002 	 -0.154
19 	 10 	 -0.629 	 -0.002 	 -0.270
19 	 11 	 -0.875 	 -0.001 	 -0.375
19 	 12 	 -1.084 	 -0.001 	 -0.465
19 	 13 	 -1.250 	 -0.001 	 -0.536
19 	 14 	 -1.364 	 -0.001 	 -0.585
19 	 15 	 -1.422 	 -0.000 	 -0.610
19 	 16 	 -1.422 	  0.000 	 -0.610
19 	 17 	 -1.364 	  0.001 	 -0.585
19 	 18 	 -1.250 	  0.001 	 -0.536
19 	 19 	 -1.084 	  0.001 	 -0.465
19 	 20 	 -0.875 	  0.001 	 -0.375
19 	 21 	 -0.629 	  0.002 	 -0.270
19 	 22 	 -0.358 	  0.002 	 -0.154
19 	 23 	 -0.072 	  0.002 	 -0.031
19 	 24 	  0.216 	  0.002 	  0.093
19 	 25 	  0.496 	  0.002 	  0.213
19 	 26 	  0.756 	  0.002 	  0.324
19 	 27 	  0.985 	  0.001 	  0.423
19 	 28 	  1.173 	  0.001 	  0.503
19 	 29 	  1.313 	  0.001 	  0.564
19 	 30 	  1.400 	  0.000 	  0.601

20 	 0 	  1.153 	 -0.000 	  0.745
20 	 1 	  1.129 	 -0.000 	  0.729
20 	 2 	  1.059 	 -0.001 	  0.684
20 	 3 	  0.946 	 -0.001 	  0.611
20 	 4 	  0.794 	 -0.001 	  0.513
20 	 5 	  0.610 	 -0.001 	  0.394
20 	 6 	  0.400 	 -0.001 	  0.259
20 	 7 	  0.175 	 -0.001 	  0.113
20 	 8 	 -0.058 	 -0.002 	 -0.038
20 	 9 	 -0.289 	 -0.001 	 -0.187
20 	 10 	 -0.508 	 -0.001 	 -0.328
20 	 11 	 -0.706 	 -0.001 	 -0.456
20 	 12 	 -0.875 	 -0.001 	 -0.565
20 	 13 	 -1.008 	 -0.001 	 -0.651
20 	 14 	 -1.100 	 -0.000 	 -0.711
20 	 15 	 -1.147 	 -0.000 	 -0.741
20 	 16 	 -1.147 	  0.000 	 -0.741
20 	 17 	 -1.100 	  0.000 	 -0.711
20 	 18 	 -1.008 	  0.001 	 -0.651
20 	 19 	 -0.875 	  0.001 	 -0.565
20 	 20 	 -0.706 	  0.001 	 -0.456
20 	 21 	 -0.508 	  0.001 	 -0.328
20 	 22 	 -0.289 	  0.001 	 -0.187
20 	 23 	 -0.058 	  0.002 	 -0.038
20 	 24 	  0.175 	  0.001 	  0.113
20 	 25 	  0.400 	  0.001 	  0.259
20 	 26 	  0.610 	  0.001 	  0.394
20 	 27 	  0.794 	  0.001 	  0.513
20 	 28 	  0.946 	  0.001 	  0.611
20 	 29 	  1.059 	  0.001 	  0.684
20 	 30 	  1.129 	  0.000 	  0.729

21 	 0 	  0.829 	 -0.000 	  0.846
21 	 1 	  0.813 	 -0.000 	  0.828
21 	 2 	  0.762 	 -0.000 	  0.777
21 	 3 	  0.681 	 -0.001 	  0.694
21 	 4 	  0.571 	 -0.001 	  0.583
21 	 5 	  0.439 	 -0.001 	  0.447
21 	 6 	  0.288 	 -0.001 	  0.294
21 	 7 	  0.126 	 -0.001 	  0.128
21 	 8 	 -0.042 	 -0.001 	 -0.043
21 	 9 	 -0.208 	 -0.001 	 -0.212
21 	 10 	 -0.365 	 -0.001 	 -0.372
21 	 11 	 -0.508 	 -0.001 	 -0.518
21 	 12 	 -0.629 	 -0.001 	 -0.642
21 	 13 	 -0.725 	 -0.001 	 -0.739
21 	 14 	 -0.791 	 -0.000 	 -0.807
21 	 15 	 -0.825 	 -0.000 	 -0.841
21 	 16 	 -0.825 	  0.000 	 -0.841
21 	 17 	 -0.791 	  0.000 	 -0.807
21 	 18 	 -0.725 	  0.001 	 -0.739
21 	 19 	 -0.629 	  0.001 	 -0.642
21 	 20 	 -0.508 	  0.001 	 -0.518
21 	 21 	 -0.365 	  0.001 	 -0.372
21 	 22 	 -0.208 	  0.001 	 -0.212
21 	 23 	 -0.042 	  0.001 	 -0.043
21 	 24 	  0.126 	  0.001 	  0.128
21 	 25 	  0.288 	  0.001 	  0.294
21 	 26 	  0.439 	  0.001 	  0.447
21 	 27 	  0.571 	  0.001 	  0.583
21 	 28 	  0.681 	  0.001 	  0.694
21 	 29 	  0.762 	  0.000 	  0.777
21 	 30 	  0.813 	  0.000 	  0.828

22 	 0 	  0.472 	 -0.000 	  0.912
22 	 1 	  0.462 	 -0.000 	  0.893
22 	 2 	  0.434 	 -0.000 	  0.838
22 	 3 	  0.387 	 -0.000 	  0.748
22 	 4 	  0.325 	 -0.000 	  0.628
22 	 5 	  0.250 	 -0.001 	  0.482
22 	 6 	  0.164 	 -0.001 	  0.317
22 	 7 	  0.071 	 -0.001 	  0.138
22 	 8 	 -0.024 	 -0.001 	 -0.046
22 	 9 	 -0.118 	 -0.001 	 -0.229
22 	 10 	 -0.208 	 -0.001 	 -0.402
22 	 11 	 -0.289 	 -0.000 	 -0.558
22 	 12 	 -0.358 	 -0.000 	 -0.692
22 	 13 	 -0.413 	 -0.000 	 -0.797
22 	 14 	 -0.450 	 -0.000 	 -0.870
22 	 15 	 -0.470 	 -0.000 	 -0.907
22 	 16 	 -0.470 	  0.000 	 -0.907
22 	 17 	 -0.450 	  0.000 	 -0.870
22 	 18 	 -0.413 	  0.000 	 -0.797
22 	 19 	 -0.358 	  0.000 	 -0.692
22 	 20 	 -0.289 	  0.000 	 -0.558
22 	 21 	 -0.208 	  0.001 	 -0.402
22 	 22 	 -0.118 	  0.001 	 -0.229
22 	 23 	 -0.024 	  0.001 	 -0.046
22 	 24 	  0.071 	  0.001 	  0.138
22 	 25 	  0.164 	  0.001 	  0.317
22 	 26 	  0.250 	  0.001 	  0.482
22 	 27 	  0.325 	  0.000 	  0.628
22 	 28 	  0.387 	  0.000 	  0.748
22 	 29 	  0.434 	  0.000 	  0.838
22 	 30 	  0.462 	  0.000 	  0.893

23 	 0 	  0.095 	 -0.000 	  0.941
23 	 1 	  0.093 	 -0.000 	  0.921
23 	 2 	  0.088 	 -0.000 	  0.864
23 	 3 	  0.078 	 -0.000 	  0.772
23 	 4 	  0.066 	 -0.000 	  0.648
23 	 5 	  0.050 	 -0.000 	  0.498
23 	 6 	  0.033 	 -0.000 	  0.327
23 	 7 	  0.014 	 -0.000 	  0.142
23 	 8 	 -0.005 	 -0.000 	 -0.048
23 	 9 	 -0.024 	 -0.000 	 -0.236
23 	 10 	 -0.042 	 -0.000 	 -0.414
23 	 11 	 -0.058 	 -0.000 	 -0.576
23 	 12 	 -0.072 	 -0.000 	 -0.714
23 	 13 	 -0.083 	 -0.000 	 -0.822
23 	 14 	 -0.091 	 -0.000 	 -0.897
23 	 15 	 -0.095 	 -0.000 	 -0.936
23 	 16 	 -0.095 	  0.000 	 -0.936
23 	 17 	 -0.091 	  0.000 	 -0.897
23 	 18 	 -0.083 	  0.000 	 -0.822
23 	 19 	 -0.072 	  0.000 	 -0.714
23 	 20 	 -0.058 	  0.000 	 -0.576
23 	 21 	 -0.042 	  0.000 	 -0.414
23 	 22 	 -0.024 	  0.000 	 -0.236
23 	 23 	 -0.005 	  0.000 	 -0.048
23 	 24 	  0.014 	  0.000 	  0.142
23 	 25 	  0.033 	  0.000 	  0.327
23 	 26 	  0.050 	  0.000 	  0.498
23 	 27 	  0.066 	  0.000 	  0.648
23 	 28 	  0.078 	  0.000 	  0.772
23 	 29 	  0.088 	  0.000 	  0.864
23 	 30 	  0.093 	  0.000 	  0.921

24 	 0 	 -0.285 	  0.000 	  0.931
24 	 1 	 -0.279 	  0.000 	  0.912
24 	 2 	 -0.262 	  0.000 	  0.855
24 	 3 	 -0.234 	  0.000 	  0.764
24 	 4 	 -0.197 	  0.000 	  0.641
24 	 5 	 -0.151 	  0.000 	  0.492
24 	 6 	 -0.099 	  0.000 	  0.323
24 	 7 	 -0.043 	  0.000 	  0.141
24 	 8 	  0.014 	  0.000 	 -0.047
24 	 9 	  0.071 	  0.000 	 -0.233
24 	 10 	  0.126 	  0.000 	 -0.410
24 	 11 	  0.175 	  0.000 	 -0.570
24 	 12 	  0.216 	  0.000 	 -0.706
24 	 13 	  0.249 	  0.000 	 -0.814
24 	 14 	  0.272 	  0.000 	 -0.888
24 	 15 	  0.284 	  0.000 	 -0.926
24 	 16 	  0.284 	 -0.000 	 -0.926
24 	 17 	  0.272 	 -0.000 	 -0.888
24 	 18 	  0.249 	 -0.000 	 -0.814
24 	 19 	  0.216 	 -0.000 	 -0.706
24 	 20 	  0.175 	 -0.000 	 -0.570
24 	 21 	  0.126 	 -0.000 	 -0.410
24 	 22 	  0.071 	 -0.000 	 -0.233
24 	 23 	  0.014 	 -0.000 	 -0.047
24 	 24 	 -0.043 	 -0.000 	  0.141
24 	 25 	 -0.099 	 -0.000 	  0.323
24 	 26 	 -0.151 	 -0.000 	  0.492
24 	 27 	 -0.197 	 -0.000 	  0.641
24 	 28 	 -0.234 	 -0.000 	  0.764
24 	 29 	 -0.262 	 -0.000 	  0.855
24 	 30 	 -0.279 	 -0.000 	  0.912

25 	 0 	 -0.654 	  0.000 	  0.883
25 	 1 	 -0.641 	  0.000 	  0.865
25 	 2 	 -0.601 	  0.000 	  0.812
25 	 3 	 -0.537 	  0.000 	  0.725
25 	 4 	 -0.451 	  0.001 	  0.608
25 	 5 	 -0.346 	  0.001 	  0.467
25 	 6 	 -0.227 	  0.001 	  0.307
25 	 7 	 -0.099 	  0.001 	  0.134
25 	 8 	  0.033 	  0.001 	 -0.045
25 	 9 	  0.164 	  0.001 	 -0.221
25 	 10 	  0.288 	  0.001 	 -0.389
25 	 11 	  0.400 	  0.001 	 -0.541
25 	 12 	  0.496 	  0.001 	 -0.670
25 	 13 	  0.572 	  0.000 	 -0.772
25 	 14 	  0.624 	  0.000 	 -0.843
25 	 15 	  0.651 	  0.000 	 -0.879
25 	 16 	  0.651 	 -0.000 	 -0.879
25 	 17 	  0.624 	 -0.000 	 -0.843
25 	 18 	  0.572 	 -0.000 	 -0.772
25 	 19 	  0.496 	 -0.001 	 -0.670
25 	 20 	  0.400 	 -0.001 	 -0.541
25 	 21 	  0.288 	 -0.001 	 -0.389
25 	 22 	  0.164 	 -0.001 	 -0.221
25 	 23 	  0.033 	 -0.001 	 -0.045
25 	 24 	 -0.099 	 -0.001 	  0.134
25 	 25 	 -0.227 	 -0.001 	  0.307
25 	 26 	 -0.346 	 -0.001 	  0.467
25 	 27 	 -0.451 	 -0.001 	  0.608
25 	 28 	 -0.537 	 -0.000 	  0.725
25 	 29 	 -0.601 	 -0.000 	  0.812
25 	 30 	 -0.641 	 -0.000 	  0.865

26 	 0 	 -0.996 	  0.000 	  0.799
26 	 1 	 -0.976 	  0.000 	  0.783
26 	 2 	 -0.916 	  0.001 	  0.734
26 	 3 	 -0.818 	  0.001 	  0.656
26 	 4 	 -0.686 	  0.001 	  0.551
26 	 5 	 -0.527 	  0.001 	  0.423
26 	 6 	 -0.346 	  0.001 	  0.278
26 	 7 	 -0.151 	  0.001 	  0.121
26 	 8 	  0.050 	  0.001 	 -0.040
26 	 9 	  0.250 	  0.001 	 -0.200
26 	 10 	  0.439 	  0.001 	 -0.352
26 	 11 	  0.610 	  0.001 	 -0.489
26 	 12 	  0.756 	  0.001 	 -0.606
26 	 13 	  0.871 	  0.001 	 -0.699
26 	 14 	  0.951 	  0.000 	 -0.763
26 	 15 	  0.991 	  0.000 	 -0.795
26 	 16 	  0.991 	 -0.000 	 -0.795
26 	 17 	  0.951 	 -0.000 	 -0.763
26 	 18 	  0.871 	 -0.001 	 -0.699
26 	 19 	  0.756 	 -0.001 	 -0.606
26 	 20 	  0.610 	 -0.001 	 -0.489
26 	 21 	  0.439 	 -0.001 	 -0.352
26 	 22 	  0.250 	 -0.001 	 -0.200
26 	 23 	  0.050 	 -0.001 	 -0.040
26 	 24 	 -0.151 	 -0.001 	  0.121
26 	 25 	 -0.346 	 -0.001 	  0.278
26 	 26 	 -0.527 	 -0.001 	  0.423
26 	 27 	 -0.686 	 -0.001 	  0.551
26 	 28 	 -0.818 	 -0.001 	  0.656
26 	 29 	 -0.916 	 -0.001 	  0.734
26 	 30 	 -0.976 	 -0.000 	  0.783

27 	 0 	 -1.298 	  0.000 	  0.683
27 	 1 	 -1.271 	  0.000 	  0.669
27 	 2 	 -1.193 	  0.001 	  0.627
27 	 3 	 -1.065 	  0.001 	  0.560
27 	 4 	 -0.894 	  0.001 	  0.470
27 	 5 	 -0.686 	  0.001 	  0.361
27 	 6 	 -0.451 	  0.002 	  0.237
27 	 7 	 -0.197 	  0.002 	  0.103
27 	 8 	  0.066 	  0.002 	 -0.035
27 	 9 	  0.325 	  0.002 	 -0.171
27 	 10 	  0.571 	  0.002 	 -0.301
27 	 11 	  0.794 	  0.001 	 -0.418
27 	 12 	  0.985 	  0.001 	 -0.518
27 	 13 	  1.135 	  0.001 	 -0.597
27 	 14 	  1.238 	  0.001 	 -0.651
27 	 15 	  1.291 	  0.000 	 -0.679
27 	 16 	  1.291 	 -0.000 	 -0.679
27 	 17 	  1.238 	 -0.001 	 -0.651
27 	 18 	  1.135 	 -0.001 	 -0.597
27 	 19 	  0.985 	 -0.001 	 -0.518
27 	 20 	  0.794 	 -0.001 	 -0.418
27 	 21 	  0.571 	 -0.002 	 -0.301
27 	 22 	  0.325 	 -0.002 	 -0.171
27 	 23 	  0.066 	 -0.002 	 -0.035
27 	 24 	 -0.197 	 -0.002 	  0.103
27 	 25 	 -0.451 	 -0.002 	  0.237
27 	 26 	 -0.686 	 -0.001 	  0.361
27 	 27 	 -0.894 	 -0.001 	  0.470
27 	 28 	 -1.065 	 -0.001 	  0.560
27 	 29 	 -1.193 	 -0.001 	  0.627
27 	 30 	 -1.271 	 -0.000 	  0.669

28 	 0 	 -1.546 	  0.000 	  0.538
28 	 1 	 -1.514 	  0.000 	  0.527
28 	 2 	 -1.421 	  0.001 	  0.494
28 	 3 	 -1.269 	  0.001 	  0.442
28 	 4 	 -1.065 	  0.001 	  0.371
28 	 5 	 -0.818 	  0.002 	  0.285
28 	 6 	 -0.537 	  0.002 	  0.187
28 	 7 	 -0.234 	  0.002 	  0.081
28 	 8 	  0.078 	  0.002 	 -0.027
28 	 9 	  0.387 	  0.002 	 -0.135
28 	 10 	  0.681 	  0.002 	 -0.237
28 	 11 	  0.946 	  0.002 	 -0.329
28 	 12 	  1.173 	  0.001 	 -0.408
28 	 13 	  1.352 	  0.001 	 -0.470
28 	 14 	  1.475 	  0.001 	 -0.513
28 	 15 	  1.538 	  0.000 	 -0.535
28 	 16 	  1.538 	 -0.000 	 -0.535
28 	 17 	  1.475 	 -0.001 	 -0.513
28 	 18 	  1.352 	 -0.001 	 -0.470
28 	 19 	  1.173 	 -0.001 	 -0.408
28 	 20 	  0.946 	 -0.002 	 -0.329
28 	 21 	  0.681 	 -0.002 	 -0.237
28 	 22 	  0.387 	 -0.002 	 -0.135
28 	 23 	  0.078 	 -0.002 	 -0.027
28 	 24 	 -0.234 	 -0.002 	  0.081
28 	 25 	 -0.537 	 -0.002 	  0.187
28 	 26 	 -0.818 	 -0.002 	  0.285
28 	 27 	 -1.065 	 -0.001 	  0.371
28 	 28 	 -1.269 	 -0.001 	  0.442
28 	 29 	 -1.421 	 -0.001 	  0.494
28 	 30 	 -1.514 	 -0.000 	  0.527

29 	 0 	 -1.731 	  0.000 	  0.371
29 	 1 	 -1.695 	  0.000 	  0.364
29 	 2 	 -1.591 	  0.001 	  0.341
29 	 3 	 -1.421 	  0.001 	  0.305
29 	 4 	 -1.193 	  0.002 	  0.256
29 	 5 	 -0.916 	  0.002 	  0.196
29 	 6 	 -0.601 	  0.002 	  0.129
29 	 7 	 -0.262 	  0.002 	  0.056
29 	 8 	  0.088 	  0.002 	 -0.019
29 	 9 	  0.434 	  0.002 	 -0.093
29 	 10 	  0.762 	  0.002 	 -0.164
29 	 11 	  1.059 	  0.002 	 -0.227
29 	 12 	  1.313 	  0.001 	 -0.282
29 	 13 	  1.513 	  0.001 	 -0.325
29 	 14 	  1.652 	  0.001 	 -0.354
29 	 15 	  1.722 	  0.000 	 -0.369
29 	 16 	  1.722 	 -0.000 	 -0.369
29 	 17 	  1.652 	 -0.001 	 -0.354
29 	 18 	  1.513 	 -0.001 	 -0.325
29 	 19 	  1.313 	 -0.001 	 -0.282
29 	 20 	  1.059 	 -0.002 	 -0.227
29 	 21 	  0.762 	 -0.002 	 -0.164
29 	 22 	  0.434 	 -0.002 	 -0.093
29 	 23 	  0.088 	 -0.002 	 -0.019
29 	 24 	 -0.262 	 -0.002 	  0.056
29 	 25 	 -0.601 	 -0.002 	  0.129
29 	 26 	 -0.916 	 -0.002 	  0.196
29 	 27 	 -1.193 	 -0.002 	  0.256
29 	 28 	 -1.421 	 -0.001 	  0.305
29 	 29 	 -1.591 	 -0.001 	  0.341
29 	 30 	 -1.695 	 -0.000 	  0.364

30 	 0 	 -1.845 	  0.000 	  0.190
30 	 1 	 -1.807 	  0.000 	  0.186
30 	 2 	 -1.695 	  0.001 	  0.174
30 	 3 	 -1.514 	  0.001 	  0.156
30 	 4 	 -1.271 	  0.002 	  0.131
30 	 5 	 -0.976 	  0.002 	  0.100
30 	 6 	 -0.641 	  0.002 	  0.066
30 	 7 	 -0.279 	  0.002 	  0.029
30 	 8 	  0.093 	  0.002 	 -0.010
30 	 9 	  0.462 	  0.002 	 -0.048
30 	 10 	  0.813 	  0.002 	 -0.083
30 	 11 	  1.129 	  0.002 	 -0.116
30 	 12 	  1.400 	  0.002 	 -0.144
30 	 13 	  1.613 	  0.001 	 -0.166
30 	 14 	  1.760 	  0.001 	 -0.181
30 	 15 	  1.836 	  0.000 	 -0.189
30 	 16 	  1.836 	 -0.000 	 -0.189
30 	 17 	  1.760 	 -0.001 	 -0.181
30 	 18 	  1.613 	 -0.001 	 -0.166
30 	 19 	  1.400 	 -0.002 	 -0.144
30 	 20 	  1.129 	 -0.002 	 -0.116
30 	 21 	  0.813 	 -0.002 	 -0.083
30 	 22 	  0.462 	 -0.002 	 -0.048
30 	 23 	  0.093 	 -0.002 	 -0.010
30 	 24 	 -0.279 	 -0.002 	  0.029
30 	 25 	 -0.641 	 -0.002 	  0.066
30 	 26 	 -0.976 	 -0.002 	  0.100
30 	 27 	 -1.271 	 -0.002 	  0.131
30 	 28 	 -1.514 	 -0.001 	  0.156
30 	 29 	 -1.695 	 -0.001 	  0.174
30 	 30 	 -1.807 	 -0.000 	  0.186

