0 	 0 	 -0.276 	  0.000 	 -0.000
0 	 1 	 -0.270 	  0.000 	 -0.000
0 	 2 	 -0.254 	  0.000 	 -0.000
0 	 3 	 -0.227 	  0.000 	 -0.000
0 	 4 	 -0.190 	  0.000 	 -0.000
0 	 5 	 -0.146 	  0.000 	 -0.000
0 	 6 	 -0.096 	  0.000 	 -0.000
0 	 7 	 -0.042 	  0.000 	 -0.000
0 	 8 	  0.014 	  0.000 	  0.000
0 	 9 	  0.069 	  0.000 	  0.000
0 	 10 	  0.122 	  0.000 	  0.000
0 	 11 	  0.169 	  0.000 	  0.000
0 	 12 	  0.210 	  0.000 	  0.000
0 	 13 	  0.241 	  0.000 	  0.000
0 	 14 	  0.263 	  0.000 	  0.000
0 	 15 	  0.275 	  0.000 	  0.000
0 	 16 	  0.275 	 -0.000 	  0.000
0 	 17 	  0.263 	 -0.000 	  0.000
0 	 18 	  0.241 	 -0.000 	  0.000
0 	 19 	  0.210 	 -0.000 	  0.000
0 	 20 	  0.169 	 -0.000 	  0.000
0 	 21 	  0.122 	 -0.000 	  0.000
0 	 22 	  0.069 	 -0.000 	  0.000
0 	 23 	  0.014 	 -0.000 	  0.000
0 	 24 	 -0.042 	 -0.000 	 -0.000
0 	 25 	 -0.096 	 -0.000 	 -0.000
0 	 26 	 -0.146 	 -0.000 	 -0.000
0 	 27 	 -0.190 	 -0.000 	 -0.000
0 	 28 	 -0.227 	 -0.000 	 -0.000
0 	 29 	 -0.254 	 -0.000 	 -0.000
0 	 30 	 -0.270 	 -0.000 	 -0.000

1 	 0 	 -0.270 	  0.000 	 -0.028
1 	 1 	 -0.265 	  0.000 	 -0.027
1 	 2 	 -0.249 	  0.000 	 -0.026
1 	 3 	 -0.222 	  0.000 	 -0.023
1 	 4 	 -0.186 	  0.000 	 -0.019
1 	 5 	 -0.143 	  0.000 	 -0.015
1 	 6 	 -0.094 	  0.000 	 -0.010
1 	 7 	 -0.041 	  0.000 	 -0.004
1 	 8 	  0.014 	  0.000 	  0.001
1 	 9 	  0.068 	  0.000 	  0.007
1 	 10 	  0.119 	  0.000 	  0.012
1 	 11 	  0.166 	  0.000 	  0.017
1 	 12 	  0.205 	  0.000 	  0.021
1 	 13 	  0.236 	  0.000 	  0.024
1 	 14 	  0.258 	  0.000 	  0.027
1 	 15 	  0.269 	  0.000 	  0.028
1 	 16 	  0.269 	 -0.000 	  0.028
1 	 17 	  0.258 	 -0.000 	  0.027
1 	 18 	  0.236 	 -0.000 	  0.024
1 	 19 	  0.205 	 -0.000 	  0.021
1 	 20 	  0.166 	 -0.000 	  0.017
1 	 21 	  0.119 	 -0.000 	  0.012
1 	 22 	  0.068 	 -0.000 	  0.007
1 	 23 	  0.014 	 -0.000 	  0.001
1 	 24 	 -0.041 	 -0.000 	 -0.004
1 	 25 	 -0.094 	 -0.000 	 -0.010
1 	 26 	 -0.143 	 -0.000 	 -0.015
1 	 27 	 -0.186 	 -0.000 	 -0.019
1 	 28 	 -0.222 	 -0.000 	 -0.023
1 	 29 	 -0.249 	 -0.000 	 -0.026
1 	 30 	 -0.265 	 -0.000 	 -0.027

2 	 0 	 -0.254 	  0.000 	 -0.054
2 	 1 	 -0.249 	  0.000 	 -0.053
2 	 2 	 -0.233 	  0.000 	 -0.050
2 	 3 	 -0.208 	  0.000 	 -0.045
2 	 4 	 -0.175 	  0.000 	 -0.038
2 	 5 	 -0.134 	  0.000 	 -0.029
2 	 6 	 -0.088 	  0.000 	 -0.019
2 	 7 	 -0.038 	  0.000 	 -0.008
2 	 8 	  0.013 	  0.000 	  0.003
2 	 9 	  0.064 	  0.000 	  0.014
2 	 10 	  0.112 	  0.000 	  0.024
2 	 11 	  0.155 	  0.000 	  0.033
2 	 12 	  0.193 	  0.000 	  0.041
2 	 13 	  0.222 	  0.000 	  0.048
2 	 14 	  0.242 	  0.000 	  0.052
2 	 15 	  0.252 	  0.000 	  0.054
2 	 16 	  0.252 	 -0.000 	  0.054
2 	 17 	  0.242 	 -0.000 	  0.052
2 	 18 	  0.222 	 -0.000 	  0.048
2 	 19 	  0.193 	 -0.000 	  0.041
2 	 20 	  0.155 	 -0.000 	  0.033
2 	 21 	  0.112 	 -0.000 	  0.024
2 	 22 	  0.064 	 -0.000 	  0.014
2 	 23 	  0.013 	 -0.000 	  0.003
2 	 24 	 -0.038 	 -0.000 	 -0.008
2 	 25 	 -0.088 	 -0.000 	 -0.019
2 	 26 	 -0.134 	 -0.000 	 -0.029
2 	 27 	 -0.175 	 -0.000 	 -0.038
2 	 28 	 -0.208 	 -0.000 	 -0.045
2 	 29 	 -0.233 	 -0.000 	 -0.050
2 	 30 	 -0.249 	 -0.000 	 -0.053

3 	 0 	 -0.227 	  0.000 	 -0.079
3 	 1 	 -0.222 	  0.000 	 -0.077
3 	 2 	 -0.208 	  0.000 	 -0.072
3 	 3 	 -0.186 	  0.000 	 -0.065
3 	 4 	 -0.156 	  0.000 	 -0.054
3 	 5 	 -0.120 	  0.000 	 -0.042
3 	 6 	 -0.079 	  0.000 	 -0.027
3 	 7 	 -0.034 	  0.000 	 -0.012
3 	 8 	  0.011 	  0.000 	  0.004
3 	 9 	  0.057 	  0.000 	  0.020
3 	 10 	  0.100 	  0.000 	  0.035
3 	 11 	  0.139 	  0.000 	  0.048
3 	 12 	  0.172 	  0.000 	  0.060
3 	 13 	  0.198 	  0.000 	  0.069
3 	 14 	  0.216 	  0.000 	  0.075
3 	 15 	  0.225 	  0.000 	  0.078
3 	 16 	  0.225 	 -0.000 	  0.078
3 	 17 	  0.216 	 -0.000 	  0.075
3 	 18 	  0.198 	 -0.000 	  0.069
3 	 19 	  0.172 	 -0.000 	  0.060
3 	 20 	  0.139 	 -0.000 	  0.048
3 	 21 	  0.100 	 -0.000 	  0.035
3 	 22 	  0.057 	 -0.000 	  0.020
3 	 23 	  0.011 	 -0.000 	  0.004
3 	 24 	 -0.034 	 -0.000 	 -0.012
3 	 25 	 -0.079 	 -0.000 	 -0.027
3 	 26 	 -0.120 	 -0.000 	 -0.042
3 	 27 	 -0.156 	 -0.000 	 -0.054
3 	 28 	 -0.186 	 -0.000 	 -0.065
3 	 29 	 -0.208 	 -0.000 	 -0.072
3 	 30 	 -0.222 	 -0.000 	 -0.077

4 	 0 	 -0.190 	  0.000 	 -0.100
4 	 1 	 -0.186 	  0.000 	 -0.098
4 	 2 	 -0.175 	  0.000 	 -0.092
4 	 3 	 -0.156 	  0.000 	 -0.082
4 	 4 	 -0.131 	  0.000 	 -0.069
4 	 5 	 -0.101 	  0.000 	 -0.053
4 	 6 	 -0.066 	  0.000 	 -0.035
4 	 7 	 -0.029 	  0.000 	 -0.015
4 	 8 	  0.010 	  0.000 	  0.005
4 	 9 	  0.048 	  0.000 	  0.025
4 	 10 	  0.084 	  0.000 	  0.044
4 	 11 	  0.116 	  0.000 	  0.061
4 	 12 	  0.144 	  0.000 	  0.076
4 	 13 	  0.166 	  0.000 	  0.087
4 	 14 	  0.182 	  0.000 	  0.095
4 	 15 	  0.189 	  0.000 	  0.100
4 	 16 	  0.189 	 -0.000 	  0.100
4 	 17 	  0.182 	 -0.000 	  0.095
4 	 18 	  0.166 	 -0.000 	  0.087
4 	 19 	  0.144 	 -0.000 	  0.076
4 	 20 	  0.116 	 -0.000 	  0.061
4 	 21 	  0.084 	 -0.000 	  0.044
4 	 22 	  0.048 	 -0.000 	  0.025
4 	 23 	  0.010 	 -0.000 	  0.005
4 	 24 	 -0.029 	 -0.000 	 -0.015
4 	 25 	 -0.066 	 -0.000 	 -0.035
4 	 26 	 -0.101 	 -0.000 	 -0.053
4 	 27 	 -0.131 	 -0.000 	 -0.069
4 	 28 	 -0.156 	 -0.000 	 -0.082
4 	 29 	 -0.175 	 -0.000 	 -0.092
4 	 30 	 -0.186 	 -0.000 	 -0.098

5 	 0 	 -0.146 	  0.000 	 -0.117
5 	 1 	 -0.143 	  0.000 	 -0.115
5 	 2 	 -0.134 	  0.000 	 -0.108
5 	 3 	 -0.120 	  0.000 	 -0.096
5 	 4 	 -0.101 	  0.000 	 -0.081
5 	 5 	 -0.077 	  0.000 	 -0.062
5 	 6 	 -0.051 	  0.000 	 -0.041
5 	 7 	 -0.022 	  0.000 	 -0.018
5 	 8 	  0.007 	  0.000 	  0.006
5 	 9 	  0.037 	  0.000 	  0.029
5 	 10 	  0.064 	  0.000 	  0.052
5 	 11 	  0.089 	  0.000 	  0.072
5 	 12 	  0.111 	  0.000 	  0.089
5 	 13 	  0.128 	  0.000 	  0.102
5 	 14 	  0.139 	  0.000 	  0.112
5 	 15 	  0.145 	  0.000 	  0.117
5 	 16 	  0.145 	 -0.000 	  0.117
5 	 17 	  0.139 	 -0.000 	  0.112
5 	 18 	  0.128 	 -0.000 	  0.102
5 	 19 	  0.111 	 -0.000 	  0.089
5 	 20 	  0.089 	 -0.000 	  0.072
5 	 21 	  0.064 	 -0.000 	  0.052
5 	 22 	  0.037 	 -0.000 	  0.029
5 	 23 	  0.007 	 -0.000 	  0.006
5 	 24 	 -0.022 	 -0.000 	 -0.018
5 	 25 	 -0.051 	 -0.000 	 -0.041
5 	 26 	 -0.077 	 -0.000 	 -0.062
5 	 27 	 -0.101 	 -0.000 	 -0.081
5 	 28 	 -0.120 	 -0.000 	 -0.096
5 	 29 	 -0.134 	 -0.000 	 -0.108
5 	 30 	 -0.143 	 -0.000 	 -0.115

6 	 0 	 -0.096 	  0.000 	 -0.129
6 	 1 	 -0.094 	  0.000 	 -0.127
6 	 2 	 -0.088 	  0.000 	 -0.119
6 	 3 	 -0.079 	  0.000 	 -0.106
6 	 4 	 -0.066 	  0.000 	 -0.089
6 	 5 	 -0.051 	  0.000 	 -0.068
6 	 6 	 -0.033 	  0.000 	 -0.045
6 	 7 	 -0.015 	  0.000 	 -0.020
6 	 8 	  0.005 	  0.000 	  0.007
6 	 9 	  0.024 	  0.000 	  0.032
6 	 10 	  0.042 	  0.000 	  0.057
6 	 11 	  0.059 	  0.000 	  0.079
6 	 12 	  0.073 	  0.000 	  0.098
6 	 13 	  0.084 	  0.000 	  0.113
6 	 14 	  0.092 	  0.000 	  0.124
6 	 15 	  0.095 	  0.000 	  0.129
6 	 16 	  0.095 	 -0.000 	  0.129
6 	 17 	  0.092 	 -0.000 	  0.124
6 	 18 	  0.084 	 -0.000 	  0.113
6 	 19 	  0.073 	 -0.000 	  0.098
6 	 20 	  0.059 	 -0.000 	  0.079
6 	 21 	  0.042 	 -0.000 	  0.057
6 	 22 	  0.024 	 -0.000 	  0.032
6 	 23 	  0.005 	 -0.000 	  0.007
6 	 24 	 -0.015 	 -0.000 	 -0.020
6 	 25 	 -0.033 	 -0.000 	 -0.045
6 	 26 	 -0.051 	 -0.000 	 -0.068
6 	 27 	 -0.066 	 -0.000 	 -0.089
6 	 28 	 -0.079 	 -0.000 	 -0.106
6 	 29 	 -0.088 	 -0.000 	 -0.119
6 	 30 	 -0.094 	 -0.000 	 -0.127

7 	 0 	 -0.042 	  0.000 	 -0.136
7 	 1 	 -0.041 	  0.000 	 -0.134
7 	 2 	 -0.038 	  0.000 	 -0.125
7 	 3 	 -0.034 	  0.000 	 -0.112
7 	 4 	 -0.029 	  0.000 	 -0.094
7 	 5 	 -0.022 	  0.000 	 -0.072
7 	 6 	 -0.015 	  0.000 	 -0.047
7 	 7 	 -0.006 	  0.000 	 -0.021
7 	 8 	  0.002 	  0.000 	  0.007
7 	 9 	  0.010 	  0.000 	  0.034
7 	 10 	  0.018 	  0.000 	  0.060
7 	 11 	  0.026 	  0.000 	  0.084
7 	 12 	  0.032 	  0.000 	  0.104
7 	 13 	  0.037 	  0.000 	  0.119
7 	 14 	  0.040 	  0.000 	  0.130
7 	 15 	  0.042 	  0.000 	  0.136
7 	 16 	  0.042 	 -0.000 	  0.136
7 	 17 	  0.040 	 -0.000 	  0.130
7 	 18 	  0.037 	 -0.000 	  0.119
7 	 19 	  0.032 	 -0.000 	  0.104
7 	 20 	  0.026 	 -0.000 	  0.084
7 	 21 	  0.018 	 -0.000 	  0.060
7 	 22 	  0.010 	 -0.000 	  0.034
7 	 23 	  0.002 	 -0.000 	  0.007
7 	 24 	 -0.006 	 -0.000 	 -0.021
7 	 25 	 -0.015 	 -0.000 	 -0.047
7 	 26 	 -0.022 	 -0.000 	 -0.072
7 	 27 	 -0.029 	 -0.000 	 -0.094
7 	 28 	 -0.034 	 -0.000 	 -0.112
7 	 29 	 -0.038 	 -0.000 	 -0.125
7 	 30 	 -0.041 	 -0.000 	 -0.134

8 	 0 	  0.014 	 -0.000 	 -0.138
8 	 1 	  0.014 	 -0.000 	 -0.135
8 	 2 	  0.013 	 -0.000 	 -0.127
8 	 3 	  0.011 	 -0.000 	 -0.113
8 	 4 	  0.010 	 -0.000 	 -0.095
8 	 5 	  0.007 	 -0.000 	 -0.073
8 	 6 	  0.005 	 -0.000 	 -0.048
8 	 7 	  0.002 	 -0.000 	 -0.021
8 	 8 	 -0.001 	 -0.000 	  0.007
8 	 9 	 -0.004 	 -0.000 	  0.035
8 	 10 	 -0.006 	 -0.000 	  0.061
8 	 11 	 -0.009 	 -0.000 	  0.084
8 	 12 	 -0.011 	 -0.000 	  0.105
8 	 13 	 -0.012 	 -0.000 	  0.121
8 	 14 	 -0.013 	 -0.000 	  0.132
8 	 15 	 -0.014 	 -0.000 	  0.137
8 	 16 	 -0.014 	  0.000 	  0.137
8 	 17 	 -0.013 	  0.000 	  0.132
8 	 18 	 -0.012 	  0.000 	  0.121
8 	 19 	 -0.011 	  0.000 	  0.105
8 	 20 	 -0.009 	  0.000 	  0.084
8 	 21 	 -0.006 	  0.000 	  0.061
8 	 22 	 -0.004 	  0.000 	  0.035
8 	 23 	 -0.001 	  0.000 	  0.007
8 	 24 	  0.002 	  0.000 	 -0.021
8 	 25 	  0.005 	  0.000 	 -0.048
8 	 26 	  0.007 	  0.000 	 -0.073
8 	 27 	  0.010 	  0.000 	 -0.095
8 	 28 	  0.011 	  0.000 	 -0.113
8 	 29 	  0.013 	  0.000 	 -0.127
8 	 30 	  0.014 	  0.000 	 -0.135

9 	 0 	  0.069 	 -0.000 	 -0.134
9 	 1 	  0.068 	 -0.000 	 -0.131
9 	 2 	  0.064 	 -0.000 	 -0.123
9 	 3 	  0.057 	 -0.000 	 -0.110
9 	 4 	  0.048 	 -0.000 	 -0.092
9 	 5 	  0.037 	 -0.000 	 -0.071
9 	 6 	  0.024 	 -0.000 	 -0.046
9 	 7 	  0.010 	 -0.000 	 -0.020
9 	 8 	 -0.004 	 -0.000 	  0.007
9 	 9 	 -0.017 	 -0.000 	  0.034
9 	 10 	 -0.030 	 -0.000 	  0.059
9 	 11 	 -0.042 	 -0.000 	  0.082
9 	 12 	 -0.053 	 -0.000 	  0.101
9 	 13 	 -0.061 	 -0.000 	  0.117
9 	 14 	 -0.066 	 -0.000 	  0.128
9 	 15 	 -0.069 	 -0.000 	  0.133
9 	 16 	 -0.069 	  0.000 	  0.133
9 	 17 	 -0.066 	  0.000 	  0.128
9 	 18 	 -0.061 	  0.000 	  0.117
9 	 19 	 -0.053 	  0.000 	  0.101
9 	 20 	 -0.042 	  0.000 	  0.082
9 	 21 	 -0.030 	  0.000 	  0.059
9 	 22 	 -0.017 	  0.000 	  0.034
9 	 23 	 -0.004 	  0.000 	  0.007
9 	 24 	  0.010 	  0.000 	 -0.020
9 	 25 	  0.024 	  0.000 	 -0.046
9 	 26 	  0.037 	  0.000 	 -0.071
9 	 27 	  0.048 	  0.000 	 -0.092
9 	 28 	  0.057 	  0.000 	 -0.110
9 	 29 	  0.064 	  0.000 	 -0.123
9 	 30 	  0.068 	  0.000 	 -0.131

10 	 0 	  0.122 	 -0.000 	 -0.124
10 	 1 	  0.119 	 -0.000 	 -0.121
10 	 2 	  0.112 	 -0.000 	 -0.114
10 	 3 	  0.100 	 -0.000 	 -0.102
10 	 4 	  0.084 	 -0.000 	 -0.085
10 	 5 	  0.064 	 -0.000 	 -0.066
10 	 6 	  0.042 	 -0.000 	 -0.043
10 	 7 	  0.018 	 -0.000 	 -0.019
10 	 8 	 -0.006 	 -0.000 	  0.006
10 	 9 	 -0.030 	 -0.000 	  0.031
10 	 10 	 -0.054 	 -0.000 	  0.055
10 	 11 	 -0.074 	 -0.000 	  0.076
10 	 12 	 -0.092 	 -0.000 	  0.094
10 	 13 	 -0.106 	 -0.000 	  0.108
10 	 14 	 -0.116 	 -0.000 	  0.118
10 	 15 	 -0.121 	 -0.000 	  0.123
10 	 16 	 -0.121 	  0.000 	  0.123
10 	 17 	 -0.116 	  0.000 	  0.118
10 	 18 	 -0.106 	  0.000 	  0.108
10 	 19 	 -0.092 	  0.000 	  0.094
10 	 20 	 -0.074 	  0.000 	  0.076
10 	 21 	 -0.054 	  0.000 	  0.055
10 	 22 	 -0.030 	  0.000 	  0.031
10 	 23 	 -0.006 	  0.000 	  0.006
10 	 24 	  0.018 	  0.000 	 -0.019
10 	 25 	  0.042 	  0.000 	 -0.043
10 	 26 	  0.064 	  0.000 	 -0.066
10 	 27 	  0.084 	  0.000 	 -0.085
10 	 28 	  0.100 	  0.000 	 -0.102
10 	 29 	  0.112 	  0.000 	 -0.114
10 	 30 	  0.119 	  0.000 	 -0.121

11 	 0 	  0.169 	 -0.000 	 -0.109
11 	 1 	  0.166 	 -0.000 	 -0.107
11 	 2 	  0.155 	 -0.000 	 -0.100
11 	 3 	  0.139 	 -0.000 	 -0.090
11 	 4 	  0.116 	 -0.000 	 -0.075
11 	 5 	  0.089 	 -0.000 	 -0.058
11 	 6 	  0.059 	 -0.000 	 -0.038
11 	 7 	  0.026 	 -0.000 	 -0.017
11 	 8 	 -0.009 	 -0.000 	  0.006
11 	 9 	 -0.042 	 -0.000 	  0.027
11 	 10 	 -0.074 	 -0.000 	  0.048
11 	 11 	 -0.103 	 -0.000 	  0.067
11 	 12 	 -0.128 	 -0.000 	  0.083
11 	 13 	 -0.148 	 -0.000 	  0.095
11 	 14 	 -0.161 	 -0.000 	  0.104
11 	 15 	 -0.168 	 -0.000 	  0.109
11 	 16 	 -0.168 	  0.000 	  0.109
11 	 17 	 -0.161 	  0.000 	  0.104
11 	 18 	 -0.148 	  0.000 	  0.095
11 	 19 	 -0.128 	  0.000 	  0.083
11 	 20 	 -0.103 	  0.000 	  0.067
11 	 21 	 -0.074 	  0.000 	  0.048
11 	 22 	 -0.042 	  0.000 	  0.027
11 	 23 	 -0.009 	  0.000 	  0.006
11 	 24 	  0.026 	  0.000 	 -0.017
11 	 25 	  0.059 	  0.000 	 -0.038
11 	 26 	  0.089 	  0.000 	 -0.058
11 	 27 	  0.116 	  0.000 	 -0.075
11 	 28 	  0.139 	  0.000 	 -0.090
11 	 29 	  0.155 	  0.000 	 -0.100
11 	 30 	  0.166 	  0.000 	 -0.107

12 	 0 	  0.210 	 -0.000 	 -0.090
12 	 1 	  0.205 	 -0.000 	 -0.088
12 	 2 	  0.193 	 -0.000 	 -0.083
12 	 3 	  0.172 	 -0.000 	 -0.074
12 	 4 	  0.144 	 -0.000 	 -0.062
12 	 5 	  0.111 	 -0.000 	 -0.048
12 	 6 	  0.073 	 -0.000 	 -0.031
12 	 7 	  0.032 	 -0.000 	 -0.014
12 	 8 	 -0.011 	 -0.000 	  0.005
12 	 9 	 -0.053 	 -0.000 	  0.023
12 	 10 	 -0.092 	 -0.000 	  0.040
12 	 11 	 -0.128 	 -0.000 	  0.055
12 	 12 	 -0.159 	 -0.000 	  0.068
12 	 13 	 -0.183 	 -0.000 	  0.079
12 	 14 	 -0.200 	 -0.000 	  0.086
12 	 15 	 -0.208 	 -0.000 	  0.089
12 	 16 	 -0.208 	  0.000 	  0.089
12 	 17 	 -0.200 	  0.000 	  0.086
12 	 18 	 -0.183 	  0.000 	  0.079
12 	 19 	 -0.159 	  0.000 	  0.068
12 	 20 	 -0.128 	  0.000 	  0.055
12 	 21 	 -0.092 	  0.000 	  0.040
12 	 22 	 -0.053 	  0.000 	  0.023
12 	 23 	 -0.011 	  0.000 	  0.005
12 	 24 	  0.032 	  0.000 	 -0.014
12 	 25 	  0.073 	  0.000 	 -0.031
12 	 26 	  0.111 	  0.000 	 -0.048
12 	 27 	  0.144 	  0.000 	 -0.062
12 	 28 	  0.172 	  0.000 	 -0.074
12 	 29 	  0.193 	  0.000 	 -0.083
12 	 30 	  0.205 	  0.000 	 -0.088

13 	 0 	  0.241 	 -0.000 	 -0.067
13 	 1 	  0.236 	 -0.000 	 -0.066
13 	 2 	  0.222 	 -0.000 	 -0.062
13 	 3 	  0.198 	 -0.000 	 -0.055
13 	 4 	  0.166 	 -0.000 	 -0.046
13 	 5 	  0.128 	 -0.000 	 -0.035
13 	 6 	  0.084 	 -0.000 	 -0.023
13 	 7 	  0.037 	 -0.000 	 -0.010
13 	 8 	 -0.012 	 -0.000 	  0.003
13 	 9 	 -0.061 	 -0.000 	  0.017
13 	 10 	 -0.106 	 -0.000 	  0.030
13 	 11 	 -0.148 	 -0.000 	  0.041
13 	 12 	 -0.183 	 -0.000 	  0.051
13 	 13 	 -0.211 	 -0.000 	  0.059
13 	 14 	 -0.230 	 -0.000 	  0.064
13 	 15 	 -0.240 	 -0.000 	  0.067
13 	 16 	 -0.240 	  0.000 	  0.067
13 	 17 	 -0.230 	  0.000 	  0.064
13 	 18 	 -0.211 	  0.000 	  0.059
13 	 19 	 -0.183 	  0.000 	  0.051
13 	 20 	 -0.148 	  0.000 	  0.041
13 	 21 	 -0.106 	  0.000 	  0.030
13 	 22 	 -0.061 	  0.000 	  0.017
13 	 23 	 -0.012 	  0.000 	  0.003
13 	 24 	  0.037 	  0.000 	 -0.010
13 	 25 	  0.084 	  0.000 	 -0.023
13 	 26 	  0.128 	  0.000 	 -0.035
13 	 27 	  0.166 	  0.000 	 -0.046
13 	 28 	  0.198 	  0.000 	 -0.055
13 	 29 	  0.222 	  0.000 	 -0.062
13 	 30 	  0.236 	  0.000 	 -0.066

14 	 0 	  0.263 	 -0.000 	 -0.041
14 	 1 	  0.258 	 -0.000 	 -0.040
14 	 2 	  0.242 	 -0.000 	 -0.038
14 	 3 	  0.216 	 -0.000 	 -0.034
14 	 4 	  0.182 	 -0.000 	 -0.028
14 	 5 	  0.139 	 -0.000 	 -0.022
14 	 6 	  0.092 	 -0.000 	 -0.014
14 	 7 	  0.040 	 -0.000 	 -0.006
14 	 8 	 -0.013 	 -0.000 	  0.002
14 	 9 	 -0.066 	 -0.000 	  0.010
14 	 10 	 -0.116 	 -0.000 	  0.018
14 	 11 	 -0.161 	 -0.000 	  0.025
14 	 12 	 -0.200 	 -0.000 	  0.031
14 	 13 	 -0.230 	 -0.000 	  0.036
14 	 14 	 -0.251 	 -0.000 	  0.039
14 	 15 	 -0.262 	 -0.000 	  0.041
14 	 16 	 -0.262 	  0.000 	  0.041
14 	 17 	 -0.251 	  0.000 	  0.039
14 	 18 	 -0.230 	  0.000 	  0.036
14 	 19 	 -0.200 	  0.000 	  0.031
14 	 20 	 -0.161 	  0.000 	  0.025
14 	 21 	 -0.116 	  0.000 	  0.018
14 	 22 	 -0.066 	  0.000 	  0.010
14 	 23 	 -0.013 	  0.000 	  0.002
14 	 24 	  0.040 	  0.000 	 -0.006
14 	 25 	  0.092 	  0.000 	 -0.014
14 	 26 	  0.139 	  0.000 	 -0.022
14 	 27 	  0.182 	  0.000 	 -0.028
14 	 28 	  0.216 	  0.000 	 -0.034
14 	 29 	  0.242 	  0.000 	 -0.038
14 	 30 	  0.258 	  0.000 	 -0.040

15 	 0 	  0.275 	 -0.000 	 -0.014
15 	 1 	  0.269 	 -0.000 	 -0.014
15 	 2 	  0.252 	 -0.000 	 -0.013
15 	 3 	  0.225 	 -0.000 	 -0.011
15 	 4 	  0.189 	 -0.000 	 -0.010
15 	 5 	  0.145 	 -0.000 	 -0.007
15 	 6 	  0.095 	 -0.000 	 -0.005
15 	 7 	  0.042 	 -0.000 	 -0.002
15 	 8 	 -0.014 	 -0.000 	  0.001
15 	 9 	 -0.069 	 -0.000 	  0.004
15 	 10 	 -0.121 	 -0.000 	  0.006
15 	 11 	 -0.168 	 -0.000 	  0.009
15 	 12 	 -0.208 	 -0.000 	  0.011
15 	 13 	 -0.240 	 -0.000 	  0.012
15 	 14 	 -0.262 	 -0.000 	  0.013
15 	 15 	 -0.273 	 -0.000 	  0.014
15 	 16 	 -0.273 	  0.000 	  0.014
15 	 17 	 -0.262 	  0.000 	  0.013
15 	 18 	 -0.240 	  0.000 	  0.012
15 	 19 	 -0.208 	  0.000 	  0.011
15 	 20 	 -0.168 	  0.000 	  0.009
15 	 21 	 -0.121 	  0.000 	  0.006
15 	 22 	 -0.069 	  0.000 	  0.004
15 	 23 	 -0.014 	  0.000 	  0.001
15 	 24 	  0.042 	  0.000 	 -0.002
15 	 25 	  0.095 	  0.000 	 -0.005
15 	 26 	  0.145 	  0.000 	 -0.007
15 	 27 	  0.189 	  0.000 	 -0.010
15 	 28 	  0.225 	  0.000 	 -0.011
15 	 29 	  0.252 	  0.000 	 -0.013
15 	 30 	  0.269 	  0.000 	 -0.014

16 	 0 	  0.275 	 -0.000 	  0.014
16 	 1 	  0.269 	 -0.000 	  0.014
16 	 2 	  0.252 	 -0.000 	  0.013
16 	 3 	  0.225 	 -0.000 	  0.011
16 	 4 	  0.189 	 -0.000 	  0.010
16 	 5 	  0.145 	 -0.000 	  0.007
16 	 6 	  0.095 	 -0.000 	  0.005
16 	 7 	  0.042 	 -0.000 	  0.002
16 	 8 	 -0.014 	 -0.000 	 -0.001
16 	 9 	 -0.069 	 -0.000 	 -0.004
16 	 10 	 -0.121 	 -0.000 	 -0.006
16 	 11 	 -0.168 	 -0.000 	 -0.009
16 	 12 	 -0.208 	 -0.000 	 -0.011
16 	 13 	 -0.240 	 -0.000 	 -0.012
16 	 14 	 -0.262 	 -0.000 	 -0.013
16 	 15 	 -0.273 	 -0.000 	 -0.014
16 	 16 	 -0.273 	  0.000 	 -0.014
16 	 17 	 -0.262 	  0.000 	 -0.013
16 	 18 	 -0.240 	  0.000 	 -0.012
16 	 19 	 -0.208 	  0.000 	 -0.011
16 	 20 	 -0.168 	  0.000 	 -0.009
16 	 21 	 -0.121 	  0.000 	 -0.006
16 	 22 	 -0.069 	  0.000 	 -0.004
16 	 23 	 -0.014 	  0.000 	 -0.001
16 	 24 	  0.042 	  0.000 	  0.002
16 	 25 	  0.095 	  0.000 	  0.005
16 	 26 	  0.145 	  0.000 	  0.007
16 	 27 	  0.189 	  0.000 	  0.010
16 	 28 	  0.225 	  0.000 	  0.011
16 	 29 	  0.252 	  0.000 	  0.013
16 	 30 	  0.269 	  0.000 	  0.014

17 	 0 	  0.263 	 -0.000 	  0.041
17 	 1 	  0.258 	 -0.000 	  0.040
17 	 2 	  0.242 	 -0.000 	  0.038
17 	 3 	  0.216 	 -0.000 	  0.034
17 	 4 	  0.182 	 -0.000 	  0.028
17 	 5 	  0.139 	 -0.000 	  0.022
17 	 6 	  0.092 	 -0.000 	  0.014
17 	 7 	  0.040 	 -0.000 	  0.006
17 	 8 	 -0.013 	 -0.000 	 -0.002
17 	 9 	 -0.066 	 -0.000 	 -0.010
17 	 10 	 -0.116 	 -0.000 	 -0.018
17 	 11 	 -0.161 	 -0.000 	 -0.025
17 	 12 	 -0.200 	 -0.000 	 -0.031
17 	 13 	 -0.230 	 -0.000 	 -0.036
17 	 14 	 -0.251 	 -0.000 	 -0.039
17 	 15 	 -0.262 	 -0.000 	 -0.041
17 	 16 	 -0.262 	  0.000 	 -0.041
17 	 17 	 -0.251 	  0.000 	 -0.039
17 	 18 	 -0.230 	  0.000 	 -0.036
17 	 19 	 -0.200 	  0.000 	 -0.031
17 	 20 	 -0.161 	  0.000 	 -0.025
17 	 21 	 -0.116 	  0.000 	 -0.018
17 	 22 	 -0.066 	  0.000 	 -0.010
17 	 23 	 -0.013 	  0.000 	 -0.002
17 	 24 	  0.040 	  0.000 	  0.006
17 	 25 	  0.092 	  0.000 	  0.014
17 	 26 	  0.139 	  0.000 	  0.022
17 	 27 	  0.182 	  0.000 	  0.028
17 	 28 	  0.216 	  0.000 	  0.034
17 	 29 	  0.242 	  0.000 	  0.038
17 	 30 	  0.258 	  0.000 	  0.040

18 	 0 	  0.241 	 -0.000 	  0.067
18 	 1 	  0.236 	 -0.000 	  0.066
18 	 2 	  0.222 	 -0.000 	  0.062
18 	 3 	  0.198 	 -0.000 	  0.055
18 	 4 	  0.166 	 -0.000 	  0.046
18 	 5 	  0.128 	 -0.000 	  0.035
18 	 6 	  0.084 	 -0.000 	  0.023
18 	 7 	  0.037 	 -0.000 	  0.010
18 	 8 	 -0.012 	 -0.000 	 -0.003
18 	 9 	 -0.061 	 -0.000 	 -0.017
18 	 10 	 -0.106 	 -0.000 	 -0.030
18 	 11 	 -0.148 	 -0.000 	 -0.041
18 	 12 	 -0.183 	 -0.000 	 -0.051
18 	 13 	 -0.211 	 -0.000 	 -0.059
18 	 14 	 -0.230 	 -0.000 	 -0.064
18 	 15 	 -0.240 	 -0.000 	 -0.067
18 	 16 	 -0.240 	  0.000 	 -0.067
18 	 17 	 -0.230 	  0.000 	 -0.064
18 	 18 	 -0.211 	  0.000 	 -0.059
18 	 19 	 -0.183 	  0.000 	 -0.051
18 	 20 	 -0.148 	  0.000 	 -0.041
18 	 21 	 -0.106 	  0.000 	 -0.030
18 	 22 	 -0.061 	  0.000 	 -0.017
18 	 23 	 -0.012 	  0.000 	 -0.003
18 	 24 	  0.037 	  0.000 	  0.010
18 	 25 	  0.084 	  0.000 	  0.023
18 	 26 	  0.128 	  0.000 	  0.035
18 	 27 	  0.166 	  0.000 	  0.046
18 	 28 	  0.198 	  0.000 	  0.055
18 	 29 	  0.222 	  0.000 	  0.062
18 	 30 	  0.236 	  0.000 	  0.066

19 	 0 	  0.210 	 -0.000 	  0.090
19 	 1 	  0.205 	 -0.000 	  0.088
19 	 2 	  0.193 	 -0.000 	  0.083
19 	 3 	  0.172 	 -0.000 	  0.074
19 	 4 	  0.144 	 -0.000 	  0.062
19 	 5 	  0.111 	 -0.000 	  0.048
19 	 6 	  0.073 	 -0.000 	  0.031
19 	 7 	  0.032 	 -0.000 	  0.014
19 	 8 	 -0.011 	 -0.000 	 -0.005
19 	 9 	 -0.053 	 -0.000 	 -0.023
19 	 10 	 -0.092 	 -0.000 	 -0.040
19 	 11 	 -0.128 	 -0.000 	 -0.055
19 	 12 	 -0.159 	 -0.000 	 -0.068
19 	 13 	 -0.183 	 -0.000 	 -0.079
19 	 14 	 -0.200 	 -0.000 	 -0.086
19 	 15 	 -0.208 	 -0.000 	 -0.089
19 	 16 	 -0.208 	  0.000 	 -0.089
19 	 17 	 -0.200 	  0.000 	 -0.086
19 	 18 	 -0.183 	  0.000 	 -0.079
19 	 19 	 -0.159 	  0.000 	 -0.068
19 	 20 	 -0.128 	  0.000 	 -0.055
19 	 21 	 -0.092 	  0.000 	 -0.040
19 	 22 	 -0.053 	  0.000 	 -0.023
19 	 23 	 -0.011 	  0.000 	 -0.005
19 	 24 	  0.032 	  0.000 	  0.014
19 	 25 	  0.073 	  0.000 	  0.031
19 	 26 	  0.111 	  0.000 	  0.048
19 	 27 	  0.144 	  0.000 	  0.062
19 	 28 	  0.172 	  0.000 	  0.074
19 	 29 	  0.193 	  0.000 	  0.083
19 	 30 	  0.205 	  0.000 	  0.088

20 	 0 	  0.169 	 -0.000 	  0.109
20 	 1 	  0.166 	 -0.000 	  0.107
20 	 2 	  0.155 	 -0.000 	  0.100
20 	 3 	  0.139 	 -0.000 	  0.090
20 	 4 	  0.116 	 -0.000 	  0.075
20 	 5 	  0.089 	 -0.000 	  0.058
20 	 6 	  0.059 	 -0.000 	  0.038
20 	 7 	  0.026 	 -0.000 	  0.017
20 	 8 	 -0.009 	 -0.000 	 -0.006
20 	 9 	 -0.042 	 -0.000 	 -0.027
20 	 10 	 -0.074 	 -0.000 	 -0.048
20 	 11 	 -0.103 	 -0.000 	 -0.067
20 	 12 	 -0.128 	 -0.000 	 -0.083
20 	 13 	 -0.148 	 -0.000 	 -0.095
20 	 14 	 -0.161 	 -0.000 	 -0.104
20 	 15 	 -0.168 	 -0.000 	 -0.109
20 	 16 	 -0.168 	  0.000 	 -0.109
20 	 17 	 -0.161 	  0.000 	 -0.104
20 	 18 	 -0.148 	  0.000 	 -0.095
20 	 19 	 -0.128 	  0.000 	 -0.083
20 	 20 	 -0.103 	  0.000 	 -0.067
20 	 21 	 -0.074 	  0.000 	 -0.048
20 	 22 	 -0.042 	  0.000 	 -0.027
20 	 23 	 -0.009 	  0.000 	 -0.006
20 	 24 	  0.026 	  0.000 	  0.017
20 	 25 	  0.059 	  0.000 	  0.038
20 	 26 	  0.089 	  0.000 	  0.058
20 	 27 	  0.116 	  0.000 	  0.075
20 	 28 	  0.139 	  0.000 	  0.090
20 	 29 	  0.155 	  0.000 	  0.100
20 	 30 	  0.166 	  0.000 	  0.107

21 	 0 	  0.122 	 -0.000 	  0.124
21 	 1 	  0.119 	 -0.000 	  0.121
21 	 2 	  0.112 	 -0.000 	  0.114
21 	 3 	  0.100 	 -0.000 	  0.102
21 	 4 	  0.084 	 -0.000 	  0.085
21 	 5 	  0.064 	 -0.000 	  0.066
21 	 6 	  0.042 	 -0.000 	  0.043
21 	 7 	  0.018 	 -0.000 	  0.019
21 	 8 	 -0.006 	 -0.000 	 -0.006
21 	 9 	 -0.030 	 -0.000 	 -0.031
21 	 10 	 -0.054 	 -0.000 	 -0.055
21 	 11 	 -0.074 	 -0.000 	 -0.076
21 	 12 	 -0.092 	 -0.000 	 -0.094
21 	 13 	 -0.106 	 -0.000 	 -0.108
21 	 14 	 -0.116 	 -0.000 	 -0.118
21 	 15 	 -0.121 	 -0.000 	 -0.123
21 	 16 	 -0.121 	  0.000 	 -0.123
21 	 17 	 -0.116 	  0.000 	 -0.118
21 	 18 	 -0.106 	  0.000 	 -0.108
21 	 19 	 -0.092 	  0.000 	 -0.094
21 	 20 	 -0.074 	  0.000 	 -0.076
21 	 21 	 -0.054 	  0.000 	 -0.055
21 	 22 	 -0.030 	  0.000 	 -0.031
21 	 23 	 -0.006 	  0.000 	 -0.006
21 	 24 	  0.018 	  0.000 	  0.019
21 	 25 	  0.042 	  0.000 	  0.043
21 	 26 	  0.064 	  0.000 	  0.066
21 	 27 	  0.084 	  0.000 	  0.085
21 	 28 	  0.100 	  0.000 	  0.102
21 	 29 	  0.112 	  0.000 	  0.114
21 	 30 	  0.119 	  0.000 	  0.121

22 	 0 	  0.069 	 -0.000 	  0.134
22 	 1 	  0.068 	 -0.000 	  0.131
22 	 2 	  0.064 	 -0.000 	  0.123
22 	 3 	  0.057 	 -0.000 	  0.110
22 	 4 	  0.048 	 -0.000 	  0.092
22 	 5 	  0.037 	 -0.000 	  0.071
22 	 6 	  0.024 	 -0.000 	  0.046
22 	 7 	  0.010 	 -0.000 	  0.020
22 	 8 	 -0.004 	 -0.000 	 -0.007
22 	 9 	 -0.017 	 -0.000 	 -0.034
22 	 10 	 -0.030 	 -0.000 	 -0.059
22 	 11 	 -0.042 	 -0.000 	 -0.082
22 	 12 	 -0.053 	 -0.000 	 -0.101
22 	 13 	 -0.061 	 -0.000 	 -0.117
22 	 14 	 -0.066 	 -0.000 	 -0.128
22 	 15 	 -0.069 	 -0.000 	 -0.133
22 	 16 	 -0.069 	  0.000 	 -0.133
22 	 17 	 -0.066 	  0.000 	 -0.128
22 	 18 	 -0.061 	  0.000 	 -0.117
22 	 19 	 -0.053 	  0.000 	 -0.101
22 	 20 	 -0.042 	  0.000 	 -0.082
22 	 21 	 -0.030 	  0.000 	 -0.059
22 	 22 	 -0.017 	  0.000 	 -0.034
22 	 23 	 -0.004 	  0.000 	 -0.007
22 	 24 	  0.010 	  0.000 	  0.020
22 	 25 	  0.024 	  0.000 	  0.046
22 	 26 	  0.037 	  0.000 	  0.071
22 	 27 	  0.048 	  0.000 	  0.092
22 	 28 	  0.057 	  0.000 	  0.110
22 	 29 	  0.064 	  0.000 	  0.123
22 	 30 	  0.068 	  0.000 	  0.131

23 	 0 	  0.014 	 -0.000 	  0.138
23 	 1 	  0.014 	 -0.000 	  0.135
23 	 2 	  0.013 	 -0.000 	  0.127
23 	 3 	  0.011 	 -0.000 	  0.113
23 	 4 	  0.010 	 -0.000 	  0.095
23 	 5 	  0.007 	 -0.000 	  0.073
23 	 6 	  0.005 	 -0.000 	  0.048
23 	 7 	  0.002 	 -0.000 	  0.021
23 	 8 	 -0.001 	 -0.000 	 -0.007
23 	 9 	 -0.004 	 -0.000 	 -0.035
23 	 10 	 -0.006 	 -0.000 	 -0.061
23 	 11 	 -0.009 	 -0.000 	 -0.084
23 	 12 	 -0.011 	 -0.000 	 -0.105
23 	 13 	 -0.012 	 -0.000 	 -0.121
23 	 14 	 -0.013 	 -0.000 	 -0.132
23 	 15 	 -0.014 	 -0.000 	 -0.137
23 	 16 	 -0.014 	  0.000 	 -0.137
23 	 17 	 -0.013 	  0.000 	 -0.132
23 	 18 	 -0.012 	  0.000 	 -0.121
23 	 19 	 -0.011 	  0.000 	 -0.105
23 	 20 	 -0.009 	  0.000 	 -0.084
23 	 21 	 -0.006 	  0.000 	 -0.061
23 	 22 	 -0.004 	  0.000 	 -0.035
23 	 23 	 -0.001 	  0.000 	 -0.007
23 	 24 	  0.002 	  0.000 	  0.021
23 	 25 	  0.005 	  0.000 	  0.048
23 	 26 	  0.007 	  0.000 	  0.073
23 	 27 	  0.010 	  0.000 	  0.095
23 	 28 	  0.011 	  0.000 	  0.113
23 	 29 	  0.013 	  0.000 	  0.127
23 	 30 	  0.014 	  0.000 	  0.135

24 	 0 	 -0.042 	  0.000 	  0.136
24 	 1 	 -0.041 	  0.000 	  0.134
24 	 2 	 -0.038 	  0.000 	  0.125
24 	 3 	 -0.034 	  0.000 	  0.112
24 	 4 	 -0.029 	  0.000 	  0.094
24 	 5 	 -0.022 	  0.000 	  0.072
24 	 6 	 -0.015 	  0.000 	  0.047
24 	 7 	 -0.006 	  0.000 	  0.021
24 	 8 	  0.002 	  0.000 	 -0.007
24 	 9 	  0.010 	  0.000 	 -0.034
24 	 10 	  0.018 	  0.000 	 -0.060
24 	 11 	  0.026 	  0.000 	 -0.084
24 	 12 	  0.032 	  0.000 	 -0.104
24 	 13 	  0.037 	  0.000 	 -0.119
24 	 14 	  0.040 	  0.000 	 -0.130
24 	 15 	  0.042 	  0.000 	 -0.136
24 	 16 	  0.042 	 -0.000 	 -0.136
24 	 17 	  0.040 	 -0.000 	 -0.130
24 	 18 	  0.037 	 -0.000 	 -0.119
24 	 19 	  0.032 	 -0.000 	 -0.104
24 	 20 	  0.026 	 -0.000 	 -0.084
24 	 21 	  0.018 	 -0.000 	 -0.060
24 	 22 	  0.010 	 -0.000 	 -0.034
24 	 23 	  0.002 	 -0.000 	 -0.007
24 	 24 	 -0.006 	 -0.000 	  0.021
24 	 25 	 -0.015 	 -0.000 	  0.047
24 	 26 	 -0.022 	 -0.000 	  0.072
24 	 27 	 -0.029 	 -0.000 	  0.094
24 	 28 	 -0.034 	 -0.000 	  0.112
24 	 29 	 -0.038 	 -0.000 	  0.125
24 	 30 	 -0.041 	 -0.000 	  0.134

25 	 0 	 -0.096 	  0.000 	  0.129
25 	 1 	 -0.094 	  0.000 	  0.127
25 	 2 	 -0.088 	  0.000 	  0.119
25 	 3 	 -0.079 	  0.000 	  0.106
25 	 4 	 -0.066 	  0.000 	  0.089
25 	 5 	 -0.051 	  0.000 	  0.068
25 	 6 	 -0.033 	  0.000 	  0.045
25 	 7 	 -0.015 	  0.000 	  0.020
25 	 8 	  0.005 	  0.000 	 -0.007
25 	 9 	  0.024 	  0.000 	 -0.032
25 	 10 	  0.042 	  0.000 	 -0.057
25 	 11 	  0.059 	  0.000 	 -0.079
25 	 12 	  0.073 	  0.000 	 -0.098
25 	 13 	  0.084 	  0.000 	 -0.113
25 	 14 	  0.092 	  0.000 	 -0.124
25 	 15 	  0.095 	  0.000 	 -0.129
25 	 16 	  0.095 	 -0.000 	 -0.129
25 	 17 	  0.092 	 -0.000 	 -0.124
25 	 18 	  0.084 	 -0.000 	 -0.113
25 	 19 	  0.073 	 -0.000 	 -0.098
25 	 20 	  0.059 	 -0.000 	 -0.079
25 	 21 	  0.042 	 -0.000 	 -0.057
25 	 22 	  0.024 	 -0.000 	 -0.032
25 	 23 	  0.005 	 -0.000 	 -0.007
25 	 24 	 -0.015 	 -0.000 	  0.020
25 	 25 	 -0.033 	 -0.000 	  0.045
25 	 26 	 -0.051 	 -0.000 	  0.068
25 	 27 	 -0.066 	 -0.000 	  0.089
25 	 28 	 -0.079 	 -0.000 	  0.106
25 	 29 	 -0.088 	 -0.000 	  0.119
25 	 30 	 -0.094 	 -0.000 	  0.127

26 	 0 	 -0.146 	  0.000 	  0.117
26 	 1 	 -0.143 	  0.000 	  0.115
26 	 2 	 -0.134 	  0.000 	  0.108
26 	 3 	 -0.120 	  0.000 	  0.096
26 	 4 	 -0.101 	  0.000 	  0.081
26 	 5 	 -0.077 	  0.000 	  0.062
26 	 6 	 -0.051 	  0.000 	  0.041
26 	 7 	 -0.022 	  0.000 	  0.018
26 	 8 	  0.007 	  0.000 	 -0.006
26 	 9 	  0.037 	  0.000 	 -0.029
26 	 10 	  0.064 	  0.000 	 -0.052
26 	 11 	  0.089 	  0.000 	 -0.072
26 	 12 	  0.111 	  0.000 	 -0.089
26 	 13 	  0.128 	  0.000 	 -0.102
26 	 14 	  0.139 	  0.000 	 -0.112
26 	 15 	  0.145 	  0.000 	 -0.117
26 	 16 	  0.145 	 -0.000 	 -0.117
26 	 17 	  0.139 	 -0.000 	 -0.112
26 	 18 	  0.128 	 -0.000 	 -0.102
26 	 19 	  0.111 	 -0.000 	 -0.089
26 	 20 	  0.089 	 -0.000 	 -0.072
26 	 21 	  0.064 	 -0.000 	 -0.052
26 	 22 	  0.037 	 -0.000 	 -0.029
26 	 23 	  0.007 	 -0.000 	 -0.006
26 	 24 	 -0.022 	 -0.000 	  0.018
26 	 25 	 -0.051 	 -0.000 	  0.041
26 	 26 	 -0.077 	 -0.000 	  0.062
26 	 27 	 -0.101 	 -0.000 	  0.081
26 	 28 	 -0.120 	 -0.000 	  0.096
26 	 29 	 -0.134 	 -0.000 	  0.108
26 	 30 	 -0.143 	 -0.000 	  0.115

27 	 0 	 -0.190 	  0.000 	  0.100
27 	 1 	 -0.186 	  0.000 	  0.098
27 	 2 	 -0.175 	  0.000 	  0.092
27 	 3 	 -0.156 	  0.000 	  0.082
27 	 4 	 -0.131 	  0.000 	  0.069
27 	 5 	 -0.101 	  0.000 	  0.053
27 	 6 	 -0.066 	  0.000 	  0.035
27 	 7 	 -0.029 	  0.000 	  0.015
27 	 8 	  0.010 	  0.000 	 -0.005
27 	 9 	  0.048 	  0.000 	 -0.025
27 	 10 	  0.084 	  0.000 	 -0.044
27 	 11 	  0.116 	  0.000 	 -0.061
27 	 12 	  0.144 	  0.000 	 -0.076
27 	 13 	  0.166 	  0.000 	 -0.087
27 	 14 	  0.182 	  0.000 	 -0.095
27 	 15 	  0.189 	  0.000 	 -0.100
27 	 16 	  0.189 	 -0.000 	 -0.100
27 	 17 	  0.182 	 -0.000 	 -0.095
27 	 18 	  0.166 	 -0.000 	 -0.087
27 	 19 	  0.144 	 -0.000 	 -0.076
27 	 20 	  0.116 	 -0.000 	 -0.061
27 	 21 	  0.084 	 -0.000 	 -0.044
27 	 22 	  0.048 	 -0.000 	 -0.025
27 	 23 	  0.010 	 -0.000 	 -0.005
27 	 24 	 -0.029 	 -0.000 	  0.015
27 	 25 	 -0.066 	 -0.000 	  0.035
27 	 26 	 -0.101 	 -0.000 	  0.053
27 	 27 	 -0.131 	 -0.000 	  0.069
27 	 28 	 -0.156 	 -0.000 	  0.082
27 	 29 	 -0.175 	 -0.000 	  0.092
27 	 30 	 -0.186 	 -0.000 	  0.098

28 	 0 	 -0.227 	  0.000 	  0.079
28 	 1 	 -0.222 	  0.000 	  0.077
28 	 2 	 -0.208 	  0.000 	  0.072
28 	 3 	 -0.186 	  0.000 	  0.065
28 	 4 	 -0.156 	  0.000 	  0.054
28 	 5 	 -0.120 	  0.000 	  0.042
28 	 6 	 -0.079 	  0.000 	  0.027
28 	 7 	 -0.034 	  0.000 	  0.012
28 	 8 	  0.011 	  0.000 	 -0.004
28 	 9 	  0.057 	  0.000 	 -0.020
28 	 10 	  0.100 	  0.000 	 -0.035
28 	 11 	  0.139 	  0.000 	 -0.048
28 	 12 	  0.172 	  0.000 	 -0.060
28 	 13 	  0.198 	  0.000 	 -0.069
28 	 14 	  0.216 	  0.000 	 -0.075
28 	 15 	  0.225 	  0.000 	 -0.078
28 	 16 	  0.225 	 -0.000 	 -0.078
28 	 17 	  0.216 	 -0.000 	 -0.075
28 	 18 	  0.198 	 -0.000 	 -0.069
28 	 19 	  0.172 	 -0.000 	 -0.060
28 	 20 	  0.139 	 -0.000 	 -0.048
28 	 21 	  0.100 	 -0.000 	 -0.035
28 	 22 	  0.057 	 -0.000 	 -0.020
28 	 23 	  0.011 	 -0.000 	 -0.004
28 	 24 	 -0.034 	 -0.000 	  0.012
28 	 25 	 -0.079 	 -0.000 	  0.027
28 	 26 	 -0.120 	 -0.000 	  0.042
28 	 27 	 -0.156 	 -0.000 	  0.054
28 	 28 	 -0.186 	 -0.000 	  0.065
28 	 29 	 -0.208 	 -0.000 	  0.072
28 	 30 	 -0.222 	 -0.000 	  0.077

29 	 0 	 -0.254 	  0.000 	  0.054
29 	 1 	 -0.249 	  0.000 	  0.053
29 	 2 	 -0.233 	  0.000 	  0.050
29 	 3 	 -0.208 	  0.000 	  0.045
29 	 4 	 -0.175 	  0.000 	  0.038
29 	 5 	 -0.134 	  0.000 	  0.029
29 	 6 	 -0.088 	  0.000 	  0.019
29 	 7 	 -0.038 	  0.000 	  0.008
29 	 8 	  0.013 	  0.000 	 -0.003
29 	 9 	  0.064 	  0.000 	 -0.014
29 	 10 	  0.112 	  0.000 	 -0.024
29 	 11 	  0.155 	  0.000 	 -0.033
29 	 12 	  0.193 	  0.000 	 -0.041
29 	 13 	  0.222 	  0.000 	 -0.048
29 	 14 	  0.242 	  0.000 	 -0.052
29 	 15 	  0.252 	  0.000 	 -0.054
29 	 16 	  0.252 	 -0.000 	 -0.054
29 	 17 	  0.242 	 -0.000 	 -0.052
29 	 18 	  0.222 	 -0.000 	 -0.048
29 	 19 	  0.193 	 -0.000 	 -0.041
29 	 20 	  0.155 	 -0.000 	 -0.033
29 	 21 	  0.112 	 -0.000 	 -0.024
29 	 22 	  0.064 	 -0.000 	 -0.014
29 	 23 	  0.013 	 -0.000 	 -0.003
29 	 24 	 -0.038 	 -0.000 	  0.008
29 	 25 	 -0.088 	 -0.000 	  0.019
29 	 26 	 -0.134 	 -0.000 	  0.029
29 	 27 	 -0.175 	 -0.000 	  0.038
29 	 28 	 -0.208 	 -0.000 	  0.045
29 	 29 	 -0.233 	 -0.000 	  0.050
29 	 30 	 -0.249 	 -0.000 	  0.053

30 	 0 	 -0.270 	  0.000 	  0.028
30 	 1 	 -0.265 	  0.000 	  0.027
30 	 2 	 -0.249 	  0.000 	  0.026
30 	 3 	 -0.222 	  0.000 	  0.023
30 	 4 	 -0.186 	  0.000 	  0.019
30 	 5 	 -0.143 	  0.000 	  0.015
30 	 6 	 -0.094 	  0.000 	  0.010
30 	 7 	 -0.041 	  0.000 	  0.004
30 	 8 	  0.014 	  0.000 	 -0.001
30 	 9 	  0.068 	  0.000 	 -0.007
30 	 10 	  0.119 	  0.000 	 -0.012
30 	 11 	  0.166 	  0.000 	 -0.017
30 	 12 	  0.205 	  0.000 	 -0.021
30 	 13 	  0.236 	  0.000 	 -0.024
30 	 14 	  0.258 	  0.000 	 -0.027
30 	 15 	  0.269 	  0.000 	 -0.028
30 	 16 	  0.269 	 -0.000 	 -0.028
30 	 17 	  0.258 	 -0.000 	 -0.027
30 	 18 	  0.236 	 -0.000 	 -0.024
30 	 19 	  0.205 	 -0.000 	 -0.021
30 	 20 	  0.166 	 -0.000 	 -0.017
30 	 21 	  0.119 	 -0.000 	 -0.012
30 	 22 	  0.068 	 -0.000 	 -0.007
30 	 23 	  0.014 	 -0.000 	 -0.001
30 	 24 	 -0.041 	 -0.000 	  0.004
30 	 25 	 -0.094 	 -0.000 	  0.010
30 	 26 	 -0.143 	 -0.000 	  0.015
30 	 27 	 -0.186 	 -0.000 	  0.019
30 	 28 	 -0.222 	 -0.000 	  0.023
30 	 29 	 -0.249 	 -0.000 	  0.026
30 	 30 	 -0.265 	 -0.000 	  0.027

