0 	 0 	 -0.287 	  0.000 	 -0.000
0 	 1 	 -0.282 	  0.000 	 -0.000
0 	 2 	 -0.264 	  0.000 	 -0.000
0 	 3 	 -0.236 	  0.000 	 -0.000
0 	 4 	 -0.198 	  0.000 	 -0.000
0 	 5 	 -0.152 	  0.000 	 -0.000
0 	 6 	 -0.100 	  0.000 	 -0.000
0 	 7 	 -0.044 	  0.000 	 -0.000
0 	 8 	  0.015 	  0.000 	  0.000
0 	 9 	  0.072 	  0.000 	  0.000
0 	 10 	  0.127 	  0.000 	  0.000
0 	 11 	  0.176 	  0.000 	  0.000
0 	 12 	  0.218 	  0.000 	  0.000
0 	 13 	  0.251 	  0.000 	  0.000
0 	 14 	  0.274 	  0.000 	  0.000
0 	 15 	  0.286 	  0.000 	  0.000
0 	 16 	  0.286 	 -0.000 	  0.000
0 	 17 	  0.274 	 -0.000 	  0.000
0 	 18 	  0.251 	 -0.000 	  0.000
0 	 19 	  0.218 	 -0.000 	  0.000
0 	 20 	  0.176 	 -0.000 	  0.000
0 	 21 	  0.127 	 -0.000 	  0.000
0 	 22 	  0.072 	 -0.000 	  0.000
0 	 23 	  0.015 	 -0.000 	  0.000
0 	 24 	 -0.044 	 -0.000 	 -0.000
0 	 25 	 -0.100 	 -0.000 	 -0.000
0 	 26 	 -0.152 	 -0.000 	 -0.000
0 	 27 	 -0.198 	 -0.000 	 -0.000
0 	 28 	 -0.236 	 -0.000 	 -0.000
0 	 29 	 -0.264 	 -0.000 	 -0.000
0 	 30 	 -0.282 	 -0.000 	 -0.000

1 	 0 	 -0.282 	  0.000 	 -0.029
1 	 1 	 -0.276 	  0.000 	 -0.028
1 	 2 	 -0.259 	  0.000 	 -0.027
1 	 3 	 -0.231 	  0.000 	 -0.024
1 	 4 	 -0.194 	  0.000 	 -0.020
1 	 5 	 -0.149 	  0.000 	 -0.015
1 	 6 	 -0.098 	  0.000 	 -0.010
1 	 7 	 -0.043 	  0.000 	 -0.004
1 	 8 	  0.014 	  0.000 	  0.001
1 	 9 	  0.071 	  0.000 	  0.007
1 	 10 	  0.124 	  0.000 	  0.013
1 	 11 	  0.172 	  0.000 	  0.018
1 	 12 	  0.214 	  0.000 	  0.022
1 	 13 	  0.246 	  0.000 	  0.025
1 	 14 	  0.269 	  0.000 	  0.028
1 	 15 	  0.280 	  0.000 	  0.029
1 	 16 	  0.280 	 -0.000 	  0.029
1 	 17 	  0.269 	 -0.000 	  0.028
1 	 18 	  0.246 	 -0.000 	  0.025
1 	 19 	  0.214 	 -0.000 	  0.022
1 	 20 	  0.172 	 -0.000 	  0.018
1 	 21 	  0.124 	 -0.000 	  0.013
1 	 22 	  0.071 	 -0.000 	  0.007
1 	 23 	  0.014 	 -0.000 	  0.001
1 	 24 	 -0.043 	 -0.000 	 -0.004
1 	 25 	 -0.098 	 -0.000 	 -0.010
1 	 26 	 -0.149 	 -0.000 	 -0.015
1 	 27 	 -0.194 	 -0.000 	 -0.020
1 	 28 	 -0.231 	 -0.000 	 -0.024
1 	 29 	 -0.259 	 -0.000 	 -0.027
1 	 30 	 -0.276 	 -0.000 	 -0.028

2 	 0 	 -0.264 	  0.000 	 -0.057
2 	 1 	 -0.259 	  0.000 	 -0.056
2 	 2 	 -0.243 	  0.000 	 -0.052
2 	 3 	 -0.217 	  0.000 	 -0.047
2 	 4 	 -0.182 	  0.000 	 -0.039
2 	 5 	 -0.140 	  0.000 	 -0.030
2 	 6 	 -0.092 	  0.000 	 -0.020
2 	 7 	 -0.040 	  0.000 	 -0.009
2 	 8 	  0.013 	  0.000 	  0.003
2 	 9 	  0.066 	  0.000 	  0.014
2 	 10 	  0.116 	  0.000 	  0.025
2 	 11 	  0.162 	  0.000 	  0.035
2 	 12 	  0.200 	  0.000 	  0.043
2 	 13 	  0.231 	  0.000 	  0.050
2 	 14 	  0.252 	  0.000 	  0.054
2 	 15 	  0.263 	  0.000 	  0.056
2 	 16 	  0.263 	 -0.000 	  0.056
2 	 17 	  0.252 	 -0.000 	  0.054
2 	 18 	  0.231 	 -0.000 	  0.050
2 	 19 	  0.200 	 -0.000 	  0.043
2 	 20 	  0.162 	 -0.000 	  0.035
2 	 21 	  0.116 	 -0.000 	  0.025
2 	 22 	  0.066 	 -0.000 	  0.014
2 	 23 	  0.013 	 -0.000 	  0.003
2 	 24 	 -0.040 	 -0.000 	 -0.009
2 	 25 	 -0.092 	 -0.000 	 -0.020
2 	 26 	 -0.140 	 -0.000 	 -0.030
2 	 27 	 -0.182 	 -0.000 	 -0.039
2 	 28 	 -0.217 	 -0.000 	 -0.047
2 	 29 	 -0.243 	 -0.000 	 -0.052
2 	 30 	 -0.259 	 -0.000 	 -0.056

3 	 0 	 -0.236 	  0.000 	 -0.082
3 	 1 	 -0.231 	  0.000 	 -0.080
3 	 2 	 -0.217 	  0.000 	 -0.075
3 	 3 	 -0.194 	  0.000 	 -0.067
3 	 4 	 -0.163 	  0.000 	 -0.057
3 	 5 	 -0.125 	  0.000 	 -0.043
3 	 6 	 -0.082 	  0.000 	 -0.029
3 	 7 	 -0.036 	  0.000 	 -0.012
3 	 8 	  0.012 	  0.000 	  0.004
3 	 9 	  0.059 	  0.000 	  0.021
3 	 10 	  0.104 	  0.000 	  0.036
3 	 11 	  0.144 	  0.000 	  0.050
3 	 12 	  0.179 	  0.000 	  0.062
3 	 13 	  0.206 	  0.000 	  0.072
3 	 14 	  0.225 	  0.000 	  0.078
3 	 15 	  0.235 	  0.000 	  0.082
3 	 16 	  0.235 	 -0.000 	  0.082
3 	 17 	  0.225 	 -0.000 	  0.078
3 	 18 	  0.206 	 -0.000 	  0.072
3 	 19 	  0.179 	 -0.000 	  0.062
3 	 20 	  0.144 	 -0.000 	  0.050
3 	 21 	  0.104 	 -0.000 	  0.036
3 	 22 	  0.059 	 -0.000 	  0.021
3 	 23 	  0.012 	 -0.000 	  0.004
3 	 24 	 -0.036 	 -0.000 	 -0.012
3 	 25 	 -0.082 	 -0.000 	 -0.029
3 	 26 	 -0.125 	 -0.000 	 -0.043
3 	 27 	 -0.163 	 -0.000 	 -0.057
3 	 28 	 -0.194 	 -0.000 	 -0.067
3 	 29 	 -0.217 	 -0.000 	 -0.075
3 	 30 	 -0.231 	 -0.000 	 -0.080

4 	 0 	 -0.198 	  0.000 	 -0.104
4 	 1 	 -0.194 	  0.000 	 -0.102
4 	 2 	 -0.182 	  0.000 	 -0.096
4 	 3 	 -0.163 	  0.000 	 -0.085
4 	 4 	 -0.136 	  0.000 	 -0.072
4 	 5 	 -0.105 	  0.000 	 -0.055
4 	 6 	 -0.069 	  0.000 	 -0.036
4 	 7 	 -0.030 	  0.000 	 -0.016
4 	 8 	  0.010 	  0.000 	  0.005
4 	 9 	  0.050 	  0.000 	  0.026
4 	 10 	  0.087 	  0.000 	  0.046
4 	 11 	  0.121 	  0.000 	  0.064
4 	 12 	  0.150 	  0.000 	  0.079
4 	 13 	  0.173 	  0.000 	  0.091
4 	 14 	  0.189 	  0.000 	  0.099
4 	 15 	  0.197 	  0.000 	  0.104
4 	 16 	  0.197 	 -0.000 	  0.104
4 	 17 	  0.189 	 -0.000 	  0.099
4 	 18 	  0.173 	 -0.000 	  0.091
4 	 19 	  0.150 	 -0.000 	  0.079
4 	 20 	  0.121 	 -0.000 	  0.064
4 	 21 	  0.087 	 -0.000 	  0.046
4 	 22 	  0.050 	 -0.000 	  0.026
4 	 23 	  0.010 	 -0.000 	  0.005
4 	 24 	 -0.030 	 -0.000 	 -0.016
4 	 25 	 -0.069 	 -0.000 	 -0.036
4 	 26 	 -0.105 	 -0.000 	 -0.055
4 	 27 	 -0.136 	 -0.000 	 -0.072
4 	 28 	 -0.163 	 -0.000 	 -0.085
4 	 29 	 -0.182 	 -0.000 	 -0.096
4 	 30 	 -0.194 	 -0.000 	 -0.102

5 	 0 	 -0.152 	  0.000 	 -0.122
5 	 1 	 -0.149 	  0.000 	 -0.119
5 	 2 	 -0.140 	  0.000 	 -0.112
5 	 3 	 -0.125 	  0.000 	 -0.100
5 	 4 	 -0.105 	  0.000 	 -0.084
5 	 5 	 -0.080 	  0.000 	 -0.065
5 	 6 	 -0.053 	  0.000 	 -0.042
5 	 7 	 -0.023 	  0.000 	 -0.018
5 	 8 	  0.008 	  0.000 	  0.006
5 	 9 	  0.038 	  0.000 	  0.031
5 	 10 	  0.067 	  0.000 	  0.054
5 	 11 	  0.093 	  0.000 	  0.075
5 	 12 	  0.115 	  0.000 	  0.093
5 	 13 	  0.133 	  0.000 	  0.107
5 	 14 	  0.145 	  0.000 	  0.116
5 	 15 	  0.151 	  0.000 	  0.121
5 	 16 	  0.151 	 -0.000 	  0.121
5 	 17 	  0.145 	 -0.000 	  0.116
5 	 18 	  0.133 	 -0.000 	  0.107
5 	 19 	  0.115 	 -0.000 	  0.093
5 	 20 	  0.093 	 -0.000 	  0.075
5 	 21 	  0.067 	 -0.000 	  0.054
5 	 22 	  0.038 	 -0.000 	  0.031
5 	 23 	  0.008 	 -0.000 	  0.006
5 	 24 	 -0.023 	 -0.000 	 -0.018
5 	 25 	 -0.053 	 -0.000 	 -0.042
5 	 26 	 -0.080 	 -0.000 	 -0.065
5 	 27 	 -0.105 	 -0.000 	 -0.084
5 	 28 	 -0.125 	 -0.000 	 -0.100
5 	 29 	 -0.140 	 -0.000 	 -0.112
5 	 30 	 -0.149 	 -0.000 	 -0.119

6 	 0 	 -0.100 	  0.000 	 -0.135
6 	 1 	 -0.098 	  0.000 	 -0.132
6 	 2 	 -0.092 	  0.000 	 -0.124
6 	 3 	 -0.082 	  0.000 	 -0.111
6 	 4 	 -0.069 	  0.000 	 -0.093
6 	 5 	 -0.053 	  0.000 	 -0.071
6 	 6 	 -0.035 	  0.000 	 -0.047
6 	 7 	 -0.015 	  0.000 	 -0.020
6 	 8 	  0.005 	  0.000 	  0.007
6 	 9 	  0.025 	  0.000 	  0.034
6 	 10 	  0.044 	  0.000 	  0.059
6 	 11 	  0.061 	  0.000 	  0.082
6 	 12 	  0.076 	  0.000 	  0.102
6 	 13 	  0.087 	  0.000 	  0.118
6 	 14 	  0.095 	  0.000 	  0.129
6 	 15 	  0.099 	  0.000 	  0.134
6 	 16 	  0.099 	 -0.000 	  0.134
6 	 17 	  0.095 	 -0.000 	  0.129
6 	 18 	  0.087 	 -0.000 	  0.118
6 	 19 	  0.076 	 -0.000 	  0.102
6 	 20 	  0.061 	 -0.000 	  0.082
6 	 21 	  0.044 	 -0.000 	  0.059
6 	 22 	  0.025 	 -0.000 	  0.034
6 	 23 	  0.005 	 -0.000 	  0.007
6 	 24 	 -0.015 	 -0.000 	 -0.020
6 	 25 	 -0.035 	 -0.000 	 -0.047
6 	 26 	 -0.053 	 -0.000 	 -0.071
6 	 27 	 -0.069 	 -0.000 	 -0.093
6 	 28 	 -0.082 	 -0.000 	 -0.111
6 	 29 	 -0.092 	 -0.000 	 -0.124
6 	 30 	 -0.098 	 -0.000 	 -0.132

7 	 0 	 -0.044 	  0.000 	 -0.142
7 	 1 	 -0.043 	  0.000 	 -0.139
7 	 2 	 -0.040 	  0.000 	 -0.131
7 	 3 	 -0.036 	  0.000 	 -0.117
7 	 4 	 -0.030 	  0.000 	 -0.098
7 	 5 	 -0.023 	  0.000 	 -0.075
7 	 6 	 -0.015 	  0.000 	 -0.049
7 	 7 	 -0.007 	  0.000 	 -0.022
7 	 8 	  0.002 	  0.000 	  0.007
7 	 9 	  0.011 	  0.000 	  0.036
7 	 10 	  0.019 	  0.000 	  0.063
7 	 11 	  0.027 	  0.000 	  0.087
7 	 12 	  0.033 	  0.000 	  0.108
7 	 13 	  0.038 	  0.000 	  0.124
7 	 14 	  0.042 	  0.000 	  0.136
7 	 15 	  0.043 	  0.000 	  0.141
7 	 16 	  0.043 	 -0.000 	  0.141
7 	 17 	  0.042 	 -0.000 	  0.136
7 	 18 	  0.038 	 -0.000 	  0.124
7 	 19 	  0.033 	 -0.000 	  0.108
7 	 20 	  0.027 	 -0.000 	  0.087
7 	 21 	  0.019 	 -0.000 	  0.063
7 	 22 	  0.011 	 -0.000 	  0.036
7 	 23 	  0.002 	 -0.000 	  0.007
7 	 24 	 -0.007 	 -0.000 	 -0.022
7 	 25 	 -0.015 	 -0.000 	 -0.049
7 	 26 	 -0.023 	 -0.000 	 -0.075
7 	 27 	 -0.030 	 -0.000 	 -0.098
7 	 28 	 -0.036 	 -0.000 	 -0.117
7 	 29 	 -0.040 	 -0.000 	 -0.131
7 	 30 	 -0.043 	 -0.000 	 -0.139

8 	 0 	  0.015 	 -0.000 	 -0.144
8 	 1 	  0.014 	 -0.000 	 -0.141
8 	 2 	  0.013 	 -0.000 	 -0.132
8 	 3 	  0.012 	 -0.000 	 -0.118
8 	 4 	  0.010 	 -0.000 	 -0.099
8 	 5 	  0.008 	 -0.000 	 -0.076
8 	 6 	  0.005 	 -0.000 	 -0.050
8 	 7 	  0.002 	 -0.000 	 -0.022
8 	 8 	 -0.001 	 -0.000 	  0.007
8 	 9 	 -0.004 	 -0.000 	  0.036
8 	 10 	 -0.006 	 -0.000 	  0.063
8 	 11 	 -0.009 	 -0.000 	  0.088
8 	 12 	 -0.011 	 -0.000 	  0.109
8 	 13 	 -0.013 	 -0.000 	  0.125
8 	 14 	 -0.014 	 -0.000 	  0.137
8 	 15 	 -0.014 	 -0.000 	  0.143
8 	 16 	 -0.014 	  0.000 	  0.143
8 	 17 	 -0.014 	  0.000 	  0.137
8 	 18 	 -0.013 	  0.000 	  0.125
8 	 19 	 -0.011 	  0.000 	  0.109
8 	 20 	 -0.009 	  0.000 	  0.088
8 	 21 	 -0.006 	  0.000 	  0.063
8 	 22 	 -0.004 	  0.000 	  0.036
8 	 23 	 -0.001 	  0.000 	  0.007
8 	 24 	  0.002 	  0.000 	 -0.022
8 	 25 	  0.005 	  0.000 	 -0.050
8 	 26 	  0.008 	  0.000 	 -0.076
8 	 27 	  0.010 	  0.000 	 -0.099
8 	 28 	  0.012 	  0.000 	 -0.118
8 	 29 	  0.013 	  0.000 	 -0.132
8 	 30 	  0.014 	  0.000 	 -0.141

9 	 0 	  0.072 	 -0.000 	 -0.139
9 	 1 	  0.071 	 -0.000 	 -0.136
9 	 2 	  0.066 	 -0.000 	 -0.128
9 	 3 	  0.059 	 -0.000 	 -0.114
9 	 4 	  0.050 	 -0.000 	 -0.096
9 	 5 	  0.038 	 -0.000 	 -0.074
9 	 6 	  0.025 	 -0.000 	 -0.048
9 	 7 	  0.011 	 -0.000 	 -0.021
9 	 8 	 -0.004 	 -0.000 	  0.007
9 	 9 	 -0.018 	 -0.000 	  0.035
9 	 10 	 -0.032 	 -0.000 	  0.061
9 	 11 	 -0.044 	 -0.000 	  0.085
9 	 12 	 -0.055 	 -0.000 	  0.106
9 	 13 	 -0.063 	 -0.000 	  0.122
9 	 14 	 -0.069 	 -0.000 	  0.133
9 	 15 	 -0.072 	 -0.000 	  0.138
9 	 16 	 -0.072 	  0.000 	  0.138
9 	 17 	 -0.069 	  0.000 	  0.133
9 	 18 	 -0.063 	  0.000 	  0.122
9 	 19 	 -0.055 	  0.000 	  0.106
9 	 20 	 -0.044 	  0.000 	  0.085
9 	 21 	 -0.032 	  0.000 	  0.061
9 	 22 	 -0.018 	  0.000 	  0.035
9 	 23 	 -0.004 	  0.000 	  0.007
9 	 24 	  0.011 	  0.000 	 -0.021
9 	 25 	  0.025 	  0.000 	 -0.048
9 	 26 	  0.038 	  0.000 	 -0.074
9 	 27 	  0.050 	  0.000 	 -0.096
9 	 28 	  0.059 	  0.000 	 -0.114
9 	 29 	  0.066 	  0.000 	 -0.128
9 	 30 	  0.071 	  0.000 	 -0.136

10 	 0 	  0.127 	 -0.000 	 -0.129
10 	 1 	  0.124 	 -0.000 	 -0.126
10 	 2 	  0.116 	 -0.000 	 -0.119
10 	 3 	  0.104 	 -0.000 	 -0.106
10 	 4 	  0.087 	 -0.000 	 -0.089
10 	 5 	  0.067 	 -0.000 	 -0.068
10 	 6 	  0.044 	 -0.000 	 -0.045
10 	 7 	  0.019 	 -0.000 	 -0.020
10 	 8 	 -0.006 	 -0.000 	  0.007
10 	 9 	 -0.032 	 -0.000 	  0.032
10 	 10 	 -0.056 	 -0.000 	  0.057
10 	 11 	 -0.077 	 -0.000 	  0.079
10 	 12 	 -0.096 	 -0.000 	  0.098
10 	 13 	 -0.111 	 -0.000 	  0.113
10 	 14 	 -0.121 	 -0.000 	  0.123
10 	 15 	 -0.126 	 -0.000 	  0.128
10 	 16 	 -0.126 	  0.000 	  0.128
10 	 17 	 -0.121 	  0.000 	  0.123
10 	 18 	 -0.111 	  0.000 	  0.113
10 	 19 	 -0.096 	  0.000 	  0.098
10 	 20 	 -0.077 	  0.000 	  0.079
10 	 21 	 -0.056 	  0.000 	  0.057
10 	 22 	 -0.032 	  0.000 	  0.032
10 	 23 	 -0.006 	  0.000 	  0.007
10 	 24 	  0.019 	  0.000 	 -0.020
10 	 25 	  0.044 	  0.000 	 -0.045
10 	 26 	  0.067 	  0.000 	 -0.068
10 	 27 	  0.087 	  0.000 	 -0.089
10 	 28 	  0.104 	  0.000 	 -0.106
10 	 29 	  0.116 	  0.000 	 -0.119
10 	 30 	  0.124 	  0.000 	 -0.126

11 	 0 	  0.176 	 -0.000 	 -0.114
11 	 1 	  0.172 	 -0.000 	 -0.111
11 	 2 	  0.162 	 -0.000 	 -0.104
11 	 3 	  0.144 	 -0.000 	 -0.093
11 	 4 	  0.121 	 -0.000 	 -0.078
11 	 5 	  0.093 	 -0.000 	 -0.060
11 	 6 	  0.061 	 -0.000 	 -0.039
11 	 7 	  0.027 	 -0.000 	 -0.017
11 	 8 	 -0.009 	 -0.000 	  0.006
11 	 9 	 -0.044 	 -0.000 	  0.028
11 	 10 	 -0.077 	 -0.000 	  0.050
11 	 11 	 -0.108 	 -0.000 	  0.070
11 	 12 	 -0.133 	 -0.000 	  0.086
11 	 13 	 -0.154 	 -0.000 	  0.099
11 	 14 	 -0.168 	 -0.000 	  0.108
11 	 15 	 -0.175 	 -0.000 	  0.113
11 	 16 	 -0.175 	  0.000 	  0.113
11 	 17 	 -0.168 	  0.000 	  0.108
11 	 18 	 -0.154 	  0.000 	  0.099
11 	 19 	 -0.133 	  0.000 	  0.086
11 	 20 	 -0.108 	  0.000 	  0.070
11 	 21 	 -0.077 	  0.000 	  0.050
11 	 22 	 -0.044 	  0.000 	  0.028
11 	 23 	 -0.009 	  0.000 	  0.006
11 	 24 	  0.027 	  0.000 	 -0.017
11 	 25 	  0.061 	  0.000 	 -0.039
11 	 26 	  0.093 	  0.000 	 -0.060
11 	 27 	  0.121 	  0.000 	 -0.078
11 	 28 	  0.144 	  0.000 	 -0.093
11 	 29 	  0.162 	  0.000 	 -0.104
11 	 30 	  0.172 	  0.000 	 -0.111

12 	 0 	  0.218 	 -0.000 	 -0.094
12 	 1 	  0.214 	 -0.000 	 -0.092
12 	 2 	  0.200 	 -0.000 	 -0.086
12 	 3 	  0.179 	 -0.000 	 -0.077
12 	 4 	  0.150 	 -0.000 	 -0.064
12 	 5 	  0.115 	 -0.000 	 -0.050
12 	 6 	  0.076 	 -0.000 	 -0.033
12 	 7 	  0.033 	 -0.000 	 -0.014
12 	 8 	 -0.011 	 -0.000 	  0.005
12 	 9 	 -0.055 	 -0.000 	  0.023
12 	 10 	 -0.096 	 -0.000 	  0.041
12 	 11 	 -0.133 	 -0.000 	  0.057
12 	 12 	 -0.165 	 -0.000 	  0.071
12 	 13 	 -0.191 	 -0.000 	  0.082
12 	 14 	 -0.208 	 -0.000 	  0.089
12 	 15 	 -0.217 	 -0.000 	  0.093
12 	 16 	 -0.217 	  0.000 	  0.093
12 	 17 	 -0.208 	  0.000 	  0.089
12 	 18 	 -0.191 	  0.000 	  0.082
12 	 19 	 -0.165 	  0.000 	  0.071
12 	 20 	 -0.133 	  0.000 	  0.057
12 	 21 	 -0.096 	  0.000 	  0.041
12 	 22 	 -0.055 	  0.000 	  0.023
12 	 23 	 -0.011 	  0.000 	  0.005
12 	 24 	  0.033 	  0.000 	 -0.014
12 	 25 	  0.076 	  0.000 	 -0.033
12 	 26 	  0.115 	  0.000 	 -0.050
12 	 27 	  0.150 	  0.000 	 -0.064
12 	 28 	  0.179 	  0.000 	 -0.077
12 	 29 	  0.200 	  0.000 	 -0.086
12 	 30 	  0.214 	  0.000 	 -0.092

13 	 0 	  0.251 	 -0.000 	 -0.070
13 	 1 	  0.246 	 -0.000 	 -0.068
13 	 2 	  0.231 	 -0.000 	 -0.064
13 	 3 	  0.206 	 -0.000 	 -0.057
13 	 4 	  0.173 	 -0.000 	 -0.048
13 	 5 	  0.133 	 -0.000 	 -0.037
13 	 6 	  0.087 	 -0.000 	 -0.024
13 	 7 	  0.038 	 -0.000 	 -0.011
13 	 8 	 -0.013 	 -0.000 	  0.004
13 	 9 	 -0.063 	 -0.000 	  0.017
13 	 10 	 -0.111 	 -0.000 	  0.031
13 	 11 	 -0.154 	 -0.000 	  0.043
13 	 12 	 -0.191 	 -0.000 	  0.053
13 	 13 	 -0.220 	 -0.000 	  0.061
13 	 14 	 -0.240 	 -0.000 	  0.067
13 	 15 	 -0.250 	 -0.000 	  0.069
13 	 16 	 -0.250 	  0.000 	  0.069
13 	 17 	 -0.240 	  0.000 	  0.067
13 	 18 	 -0.220 	  0.000 	  0.061
13 	 19 	 -0.191 	  0.000 	  0.053
13 	 20 	 -0.154 	  0.000 	  0.043
13 	 21 	 -0.111 	  0.000 	  0.031
13 	 22 	 -0.063 	  0.000 	  0.017
13 	 23 	 -0.013 	  0.000 	  0.004
13 	 24 	  0.038 	  0.000 	 -0.011
13 	 25 	  0.087 	  0.000 	 -0.024
13 	 26 	  0.133 	  0.000 	 -0.037
13 	 27 	  0.173 	  0.000 	 -0.048
13 	 28 	  0.206 	  0.000 	 -0.057
13 	 29 	  0.231 	  0.000 	 -0.064
13 	 30 	  0.246 	  0.000 	 -0.068

14 	 0 	  0.274 	 -0.000 	 -0.043
14 	 1 	  0.269 	 -0.000 	 -0.042
14 	 2 	  0.252 	 -0.000 	 -0.040
14 	 3 	  0.225 	 -0.000 	 -0.035
14 	 4 	  0.189 	 -0.000 	 -0.030
14 	 5 	  0.145 	 -0.000 	 -0.023
14 	 6 	  0.095 	 -0.000 	 -0.015
14 	 7 	  0.042 	 -0.000 	 -0.007
14 	 8 	 -0.014 	 -0.000 	  0.002
14 	 9 	 -0.069 	 -0.000 	  0.011
14 	 10 	 -0.121 	 -0.000 	  0.019
14 	 11 	 -0.168 	 -0.000 	  0.026
14 	 12 	 -0.208 	 -0.000 	  0.033
14 	 13 	 -0.240 	 -0.000 	  0.038
14 	 14 	 -0.262 	 -0.000 	  0.041
14 	 15 	 -0.273 	 -0.000 	  0.043
14 	 16 	 -0.273 	  0.000 	  0.043
14 	 17 	 -0.262 	  0.000 	  0.041
14 	 18 	 -0.240 	  0.000 	  0.038
14 	 19 	 -0.208 	  0.000 	  0.033
14 	 20 	 -0.168 	  0.000 	  0.026
14 	 21 	 -0.121 	  0.000 	  0.019
14 	 22 	 -0.069 	  0.000 	  0.011
14 	 23 	 -0.014 	  0.000 	  0.002
14 	 24 	  0.042 	  0.000 	 -0.007
14 	 25 	  0.095 	  0.000 	 -0.015
14 	 26 	  0.145 	  0.000 	 -0.023
14 	 27 	  0.189 	  0.000 	 -0.030
14 	 28 	  0.225 	  0.000 	 -0.035
14 	 29 	  0.252 	  0.000 	 -0.040
14 	 30 	  0.269 	  0.000 	 -0.042

15 	 0 	  0.286 	 -0.000 	 -0.015
15 	 1 	  0.280 	 -0.000 	 -0.014
15 	 2 	  0.263 	 -0.000 	 -0.013
15 	 3 	  0.235 	 -0.000 	 -0.012
15 	 4 	  0.197 	 -0.000 	 -0.010
15 	 5 	  0.151 	 -0.000 	 -0.008
15 	 6 	  0.099 	 -0.000 	 -0.005
15 	 7 	  0.043 	 -0.000 	 -0.002
15 	 8 	 -0.014 	 -0.000 	  0.001
15 	 9 	 -0.072 	 -0.000 	  0.004
15 	 10 	 -0.126 	 -0.000 	  0.006
15 	 11 	 -0.175 	 -0.000 	  0.009
15 	 12 	 -0.217 	 -0.000 	  0.011
15 	 13 	 -0.250 	 -0.000 	  0.013
15 	 14 	 -0.273 	 -0.000 	  0.014
15 	 15 	 -0.284 	 -0.000 	  0.014
15 	 16 	 -0.284 	  0.000 	  0.014
15 	 17 	 -0.273 	  0.000 	  0.014
15 	 18 	 -0.250 	  0.000 	  0.013
15 	 19 	 -0.217 	  0.000 	  0.011
15 	 20 	 -0.175 	  0.000 	  0.009
15 	 21 	 -0.126 	  0.000 	  0.006
15 	 22 	 -0.072 	  0.000 	  0.004
15 	 23 	 -0.014 	  0.000 	  0.001
15 	 24 	  0.043 	  0.000 	 -0.002
15 	 25 	  0.099 	  0.000 	 -0.005
15 	 26 	  0.151 	  0.000 	 -0.008
15 	 27 	  0.197 	  0.000 	 -0.010
15 	 28 	  0.235 	  0.000 	 -0.012
15 	 29 	  0.263 	  0.000 	 -0.013
15 	 30 	  0.280 	  0.000 	 -0.014

16 	 0 	  0.286 	 -0.000 	  0.015
16 	 1 	  0.280 	 -0.000 	  0.014
16 	 2 	  0.263 	 -0.000 	  0.013
16 	 3 	  0.235 	 -0.000 	  0.012
16 	 4 	  0.197 	 -0.000 	  0.010
16 	 5 	  0.151 	 -0.000 	  0.008
16 	 6 	  0.099 	 -0.000 	  0.005
16 	 7 	  0.043 	 -0.000 	  0.002
16 	 8 	 -0.014 	 -0.000 	 -0.001
16 	 9 	 -0.072 	 -0.000 	 -0.004
16 	 10 	 -0.126 	 -0.000 	 -0.006
16 	 11 	 -0.175 	 -0.000 	 -0.009
16 	 12 	 -0.217 	 -0.000 	 -0.011
16 	 13 	 -0.250 	 -0.000 	 -0.013
16 	 14 	 -0.273 	 -0.000 	 -0.014
16 	 15 	 -0.284 	 -0.000 	 -0.014
16 	 16 	 -0.284 	  0.000 	 -0.014
16 	 17 	 -0.273 	  0.000 	 -0.014
16 	 18 	 -0.250 	  0.000 	 -0.013
16 	 19 	 -0.217 	  0.000 	 -0.011
16 	 20 	 -0.175 	  0.000 	 -0.009
16 	 21 	 -0.126 	  0.000 	 -0.006
16 	 22 	 -0.072 	  0.000 	 -0.004
16 	 23 	 -0.014 	  0.000 	 -0.001
16 	 24 	  0.043 	  0.000 	  0.002
16 	 25 	  0.099 	  0.000 	  0.005
16 	 26 	  0.151 	  0.000 	  0.008
16 	 27 	  0.197 	  0.000 	  0.010
16 	 28 	  0.235 	  0.000 	  0.012
16 	 29 	  0.263 	  0.000 	  0.013
16 	 30 	  0.280 	  0.000 	  0.014

17 	 0 	  0.274 	 -0.000 	  0.043
17 	 1 	  0.269 	 -0.000 	  0.042
17 	 2 	  0.252 	 -0.000 	  0.040
17 	 3 	  0.225 	 -0.000 	  0.035
17 	 4 	  0.189 	 -0.000 	  0.030
17 	 5 	  0.145 	 -0.000 	  0.023
17 	 6 	  0.095 	 -0.000 	  0.015
17 	 7 	  0.042 	 -0.000 	  0.007
17 	 8 	 -0.014 	 -0.000 	 -0.002
17 	 9 	 -0.069 	 -0.000 	 -0.011
17 	 10 	 -0.121 	 -0.000 	 -0.019
17 	 11 	 -0.168 	 -0.000 	 -0.026
17 	 12 	 -0.208 	 -0.000 	 -0.033
17 	 13 	 -0.240 	 -0.000 	 -0.038
17 	 14 	 -0.262 	 -0.000 	 -0.041
17 	 15 	 -0.273 	 -0.000 	 -0.043
17 	 16 	 -0.273 	  0.000 	 -0.043
17 	 17 	 -0.262 	  0.000 	 -0.041
17 	 18 	 -0.240 	  0.000 	 -0.038
17 	 19 	 -0.208 	  0.000 	 -0.033
17 	 20 	 -0.168 	  0.000 	 -0.026
17 	 21 	 -0.121 	  0.000 	 -0.019
17 	 22 	 -0.069 	  0.000 	 -0.011
17 	 23 	 -0.014 	  0.000 	 -0.002
17 	 24 	  0.042 	  0.000 	  0.007
17 	 25 	  0.095 	  0.000 	  0.015
17 	 26 	  0.145 	  0.000 	  0.023
17 	 27 	  0.189 	  0.000 	  0.030
17 	 28 	  0.225 	  0.000 	  0.035
17 	 29 	  0.252 	  0.000 	  0.040
17 	 30 	  0.269 	  0.000 	  0.042

18 	 0 	  0.251 	 -0.000 	  0.070
18 	 1 	  0.246 	 -0.000 	  0.068
18 	 2 	  0.231 	 -0.000 	  0.064
18 	 3 	  0.206 	 -0.000 	  0.057
18 	 4 	  0.173 	 -0.000 	  0.048
18 	 5 	  0.133 	 -0.000 	  0.037
18 	 6 	  0.087 	 -0.000 	  0.024
18 	 7 	  0.038 	 -0.000 	  0.011
18 	 8 	 -0.013 	 -0.000 	 -0.004
18 	 9 	 -0.063 	 -0.000 	 -0.017
18 	 10 	 -0.111 	 -0.000 	 -0.031
18 	 11 	 -0.154 	 -0.000 	 -0.043
18 	 12 	 -0.191 	 -0.000 	 -0.053
18 	 13 	 -0.220 	 -0.000 	 -0.061
18 	 14 	 -0.240 	 -0.000 	 -0.067
18 	 15 	 -0.250 	 -0.000 	 -0.069
18 	 16 	 -0.250 	  0.000 	 -0.069
18 	 17 	 -0.240 	  0.000 	 -0.067
18 	 18 	 -0.220 	  0.000 	 -0.061
18 	 19 	 -0.191 	  0.000 	 -0.053
18 	 20 	 -0.154 	  0.000 	 -0.043
18 	 21 	 -0.111 	  0.000 	 -0.031
18 	 22 	 -0.063 	  0.000 	 -0.017
18 	 23 	 -0.013 	  0.000 	 -0.004
18 	 24 	  0.038 	  0.000 	  0.011
18 	 25 	  0.087 	  0.000 	  0.024
18 	 26 	  0.133 	  0.000 	  0.037
18 	 27 	  0.173 	  0.000 	  0.048
18 	 28 	  0.206 	  0.000 	  0.057
18 	 29 	  0.231 	  0.000 	  0.064
18 	 30 	  0.246 	  0.000 	  0.068

19 	 0 	  0.218 	 -0.000 	  0.094
19 	 1 	  0.214 	 -0.000 	  0.092
19 	 2 	  0.200 	 -0.000 	  0.086
19 	 3 	  0.179 	 -0.000 	  0.077
19 	 4 	  0.150 	 -0.000 	  0.064
19 	 5 	  0.115 	 -0.000 	  0.050
19 	 6 	  0.076 	 -0.000 	  0.033
19 	 7 	  0.033 	 -0.000 	  0.014
19 	 8 	 -0.011 	 -0.000 	 -0.005
19 	 9 	 -0.055 	 -0.000 	 -0.023
19 	 10 	 -0.096 	 -0.000 	 -0.041
19 	 11 	 -0.133 	 -0.000 	 -0.057
19 	 12 	 -0.165 	 -0.000 	 -0.071
19 	 13 	 -0.191 	 -0.000 	 -0.082
19 	 14 	 -0.208 	 -0.000 	 -0.089
19 	 15 	 -0.217 	 -0.000 	 -0.093
19 	 16 	 -0.217 	  0.000 	 -0.093
19 	 17 	 -0.208 	  0.000 	 -0.089
19 	 18 	 -0.191 	  0.000 	 -0.082
19 	 19 	 -0.165 	  0.000 	 -0.071
19 	 20 	 -0.133 	  0.000 	 -0.057
19 	 21 	 -0.096 	  0.000 	 -0.041
19 	 22 	 -0.055 	  0.000 	 -0.023
19 	 23 	 -0.011 	  0.000 	 -0.005
19 	 24 	  0.033 	  0.000 	  0.014
19 	 25 	  0.076 	  0.000 	  0.033
19 	 26 	  0.115 	  0.000 	  0.050
19 	 27 	  0.150 	  0.000 	  0.064
19 	 28 	  0.179 	  0.000 	  0.077
19 	 29 	  0.200 	  0.000 	  0.086
19 	 30 	  0.214 	  0.000 	  0.092

20 	 0 	  0.176 	 -0.000 	  0.114
20 	 1 	  0.172 	 -0.000 	  0.111
20 	 2 	  0.162 	 -0.000 	  0.104
20 	 3 	  0.144 	 -0.000 	  0.093
20 	 4 	  0.121 	 -0.000 	  0.078
20 	 5 	  0.093 	 -0.000 	  0.060
20 	 6 	  0.061 	 -0.000 	  0.039
20 	 7 	  0.027 	 -0.000 	  0.017
20 	 8 	 -0.009 	 -0.000 	 -0.006
20 	 9 	 -0.044 	 -0.000 	 -0.028
20 	 10 	 -0.077 	 -0.000 	 -0.050
20 	 11 	 -0.108 	 -0.000 	 -0.070
20 	 12 	 -0.133 	 -0.000 	 -0.086
20 	 13 	 -0.154 	 -0.000 	 -0.099
20 	 14 	 -0.168 	 -0.000 	 -0.108
20 	 15 	 -0.175 	 -0.000 	 -0.113
20 	 16 	 -0.175 	  0.000 	 -0.113
20 	 17 	 -0.168 	  0.000 	 -0.108
20 	 18 	 -0.154 	  0.000 	 -0.099
20 	 19 	 -0.133 	  0.000 	 -0.086
20 	 20 	 -0.108 	  0.000 	 -0.070
20 	 21 	 -0.077 	  0.000 	 -0.050
20 	 22 	 -0.044 	  0.000 	 -0.028
20 	 23 	 -0.009 	  0.000 	 -0.006
20 	 24 	  0.027 	  0.000 	  0.017
20 	 25 	  0.061 	  0.000 	  0.039
20 	 26 	  0.093 	  0.000 	  0.060
20 	 27 	  0.121 	  0.000 	  0.078
20 	 28 	  0.144 	  0.000 	  0.093
20 	 29 	  0.162 	  0.000 	  0.104
20 	 30 	  0.172 	  0.000 	  0.111

21 	 0 	  0.127 	 -0.000 	  0.129
21 	 1 	  0.124 	 -0.000 	  0.126
21 	 2 	  0.116 	 -0.000 	  0.119
21 	 3 	  0.104 	 -0.000 	  0.106
21 	 4 	  0.087 	 -0.000 	  0.089
21 	 5 	  0.067 	 -0.000 	  0.068
21 	 6 	  0.044 	 -0.000 	  0.045
21 	 7 	  0.019 	 -0.000 	  0.020
21 	 8 	 -0.006 	 -0.000 	 -0.007
21 	 9 	 -0.032 	 -0.000 	 -0.032
21 	 10 	 -0.056 	 -0.000 	 -0.057
21 	 11 	 -0.077 	 -0.000 	 -0.079
21 	 12 	 -0.096 	 -0.000 	 -0.098
21 	 13 	 -0.111 	 -0.000 	 -0.113
21 	 14 	 -0.121 	 -0.000 	 -0.123
21 	 15 	 -0.126 	 -0.000 	 -0.128
21 	 16 	 -0.126 	  0.000 	 -0.128
21 	 17 	 -0.121 	  0.000 	 -0.123
21 	 18 	 -0.111 	  0.000 	 -0.113
21 	 19 	 -0.096 	  0.000 	 -0.098
21 	 20 	 -0.077 	  0.000 	 -0.079
21 	 21 	 -0.056 	  0.000 	 -0.057
21 	 22 	 -0.032 	  0.000 	 -0.032
21 	 23 	 -0.006 	  0.000 	 -0.007
21 	 24 	  0.019 	  0.000 	  0.020
21 	 25 	  0.044 	  0.000 	  0.045
21 	 26 	  0.067 	  0.000 	  0.068
21 	 27 	  0.087 	  0.000 	  0.089
21 	 28 	  0.104 	  0.000 	  0.106
21 	 29 	  0.116 	  0.000 	  0.119
21 	 30 	  0.124 	  0.000 	  0.126

22 	 0 	  0.072 	 -0.000 	  0.139
22 	 1 	  0.071 	 -0.000 	  0.136
22 	 2 	  0.066 	 -0.000 	  0.128
22 	 3 	  0.059 	 -0.000 	  0.114
22 	 4 	  0.050 	 -0.000 	  0.096
22 	 5 	  0.038 	 -0.000 	  0.074
22 	 6 	  0.025 	 -0.000 	  0.048
22 	 7 	  0.011 	 -0.000 	  0.021
22 	 8 	 -0.004 	 -0.000 	 -0.007
22 	 9 	 -0.018 	 -0.000 	 -0.035
22 	 10 	 -0.032 	 -0.000 	 -0.061
22 	 11 	 -0.044 	 -0.000 	 -0.085
22 	 12 	 -0.055 	 -0.000 	 -0.106
22 	 13 	 -0.063 	 -0.000 	 -0.122
22 	 14 	 -0.069 	 -0.000 	 -0.133
22 	 15 	 -0.072 	 -0.000 	 -0.138
22 	 16 	 -0.072 	  0.000 	 -0.138
22 	 17 	 -0.069 	  0.000 	 -0.133
22 	 18 	 -0.063 	  0.000 	 -0.122
22 	 19 	 -0.055 	  0.000 	 -0.106
22 	 20 	 -0.044 	  0.000 	 -0.085
22 	 21 	 -0.032 	  0.000 	 -0.061
22 	 22 	 -0.018 	  0.000 	 -0.035
22 	 23 	 -0.004 	  0.000 	 -0.007
22 	 24 	  0.011 	  0.000 	  0.021
22 	 25 	  0.025 	  0.000 	  0.048
22 	 26 	  0.038 	  0.000 	  0.074
22 	 27 	  0.050 	  0.000 	  0.096
22 	 28 	  0.059 	  0.000 	  0.114
22 	 29 	  0.066 	  0.000 	  0.128
22 	 30 	  0.071 	  0.000 	  0.136

23 	 0 	  0.015 	 -0.000 	  0.144
23 	 1 	  0.014 	 -0.000 	  0.141
23 	 2 	  0.013 	 -0.000 	  0.132
23 	 3 	  0.012 	 -0.000 	  0.118
23 	 4 	  0.010 	 -0.000 	  0.099
23 	 5 	  0.008 	 -0.000 	  0.076
23 	 6 	  0.005 	 -0.000 	  0.050
23 	 7 	  0.002 	 -0.000 	  0.022
23 	 8 	 -0.001 	 -0.000 	 -0.007
23 	 9 	 -0.004 	 -0.000 	 -0.036
23 	 10 	 -0.006 	 -0.000 	 -0.063
23 	 11 	 -0.009 	 -0.000 	 -0.088
23 	 12 	 -0.011 	 -0.000 	 -0.109
23 	 13 	 -0.013 	 -0.000 	 -0.125
23 	 14 	 -0.014 	 -0.000 	 -0.137
23 	 15 	 -0.014 	 -0.000 	 -0.143
23 	 16 	 -0.014 	  0.000 	 -0.143
23 	 17 	 -0.014 	  0.000 	 -0.137
23 	 18 	 -0.013 	  0.000 	 -0.125
23 	 19 	 -0.011 	  0.000 	 -0.109
23 	 20 	 -0.009 	  0.000 	 -0.088
23 	 21 	 -0.006 	  0.000 	 -0.063
23 	 22 	 -0.004 	  0.000 	 -0.036
23 	 23 	 -0.001 	  0.000 	 -0.007
23 	 24 	  0.002 	  0.000 	  0.022
23 	 25 	  0.005 	  0.000 	  0.050
23 	 26 	  0.008 	  0.000 	  0.076
23 	 27 	  0.010 	  0.000 	  0.099
23 	 28 	  0.012 	  0.000 	  0.118
23 	 29 	  0.013 	  0.000 	  0.132
23 	 30 	  0.014 	  0.000 	  0.141

24 	 0 	 -0.044 	  0.000 	  0.142
24 	 1 	 -0.043 	  0.000 	  0.139
24 	 2 	 -0.040 	  0.000 	  0.131
24 	 3 	 -0.036 	  0.000 	  0.117
24 	 4 	 -0.030 	  0.000 	  0.098
24 	 5 	 -0.023 	  0.000 	  0.075
24 	 6 	 -0.015 	  0.000 	  0.049
24 	 7 	 -0.007 	  0.000 	  0.022
24 	 8 	  0.002 	  0.000 	 -0.007
24 	 9 	  0.011 	  0.000 	 -0.036
24 	 10 	  0.019 	  0.000 	 -0.063
24 	 11 	  0.027 	  0.000 	 -0.087
24 	 12 	  0.033 	  0.000 	 -0.108
24 	 13 	  0.038 	  0.000 	 -0.124
24 	 14 	  0.042 	  0.000 	 -0.136
24 	 15 	  0.043 	  0.000 	 -0.141
24 	 16 	  0.043 	 -0.000 	 -0.141
24 	 17 	  0.042 	 -0.000 	 -0.136
24 	 18 	  0.038 	 -0.000 	 -0.124
24 	 19 	  0.033 	 -0.000 	 -0.108
24 	 20 	  0.027 	 -0.000 	 -0.087
24 	 21 	  0.019 	 -0.000 	 -0.063
24 	 22 	  0.011 	 -0.000 	 -0.036
24 	 23 	  0.002 	 -0.000 	 -0.007
24 	 24 	 -0.007 	 -0.000 	  0.022
24 	 25 	 -0.015 	 -0.000 	  0.049
24 	 26 	 -0.023 	 -0.000 	  0.075
24 	 27 	 -0.030 	 -0.000 	  0.098
24 	 28 	 -0.036 	 -0.000 	  0.117
24 	 29 	 -0.040 	 -0.000 	  0.131
24 	 30 	 -0.043 	 -0.000 	  0.139

25 	 0 	 -0.100 	  0.000 	  0.135
25 	 1 	 -0.098 	  0.000 	  0.132
25 	 2 	 -0.092 	  0.000 	  0.124
25 	 3 	 -0.082 	  0.000 	  0.111
25 	 4 	 -0.069 	  0.000 	  0.093
25 	 5 	 -0.053 	  0.000 	  0.071
25 	 6 	 -0.035 	  0.000 	  0.047
25 	 7 	 -0.015 	  0.000 	  0.020
25 	 8 	  0.005 	  0.000 	 -0.007
25 	 9 	  0.025 	  0.000 	 -0.034
25 	 10 	  0.044 	  0.000 	 -0.059
25 	 11 	  0.061 	  0.000 	 -0.082
25 	 12 	  0.076 	  0.000 	 -0.102
25 	 13 	  0.087 	  0.000 	 -0.118
25 	 14 	  0.095 	  0.000 	 -0.129
25 	 15 	  0.099 	  0.000 	 -0.134
25 	 16 	  0.099 	 -0.000 	 -0.134
25 	 17 	  0.095 	 -0.000 	 -0.129
25 	 18 	  0.087 	 -0.000 	 -0.118
25 	 19 	  0.076 	 -0.000 	 -0.102
25 	 20 	  0.061 	 -0.000 	 -0.082
25 	 21 	  0.044 	 -0.000 	 -0.059
25 	 22 	  0.025 	 -0.000 	 -0.034
25 	 23 	  0.005 	 -0.000 	 -0.007
25 	 24 	 -0.015 	 -0.000 	  0.020
25 	 25 	 -0.035 	 -0.000 	  0.047
25 	 26 	 -0.053 	 -0.000 	  0.071
25 	 27 	 -0.069 	 -0.000 	  0.093
25 	 28 	 -0.082 	 -0.000 	  0.111
25 	 29 	 -0.092 	 -0.000 	  0.124
25 	 30 	 -0.098 	 -0.000 	  0.132

26 	 0 	 -0.152 	  0.000 	  0.122
26 	 1 	 -0.149 	  0.000 	  0.119
26 	 2 	 -0.140 	  0.000 	  0.112
26 	 3 	 -0.125 	  0.000 	  0.100
26 	 4 	 -0.105 	  0.000 	  0.084
26 	 5 	 -0.080 	  0.000 	  0.065
26 	 6 	 -0.053 	  0.000 	  0.042
26 	 7 	 -0.023 	  0.000 	  0.018
26 	 8 	  0.008 	  0.000 	 -0.006
26 	 9 	  0.038 	  0.000 	 -0.031
26 	 10 	  0.067 	  0.000 	 -0.054
26 	 11 	  0.093 	  0.000 	 -0.075
26 	 12 	  0.115 	  0.000 	 -0.093
26 	 13 	  0.133 	  0.000 	 -0.107
26 	 14 	  0.145 	  0.000 	 -0.116
26 	 15 	  0.151 	  0.000 	 -0.121
26 	 16 	  0.151 	 -0.000 	 -0.121
26 	 17 	  0.145 	 -0.000 	 -0.116
26 	 18 	  0.133 	 -0.000 	 -0.107
26 	 19 	  0.115 	 -0.000 	 -0.093
26 	 20 	  0.093 	 -0.000 	 -0.075
26 	 21 	  0.067 	 -0.000 	 -0.054
26 	 22 	  0.038 	 -0.000 	 -0.031
26 	 23 	  0.008 	 -0.000 	 -0.006
26 	 24 	 -0.023 	 -0.000 	  0.018
26 	 25 	 -0.053 	 -0.000 	  0.042
26 	 26 	 -0.080 	 -0.000 	  0.065
26 	 27 	 -0.105 	 -0.000 	  0.084
26 	 28 	 -0.125 	 -0.000 	  0.100
26 	 29 	 -0.140 	 -0.000 	  0.112
26 	 30 	 -0.149 	 -0.000 	  0.119

27 	 0 	 -0.198 	  0.000 	  0.104
27 	 1 	 -0.194 	  0.000 	  0.102
27 	 2 	 -0.182 	  0.000 	  0.096
27 	 3 	 -0.163 	  0.000 	  0.085
27 	 4 	 -0.136 	  0.000 	  0.072
27 	 5 	 -0.105 	  0.000 	  0.055
27 	 6 	 -0.069 	  0.000 	  0.036
27 	 7 	 -0.030 	  0.000 	  0.016
27 	 8 	  0.010 	  0.000 	 -0.005
27 	 9 	  0.050 	  0.000 	 -0.026
27 	 10 	  0.087 	  0.000 	 -0.046
27 	 11 	  0.121 	  0.000 	 -0.064
27 	 12 	  0.150 	  0.000 	 -0.079
27 	 13 	  0.173 	  0.000 	 -0.091
27 	 14 	  0.189 	  0.000 	 -0.099
27 	 15 	  0.197 	  0.000 	 -0.104
27 	 16 	  0.197 	 -0.000 	 -0.104
27 	 17 	  0.189 	 -0.000 	 -0.099
27 	 18 	  0.173 	 -0.000 	 -0.091
27 	 19 	  0.150 	 -0.000 	 -0.079
27 	 20 	  0.121 	 -0.000 	 -0.064
27 	 21 	  0.087 	 -0.000 	 -0.046
27 	 22 	  0.050 	 -0.000 	 -0.026
27 	 23 	  0.010 	 -0.000 	 -0.005
27 	 24 	 -0.030 	 -0.000 	  0.016
27 	 25 	 -0.069 	 -0.000 	  0.036
27 	 26 	 -0.105 	 -0.000 	  0.055
27 	 27 	 -0.136 	 -0.000 	  0.072
27 	 28 	 -0.163 	 -0.000 	  0.085
27 	 29 	 -0.182 	 -0.000 	  0.096
27 	 30 	 -0.194 	 -0.000 	  0.102

28 	 0 	 -0.236 	  0.000 	  0.082
28 	 1 	 -0.231 	  0.000 	  0.080
28 	 2 	 -0.217 	  0.000 	  0.075
28 	 3 	 -0.194 	  0.000 	  0.067
28 	 4 	 -0.163 	  0.000 	  0.057
28 	 5 	 -0.125 	  0.000 	  0.043
28 	 6 	 -0.082 	  0.000 	  0.029
28 	 7 	 -0.036 	  0.000 	  0.012
28 	 8 	  0.012 	  0.000 	 -0.004
28 	 9 	  0.059 	  0.000 	 -0.021
28 	 10 	  0.104 	  0.000 	 -0.036
28 	 11 	  0.144 	  0.000 	 -0.050
28 	 12 	  0.179 	  0.000 	 -0.062
28 	 13 	  0.206 	  0.000 	 -0.072
28 	 14 	  0.225 	  0.000 	 -0.078
28 	 15 	  0.235 	  0.000 	 -0.082
28 	 16 	  0.235 	 -0.000 	 -0.082
28 	 17 	  0.225 	 -0.000 	 -0.078
28 	 18 	  0.206 	 -0.000 	 -0.072
28 	 19 	  0.179 	 -0.000 	 -0.062
28 	 20 	  0.144 	 -0.000 	 -0.050
28 	 21 	  0.104 	 -0.000 	 -0.036
28 	 22 	  0.059 	 -0.000 	 -0.021
28 	 23 	  0.012 	 -0.000 	 -0.004
28 	 24 	 -0.036 	 -0.000 	  0.012
28 	 25 	 -0.082 	 -0.000 	  0.029
28 	 26 	 -0.125 	 -0.000 	  0.043
28 	 27 	 -0.163 	 -0.000 	  0.057
28 	 28 	 -0.194 	 -0.000 	  0.067
28 	 29 	 -0.217 	 -0.000 	  0.075
28 	 30 	 -0.231 	 -0.000 	  0.080

29 	 0 	 -0.264 	  0.000 	  0.057
29 	 1 	 -0.259 	  0.000 	  0.056
29 	 2 	 -0.243 	  0.000 	  0.052
29 	 3 	 -0.217 	  0.000 	  0.047
29 	 4 	 -0.182 	  0.000 	  0.039
29 	 5 	 -0.140 	  0.000 	  0.030
29 	 6 	 -0.092 	  0.000 	  0.020
29 	 7 	 -0.040 	  0.000 	  0.009
29 	 8 	  0.013 	  0.000 	 -0.003
29 	 9 	  0.066 	  0.000 	 -0.014
29 	 10 	  0.116 	  0.000 	 -0.025
29 	 11 	  0.162 	  0.000 	 -0.035
29 	 12 	  0.200 	  0.000 	 -0.043
29 	 13 	  0.231 	  0.000 	 -0.050
29 	 14 	  0.252 	  0.000 	 -0.054
29 	 15 	  0.263 	  0.000 	 -0.056
29 	 16 	  0.263 	 -0.000 	 -0.056
29 	 17 	  0.252 	 -0.000 	 -0.054
29 	 18 	  0.231 	 -0.000 	 -0.050
29 	 19 	  0.200 	 -0.000 	 -0.043
29 	 20 	  0.162 	 -0.000 	 -0.035
29 	 21 	  0.116 	 -0.000 	 -0.025
29 	 22 	  0.066 	 -0.000 	 -0.014
29 	 23 	  0.013 	 -0.000 	 -0.003
29 	 24 	 -0.040 	 -0.000 	  0.009
29 	 25 	 -0.092 	 -0.000 	  0.020
29 	 26 	 -0.140 	 -0.000 	  0.030
29 	 27 	 -0.182 	 -0.000 	  0.039
29 	 28 	 -0.217 	 -0.000 	  0.047
29 	 29 	 -0.243 	 -0.000 	  0.052
29 	 30 	 -0.259 	 -0.000 	  0.056

30 	 0 	 -0.282 	  0.000 	  0.029
30 	 1 	 -0.276 	  0.000 	  0.028
30 	 2 	 -0.259 	  0.000 	  0.027
30 	 3 	 -0.231 	  0.000 	  0.024
30 	 4 	 -0.194 	  0.000 	  0.020
30 	 5 	 -0.149 	  0.000 	  0.015
30 	 6 	 -0.098 	  0.000 	  0.010
30 	 7 	 -0.043 	  0.000 	  0.004
30 	 8 	  0.014 	  0.000 	 -0.001
30 	 9 	  0.071 	  0.000 	 -0.007
30 	 10 	  0.124 	  0.000 	 -0.013
30 	 11 	  0.172 	  0.000 	 -0.018
30 	 12 	  0.214 	  0.000 	 -0.022
30 	 13 	  0.246 	  0.000 	 -0.025
30 	 14 	  0.269 	  0.000 	 -0.028
30 	 15 	  0.280 	  0.000 	 -0.029
30 	 16 	  0.280 	 -0.000 	 -0.029
30 	 17 	  0.269 	 -0.000 	 -0.028
30 	 18 	  0.246 	 -0.000 	 -0.025
30 	 19 	  0.214 	 -0.000 	 -0.022
30 	 20 	  0.172 	 -0.000 	 -0.018
30 	 21 	  0.124 	 -0.000 	 -0.013
30 	 22 	  0.071 	 -0.000 	 -0.007
30 	 23 	  0.014 	 -0.000 	 -0.001
30 	 24 	 -0.043 	 -0.000 	  0.004
30 	 25 	 -0.098 	 -0.000 	  0.010
30 	 26 	 -0.149 	 -0.000 	  0.015
30 	 27 	 -0.194 	 -0.000 	  0.020
30 	 28 	 -0.231 	 -0.000 	  0.024
30 	 29 	 -0.259 	 -0.000 	  0.027
30 	 30 	 -0.276 	 -0.000 	  0.028

