0 	 0 	 -1.424 	  0.000 	 -0.000
0 	 1 	 -1.394 	  0.000 	 -0.000
0 	 2 	 -1.308 	  0.000 	 -0.000
0 	 3 	 -1.168 	  0.000 	 -0.000
0 	 4 	 -0.981 	  0.000 	 -0.000
0 	 5 	 -0.753 	  0.000 	 -0.000
0 	 6 	 -0.494 	  0.000 	 -0.000
0 	 7 	 -0.216 	  0.000 	 -0.000
0 	 8 	  0.072 	  0.000 	  0.000
0 	 9 	  0.357 	  0.000 	  0.000
0 	 10 	  0.627 	  0.000 	  0.000
0 	 11 	  0.871 	  0.000 	  0.000
0 	 12 	  1.080 	  0.000 	  0.000
0 	 13 	  1.245 	  0.000 	  0.000
0 	 14 	  1.358 	  0.000 	  0.000
0 	 15 	  1.416 	  0.000 	  0.000
0 	 16 	  1.416 	 -0.000 	  0.000
0 	 17 	  1.358 	 -0.000 	  0.000
0 	 18 	  1.245 	 -0.000 	  0.000
0 	 19 	  1.080 	 -0.000 	  0.000
0 	 20 	  0.871 	 -0.000 	  0.000
0 	 21 	  0.627 	 -0.000 	  0.000
0 	 22 	  0.357 	 -0.000 	  0.000
0 	 23 	  0.072 	 -0.000 	  0.000
0 	 24 	 -0.216 	 -0.000 	 -0.000
0 	 25 	 -0.494 	 -0.000 	 -0.000
0 	 26 	 -0.753 	 -0.000 	 -0.000
0 	 27 	 -0.981 	 -0.000 	 -0.000
0 	 28 	 -1.168 	 -0.000 	 -0.000
0 	 29 	 -1.308 	 -0.000 	 -0.000
0 	 30 	 -1.394 	 -0.000 	 -0.000

1 	 0 	 -1.394 	  0.000 	 -0.143
1 	 1 	 -1.366 	  0.000 	 -0.140
1 	 2 	 -1.281 	  0.000 	 -0.132
1 	 3 	 -1.144 	  0.000 	 -0.118
1 	 4 	 -0.961 	  0.000 	 -0.099
1 	 5 	 -0.738 	  0.000 	 -0.076
1 	 6 	 -0.484 	  0.000 	 -0.050
1 	 7 	 -0.211 	  0.000 	 -0.022
1 	 8 	  0.071 	  0.000 	  0.007
1 	 9 	  0.350 	  0.000 	  0.036
1 	 10 	  0.614 	  0.000 	  0.063
1 	 11 	  0.854 	  0.000 	  0.088
1 	 12 	  1.058 	  0.000 	  0.109
1 	 13 	  1.219 	  0.000 	  0.125
1 	 14 	  1.330 	  0.000 	  0.137
1 	 15 	  1.387 	  0.000 	  0.143
1 	 16 	  1.387 	 -0.000 	  0.143
1 	 17 	  1.330 	 -0.000 	  0.137
1 	 18 	  1.219 	 -0.000 	  0.125
1 	 19 	  1.058 	 -0.000 	  0.109
1 	 20 	  0.854 	 -0.000 	  0.088
1 	 21 	  0.614 	 -0.000 	  0.063
1 	 22 	  0.350 	 -0.000 	  0.036
1 	 23 	  0.071 	 -0.000 	  0.007
1 	 24 	 -0.211 	 -0.000 	 -0.022
1 	 25 	 -0.484 	 -0.000 	 -0.050
1 	 26 	 -0.738 	 -0.000 	 -0.076
1 	 27 	 -0.961 	 -0.000 	 -0.099
1 	 28 	 -1.144 	 -0.000 	 -0.118
1 	 29 	 -1.281 	 -0.000 	 -0.132
1 	 30 	 -1.366 	 -0.000 	 -0.140

2 	 0 	 -1.308 	  0.000 	 -0.281
2 	 1 	 -1.281 	  0.000 	 -0.275
2 	 2 	 -1.202 	  0.000 	 -0.258
2 	 3 	 -1.074 	  0.000 	 -0.230
2 	 4 	 -0.901 	  0.000 	 -0.193
2 	 5 	 -0.692 	  0.000 	 -0.148
2 	 6 	 -0.454 	  0.000 	 -0.097
2 	 7 	 -0.198 	  0.000 	 -0.043
2 	 8 	  0.066 	  0.000 	  0.014
2 	 9 	  0.328 	  0.000 	  0.070
2 	 10 	  0.576 	  0.000 	  0.124
2 	 11 	  0.801 	  0.000 	  0.172
2 	 12 	  0.993 	  0.000 	  0.213
2 	 13 	  1.144 	  0.000 	  0.245
2 	 14 	  1.248 	  0.000 	  0.268
2 	 15 	  1.301 	  0.000 	  0.279
2 	 16 	  1.301 	 -0.000 	  0.279
2 	 17 	  1.248 	 -0.000 	  0.268
2 	 18 	  1.144 	 -0.000 	  0.245
2 	 19 	  0.993 	 -0.000 	  0.213
2 	 20 	  0.801 	 -0.000 	  0.172
2 	 21 	  0.576 	 -0.000 	  0.124
2 	 22 	  0.328 	 -0.000 	  0.070
2 	 23 	  0.066 	 -0.000 	  0.014
2 	 24 	 -0.198 	 -0.000 	 -0.043
2 	 25 	 -0.454 	 -0.000 	 -0.097
2 	 26 	 -0.692 	 -0.000 	 -0.148
2 	 27 	 -0.901 	 -0.000 	 -0.193
2 	 28 	 -1.074 	 -0.000 	 -0.230
2 	 29 	 -1.202 	 -0.000 	 -0.258
2 	 30 	 -1.281 	 -0.000 	 -0.275

3 	 0 	 -1.168 	  0.000 	 -0.407
3 	 1 	 -1.144 	  0.000 	 -0.398
3 	 2 	 -1.074 	  0.000 	 -0.374
3 	 3 	 -0.959 	  0.000 	 -0.334
3 	 4 	 -0.805 	  0.000 	 -0.280
3 	 5 	 -0.618 	  0.000 	 -0.215
3 	 6 	 -0.406 	  0.000 	 -0.141
3 	 7 	 -0.177 	  0.000 	 -0.062
3 	 8 	  0.059 	  0.000 	  0.021
3 	 9 	  0.293 	  0.000 	  0.102
3 	 10 	  0.515 	  0.000 	  0.179
3 	 11 	  0.715 	  0.000 	  0.249
3 	 12 	  0.887 	  0.000 	  0.309
3 	 13 	  1.022 	  0.000 	  0.356
3 	 14 	  1.115 	  0.000 	  0.388
3 	 15 	  1.162 	  0.000 	  0.405
3 	 16 	  1.162 	 -0.000 	  0.405
3 	 17 	  1.115 	 -0.000 	  0.388
3 	 18 	  1.022 	 -0.000 	  0.356
3 	 19 	  0.887 	 -0.000 	  0.309
3 	 20 	  0.715 	 -0.000 	  0.249
3 	 21 	  0.515 	 -0.000 	  0.179
3 	 22 	  0.293 	 -0.000 	  0.102
3 	 23 	  0.059 	 -0.000 	  0.021
3 	 24 	 -0.177 	 -0.000 	 -0.062
3 	 25 	 -0.406 	 -0.000 	 -0.141
3 	 26 	 -0.618 	 -0.000 	 -0.215
3 	 27 	 -0.805 	 -0.000 	 -0.280
3 	 28 	 -0.959 	 -0.000 	 -0.334
3 	 29 	 -1.074 	 -0.000 	 -0.374
3 	 30 	 -1.144 	 -0.000 	 -0.398

4 	 0 	 -0.981 	  0.000 	 -0.516
4 	 1 	 -0.961 	  0.000 	 -0.505
4 	 2 	 -0.901 	  0.000 	 -0.474
4 	 3 	 -0.805 	  0.000 	 -0.423
4 	 4 	 -0.676 	  0.000 	 -0.355
4 	 5 	 -0.519 	  0.000 	 -0.273
4 	 6 	 -0.341 	  0.000 	 -0.179
4 	 7 	 -0.149 	  0.000 	 -0.078
4 	 8 	  0.050 	  0.000 	  0.026
4 	 9 	  0.246 	  0.000 	  0.129
4 	 10 	  0.432 	  0.000 	  0.227
4 	 11 	  0.600 	  0.000 	  0.316
4 	 12 	  0.744 	  0.000 	  0.391
4 	 13 	  0.858 	  0.000 	  0.451
4 	 14 	  0.936 	  0.000 	  0.492
4 	 15 	  0.976 	  0.000 	  0.513
4 	 16 	  0.976 	 -0.000 	  0.513
4 	 17 	  0.936 	 -0.000 	  0.492
4 	 18 	  0.858 	 -0.000 	  0.451
4 	 19 	  0.744 	 -0.000 	  0.391
4 	 20 	  0.600 	 -0.000 	  0.316
4 	 21 	  0.432 	 -0.000 	  0.227
4 	 22 	  0.246 	 -0.000 	  0.129
4 	 23 	  0.050 	 -0.000 	  0.026
4 	 24 	 -0.149 	 -0.000 	 -0.078
4 	 25 	 -0.341 	 -0.000 	 -0.179
4 	 26 	 -0.519 	 -0.000 	 -0.273
4 	 27 	 -0.676 	 -0.000 	 -0.355
4 	 28 	 -0.805 	 -0.000 	 -0.423
4 	 29 	 -0.901 	 -0.000 	 -0.474
4 	 30 	 -0.961 	 -0.000 	 -0.505

5 	 0 	 -0.753 	  0.000 	 -0.604
5 	 1 	 -0.738 	  0.000 	 -0.592
5 	 2 	 -0.692 	  0.000 	 -0.555
5 	 3 	 -0.618 	  0.000 	 -0.496
5 	 4 	 -0.519 	  0.000 	 -0.416
5 	 5 	 -0.398 	  0.000 	 -0.320
5 	 6 	 -0.262 	  0.000 	 -0.210
5 	 7 	 -0.114 	  0.000 	 -0.091
5 	 8 	  0.038 	  0.000 	  0.031
5 	 9 	  0.189 	  0.000 	  0.151
5 	 10 	  0.332 	  0.000 	  0.266
5 	 11 	  0.461 	  0.000 	  0.370
5 	 12 	  0.571 	  0.000 	  0.458
5 	 13 	  0.658 	  0.000 	  0.528
5 	 14 	  0.718 	  0.000 	  0.576
5 	 15 	  0.749 	  0.000 	  0.601
5 	 16 	  0.749 	 -0.000 	  0.601
5 	 17 	  0.718 	 -0.000 	  0.576
5 	 18 	  0.658 	 -0.000 	  0.528
5 	 19 	  0.571 	 -0.000 	  0.458
5 	 20 	  0.461 	 -0.000 	  0.370
5 	 21 	  0.332 	 -0.000 	  0.266
5 	 22 	  0.189 	 -0.000 	  0.151
5 	 23 	  0.038 	 -0.000 	  0.031
5 	 24 	 -0.114 	 -0.000 	 -0.091
5 	 25 	 -0.262 	 -0.000 	 -0.210
5 	 26 	 -0.398 	 -0.000 	 -0.320
5 	 27 	 -0.519 	 -0.000 	 -0.416
5 	 28 	 -0.618 	 -0.000 	 -0.496
5 	 29 	 -0.692 	 -0.000 	 -0.555
5 	 30 	 -0.738 	 -0.000 	 -0.592

6 	 0 	 -0.494 	  0.000 	 -0.667
6 	 1 	 -0.484 	  0.000 	 -0.654
6 	 2 	 -0.454 	  0.000 	 -0.613
6 	 3 	 -0.406 	  0.000 	 -0.548
6 	 4 	 -0.341 	  0.000 	 -0.460
6 	 5 	 -0.262 	  0.000 	 -0.353
6 	 6 	 -0.172 	  0.000 	 -0.232
6 	 7 	 -0.075 	  0.000 	 -0.101
6 	 8 	  0.025 	  0.000 	  0.034
6 	 9 	  0.124 	  0.000 	  0.167
6 	 10 	  0.218 	  0.000 	  0.294
6 	 11 	  0.303 	  0.000 	  0.409
6 	 12 	  0.375 	  0.000 	  0.506
6 	 13 	  0.432 	  0.000 	  0.584
6 	 14 	  0.472 	  0.000 	  0.637
6 	 15 	  0.492 	  0.000 	  0.664
6 	 16 	  0.492 	 -0.000 	  0.664
6 	 17 	  0.472 	 -0.000 	  0.637
6 	 18 	  0.432 	 -0.000 	  0.584
6 	 19 	  0.375 	 -0.000 	  0.506
6 	 20 	  0.303 	 -0.000 	  0.409
6 	 21 	  0.218 	 -0.000 	  0.294
6 	 22 	  0.124 	 -0.000 	  0.167
6 	 23 	  0.025 	 -0.000 	  0.034
6 	 24 	 -0.075 	 -0.000 	 -0.101
6 	 25 	 -0.172 	 -0.000 	 -0.232
6 	 26 	 -0.262 	 -0.000 	 -0.353
6 	 27 	 -0.341 	 -0.000 	 -0.460
6 	 28 	 -0.406 	 -0.000 	 -0.548
6 	 29 	 -0.454 	 -0.000 	 -0.613
6 	 30 	 -0.484 	 -0.000 	 -0.654

7 	 0 	 -0.216 	  0.000 	 -0.704
7 	 1 	 -0.211 	  0.000 	 -0.689
7 	 2 	 -0.198 	  0.000 	 -0.647
7 	 3 	 -0.177 	  0.000 	 -0.577
7 	 4 	 -0.149 	  0.000 	 -0.485
7 	 5 	 -0.114 	  0.000 	 -0.372
7 	 6 	 -0.075 	  0.000 	 -0.244
7 	 7 	 -0.033 	  0.000 	 -0.107
7 	 8 	  0.011 	  0.000 	  0.036
7 	 9 	  0.054 	  0.000 	  0.176
7 	 10 	  0.095 	  0.000 	  0.310
7 	 11 	  0.132 	  0.000 	  0.431
7 	 12 	  0.164 	  0.000 	  0.534
7 	 13 	  0.188 	  0.000 	  0.615
7 	 14 	  0.206 	  0.000 	  0.671
7 	 15 	  0.214 	  0.000 	  0.700
7 	 16 	  0.214 	 -0.000 	  0.700
7 	 17 	  0.206 	 -0.000 	  0.671
7 	 18 	  0.188 	 -0.000 	  0.615
7 	 19 	  0.164 	 -0.000 	  0.534
7 	 20 	  0.132 	 -0.000 	  0.431
7 	 21 	  0.095 	 -0.000 	  0.310
7 	 22 	  0.054 	 -0.000 	  0.176
7 	 23 	  0.011 	 -0.000 	  0.036
7 	 24 	 -0.033 	 -0.000 	 -0.107
7 	 25 	 -0.075 	 -0.000 	 -0.244
7 	 26 	 -0.114 	 -0.000 	 -0.372
7 	 27 	 -0.149 	 -0.000 	 -0.485
7 	 28 	 -0.177 	 -0.000 	 -0.577
7 	 29 	 -0.198 	 -0.000 	 -0.647
7 	 30 	 -0.211 	 -0.000 	 -0.689

8 	 0 	  0.072 	 -0.000 	 -0.711
8 	 1 	  0.071 	 -0.000 	 -0.696
8 	 2 	  0.066 	 -0.000 	 -0.653
8 	 3 	  0.059 	 -0.000 	 -0.583
8 	 4 	  0.050 	 -0.000 	 -0.490
8 	 5 	  0.038 	 -0.000 	 -0.376
8 	 6 	  0.025 	 -0.000 	 -0.247
8 	 7 	  0.011 	 -0.000 	 -0.108
8 	 8 	 -0.004 	 -0.000 	  0.036
8 	 9 	 -0.018 	 -0.000 	  0.178
8 	 10 	 -0.032 	 -0.000 	  0.313
8 	 11 	 -0.044 	 -0.000 	  0.435
8 	 12 	 -0.055 	 -0.000 	  0.539
8 	 13 	 -0.063 	 -0.000 	  0.622
8 	 14 	 -0.069 	 -0.000 	  0.678
8 	 15 	 -0.072 	 -0.000 	  0.707
8 	 16 	 -0.072 	  0.000 	  0.707
8 	 17 	 -0.069 	  0.000 	  0.678
8 	 18 	 -0.063 	  0.000 	  0.622
8 	 19 	 -0.055 	  0.000 	  0.539
8 	 20 	 -0.044 	  0.000 	  0.435
8 	 21 	 -0.032 	  0.000 	  0.313
8 	 22 	 -0.018 	  0.000 	  0.178
8 	 23 	 -0.004 	  0.000 	  0.036
8 	 24 	  0.011 	  0.000 	 -0.108
8 	 25 	  0.025 	  0.000 	 -0.247
8 	 26 	  0.038 	  0.000 	 -0.376
8 	 27 	  0.050 	  0.000 	 -0.490
8 	 28 	  0.059 	  0.000 	 -0.583
8 	 29 	  0.066 	  0.000 	 -0.653
8 	 30 	  0.071 	  0.000 	 -0.696

9 	 0 	  0.357 	 -0.000 	 -0.689
9 	 1 	  0.350 	 -0.000 	 -0.675
9 	 2 	  0.328 	 -0.000 	 -0.633
9 	 3 	  0.293 	 -0.000 	 -0.566
9 	 4 	  0.246 	 -0.000 	 -0.475
9 	 5 	  0.189 	 -0.000 	 -0.364
9 	 6 	  0.124 	 -0.000 	 -0.239
9 	 7 	  0.054 	 -0.000 	 -0.104
9 	 8 	 -0.018 	 -0.000 	  0.035
9 	 9 	 -0.089 	 -0.000 	  0.173
9 	 10 	 -0.157 	 -0.000 	  0.303
9 	 11 	 -0.218 	 -0.000 	  0.422
9 	 12 	 -0.271 	 -0.000 	  0.523
9 	 13 	 -0.312 	 -0.000 	  0.602
9 	 14 	 -0.340 	 -0.000 	  0.657
9 	 15 	 -0.355 	 -0.000 	  0.686
9 	 16 	 -0.355 	  0.000 	  0.686
9 	 17 	 -0.340 	  0.000 	  0.657
9 	 18 	 -0.312 	  0.000 	  0.602
9 	 19 	 -0.271 	  0.000 	  0.523
9 	 20 	 -0.218 	  0.000 	  0.422
9 	 21 	 -0.157 	  0.000 	  0.303
9 	 22 	 -0.089 	  0.000 	  0.173
9 	 23 	 -0.018 	  0.000 	  0.035
9 	 24 	  0.054 	  0.000 	 -0.104
9 	 25 	  0.124 	  0.000 	 -0.239
9 	 26 	  0.189 	  0.000 	 -0.364
9 	 27 	  0.246 	  0.000 	 -0.475
9 	 28 	  0.293 	  0.000 	 -0.566
9 	 29 	  0.328 	  0.000 	 -0.633
9 	 30 	  0.350 	  0.000 	 -0.675

10 	 0 	  0.627 	 -0.000 	 -0.639
10 	 1 	  0.614 	 -0.000 	 -0.626
10 	 2 	  0.576 	 -0.000 	 -0.587
10 	 3 	  0.515 	 -0.000 	 -0.524
10 	 4 	  0.432 	 -0.000 	 -0.440
10 	 5 	  0.332 	 -0.000 	 -0.338
10 	 6 	  0.218 	 -0.000 	 -0.222
10 	 7 	  0.095 	 -0.000 	 -0.097
10 	 8 	 -0.032 	 -0.000 	  0.032
10 	 9 	 -0.157 	 -0.000 	  0.160
10 	 10 	 -0.276 	 -0.000 	  0.281
10 	 11 	 -0.384 	 -0.000 	  0.391
10 	 12 	 -0.476 	 -0.000 	  0.485
10 	 13 	 -0.548 	 -0.000 	  0.559
10 	 14 	 -0.598 	 -0.000 	  0.610
10 	 15 	 -0.624 	 -0.000 	  0.636
10 	 16 	 -0.624 	  0.000 	  0.636
10 	 17 	 -0.598 	  0.000 	  0.610
10 	 18 	 -0.548 	  0.000 	  0.559
10 	 19 	 -0.476 	  0.000 	  0.485
10 	 20 	 -0.384 	  0.000 	  0.391
10 	 21 	 -0.276 	  0.000 	  0.281
10 	 22 	 -0.157 	  0.000 	  0.160
10 	 23 	 -0.032 	  0.000 	  0.032
10 	 24 	  0.095 	  0.000 	 -0.097
10 	 25 	  0.218 	  0.000 	 -0.222
10 	 26 	  0.332 	  0.000 	 -0.338
10 	 27 	  0.432 	  0.000 	 -0.440
10 	 28 	  0.515 	  0.000 	 -0.524
10 	 29 	  0.576 	  0.000 	 -0.587
10 	 30 	  0.614 	  0.000 	 -0.626

11 	 0 	  0.871 	 -0.000 	 -0.563
11 	 1 	  0.854 	 -0.000 	 -0.551
11 	 2 	  0.801 	 -0.000 	 -0.517
11 	 3 	  0.715 	 -0.000 	 -0.462
11 	 4 	  0.600 	 -0.000 	 -0.388
11 	 5 	  0.461 	 -0.000 	 -0.298
11 	 6 	  0.303 	 -0.000 	 -0.195
11 	 7 	  0.132 	 -0.000 	 -0.085
11 	 8 	 -0.044 	 -0.000 	  0.029
11 	 9 	 -0.218 	 -0.000 	  0.141
11 	 10 	 -0.384 	 -0.000 	  0.248
11 	 11 	 -0.533 	 -0.000 	  0.345
11 	 12 	 -0.661 	 -0.000 	  0.427
11 	 13 	 -0.762 	 -0.000 	  0.492
11 	 14 	 -0.831 	 -0.000 	  0.537
11 	 15 	 -0.867 	 -0.000 	  0.560
11 	 16 	 -0.867 	  0.000 	  0.560
11 	 17 	 -0.831 	  0.000 	  0.537
11 	 18 	 -0.762 	  0.000 	  0.492
11 	 19 	 -0.661 	  0.000 	  0.427
11 	 20 	 -0.533 	  0.000 	  0.345
11 	 21 	 -0.384 	  0.000 	  0.248
11 	 22 	 -0.218 	  0.000 	  0.141
11 	 23 	 -0.044 	  0.000 	  0.029
11 	 24 	  0.132 	  0.000 	 -0.085
11 	 25 	  0.303 	  0.000 	 -0.195
11 	 26 	  0.461 	  0.000 	 -0.298
11 	 27 	  0.600 	  0.000 	 -0.388
11 	 28 	  0.715 	  0.000 	 -0.462
11 	 29 	  0.801 	  0.000 	 -0.517
11 	 30 	  0.854 	  0.000 	 -0.551

12 	 0 	  1.080 	 -0.000 	 -0.464
12 	 1 	  1.058 	 -0.000 	 -0.454
12 	 2 	  0.993 	 -0.000 	 -0.426
12 	 3 	  0.887 	 -0.000 	 -0.381
12 	 4 	  0.744 	 -0.000 	 -0.319
12 	 5 	  0.571 	 -0.000 	 -0.245
12 	 6 	  0.375 	 -0.000 	 -0.161
12 	 7 	  0.164 	 -0.000 	 -0.070
12 	 8 	 -0.055 	 -0.000 	  0.023
12 	 9 	 -0.271 	 -0.000 	  0.116
12 	 10 	 -0.476 	 -0.000 	  0.204
12 	 11 	 -0.661 	 -0.000 	  0.284
12 	 12 	 -0.820 	 -0.000 	  0.352
12 	 13 	 -0.944 	 -0.000 	  0.405
12 	 14 	 -1.031 	 -0.000 	  0.442
12 	 15 	 -1.075 	 -0.000 	  0.461
12 	 16 	 -1.075 	  0.000 	  0.461
12 	 17 	 -1.031 	  0.000 	  0.442
12 	 18 	 -0.944 	  0.000 	  0.405
12 	 19 	 -0.820 	  0.000 	  0.352
12 	 20 	 -0.661 	  0.000 	  0.284
12 	 21 	 -0.476 	  0.000 	  0.204
12 	 22 	 -0.271 	  0.000 	  0.116
12 	 23 	 -0.055 	  0.000 	  0.023
12 	 24 	  0.164 	  0.000 	 -0.070
12 	 25 	  0.375 	  0.000 	 -0.161
12 	 26 	  0.571 	  0.000 	 -0.245
12 	 27 	  0.744 	  0.000 	 -0.319
12 	 28 	  0.887 	  0.000 	 -0.381
12 	 29 	  0.993 	  0.000 	 -0.426
12 	 30 	  1.058 	  0.000 	 -0.454

13 	 0 	  1.245 	 -0.000 	 -0.345
13 	 1 	  1.219 	 -0.000 	 -0.338
13 	 2 	  1.144 	 -0.000 	 -0.317
13 	 3 	  1.022 	 -0.000 	 -0.284
13 	 4 	  0.858 	 -0.000 	 -0.238
13 	 5 	  0.658 	 -0.000 	 -0.183
13 	 6 	  0.432 	 -0.000 	 -0.120
13 	 7 	  0.188 	 -0.000 	 -0.052
13 	 8 	 -0.063 	 -0.000 	  0.017
13 	 9 	 -0.312 	 -0.000 	  0.087
13 	 10 	 -0.548 	 -0.000 	  0.152
13 	 11 	 -0.762 	 -0.000 	  0.211
13 	 12 	 -0.944 	 -0.000 	  0.262
13 	 13 	 -1.088 	 -0.000 	  0.302
13 	 14 	 -1.188 	 -0.000 	  0.330
13 	 15 	 -1.238 	 -0.000 	  0.344
13 	 16 	 -1.238 	  0.000 	  0.344
13 	 17 	 -1.188 	  0.000 	  0.330
13 	 18 	 -1.088 	  0.000 	  0.302
13 	 19 	 -0.944 	  0.000 	  0.262
13 	 20 	 -0.762 	  0.000 	  0.211
13 	 21 	 -0.548 	  0.000 	  0.152
13 	 22 	 -0.312 	  0.000 	  0.087
13 	 23 	 -0.063 	  0.000 	  0.017
13 	 24 	  0.188 	  0.000 	 -0.052
13 	 25 	  0.432 	  0.000 	 -0.120
13 	 26 	  0.658 	  0.000 	 -0.183
13 	 27 	  0.858 	  0.000 	 -0.238
13 	 28 	  1.022 	  0.000 	 -0.284
13 	 29 	  1.144 	  0.000 	 -0.317
13 	 30 	  1.219 	  0.000 	 -0.338

14 	 0 	  1.358 	 -0.000 	 -0.213
14 	 1 	  1.330 	 -0.000 	 -0.209
14 	 2 	  1.248 	 -0.000 	 -0.196
14 	 3 	  1.115 	 -0.000 	 -0.175
14 	 4 	  0.936 	 -0.000 	 -0.147
14 	 5 	  0.718 	 -0.000 	 -0.113
14 	 6 	  0.472 	 -0.000 	 -0.074
14 	 7 	  0.206 	 -0.000 	 -0.032
14 	 8 	 -0.069 	 -0.000 	  0.011
14 	 9 	 -0.340 	 -0.000 	  0.053
14 	 10 	 -0.598 	 -0.000 	  0.094
14 	 11 	 -0.831 	 -0.000 	  0.130
14 	 12 	 -1.031 	 -0.000 	  0.162
14 	 13 	 -1.188 	 -0.000 	  0.186
14 	 14 	 -1.296 	 -0.000 	  0.203
14 	 15 	 -1.351 	 -0.000 	  0.212
14 	 16 	 -1.351 	  0.000 	  0.212
14 	 17 	 -1.296 	  0.000 	  0.203
14 	 18 	 -1.188 	  0.000 	  0.186
14 	 19 	 -1.031 	  0.000 	  0.162
14 	 20 	 -0.831 	  0.000 	  0.130
14 	 21 	 -0.598 	  0.000 	  0.094
14 	 22 	 -0.340 	  0.000 	  0.053
14 	 23 	 -0.069 	  0.000 	  0.011
14 	 24 	  0.206 	  0.000 	 -0.032
14 	 25 	  0.472 	  0.000 	 -0.074
14 	 26 	  0.718 	  0.000 	 -0.113
14 	 27 	  0.936 	  0.000 	 -0.147
14 	 28 	  1.115 	  0.000 	 -0.175
14 	 29 	  1.248 	  0.000 	 -0.196
14 	 30 	  1.330 	  0.000 	 -0.209

15 	 0 	  1.416 	 -0.000 	 -0.072
15 	 1 	  1.387 	 -0.000 	 -0.071
15 	 2 	  1.301 	 -0.000 	 -0.066
15 	 3 	  1.162 	 -0.000 	 -0.059
15 	 4 	  0.976 	 -0.000 	 -0.050
15 	 5 	  0.749 	 -0.000 	 -0.038
15 	 6 	  0.492 	 -0.000 	 -0.025
15 	 7 	  0.214 	 -0.000 	 -0.011
15 	 8 	 -0.072 	 -0.000 	  0.004
15 	 9 	 -0.355 	 -0.000 	  0.018
15 	 10 	 -0.624 	 -0.000 	  0.032
15 	 11 	 -0.867 	 -0.000 	  0.044
15 	 12 	 -1.075 	 -0.000 	  0.055
15 	 13 	 -1.238 	 -0.000 	  0.063
15 	 14 	 -1.351 	 -0.000 	  0.069
15 	 15 	 -1.409 	 -0.000 	  0.072
15 	 16 	 -1.409 	  0.000 	  0.072
15 	 17 	 -1.351 	  0.000 	  0.069
15 	 18 	 -1.238 	  0.000 	  0.063
15 	 19 	 -1.075 	  0.000 	  0.055
15 	 20 	 -0.867 	  0.000 	  0.044
15 	 21 	 -0.624 	  0.000 	  0.032
15 	 22 	 -0.355 	  0.000 	  0.018
15 	 23 	 -0.072 	  0.000 	  0.004
15 	 24 	  0.214 	  0.000 	 -0.011
15 	 25 	  0.492 	  0.000 	 -0.025
15 	 26 	  0.749 	  0.000 	 -0.038
15 	 27 	  0.976 	  0.000 	 -0.050
15 	 28 	  1.162 	  0.000 	 -0.059
15 	 29 	  1.301 	  0.000 	 -0.066
15 	 30 	  1.387 	  0.000 	 -0.071

16 	 0 	  1.416 	 -0.000 	  0.072
16 	 1 	  1.387 	 -0.000 	  0.071
16 	 2 	  1.301 	 -0.000 	  0.066
16 	 3 	  1.162 	 -0.000 	  0.059
16 	 4 	  0.976 	 -0.000 	  0.050
16 	 5 	  0.749 	 -0.000 	  0.038
16 	 6 	  0.492 	 -0.000 	  0.025
16 	 7 	  0.214 	 -0.000 	  0.011
16 	 8 	 -0.072 	 -0.000 	 -0.004
16 	 9 	 -0.355 	 -0.000 	 -0.018
16 	 10 	 -0.624 	 -0.000 	 -0.032
16 	 11 	 -0.867 	 -0.000 	 -0.044
16 	 12 	 -1.075 	 -0.000 	 -0.055
16 	 13 	 -1.238 	 -0.000 	 -0.063
16 	 14 	 -1.351 	 -0.000 	 -0.069
16 	 15 	 -1.409 	 -0.000 	 -0.072
16 	 16 	 -1.409 	  0.000 	 -0.072
16 	 17 	 -1.351 	  0.000 	 -0.069
16 	 18 	 -1.238 	  0.000 	 -0.063
16 	 19 	 -1.075 	  0.000 	 -0.055
16 	 20 	 -0.867 	  0.000 	 -0.044
16 	 21 	 -0.624 	  0.000 	 -0.032
16 	 22 	 -0.355 	  0.000 	 -0.018
16 	 23 	 -0.072 	  0.000 	 -0.004
16 	 24 	  0.214 	  0.000 	  0.011
16 	 25 	  0.492 	  0.000 	  0.025
16 	 26 	  0.749 	  0.000 	  0.038
16 	 27 	  0.976 	  0.000 	  0.050
16 	 28 	  1.162 	  0.000 	  0.059
16 	 29 	  1.301 	  0.000 	  0.066
16 	 30 	  1.387 	  0.000 	  0.071

17 	 0 	  1.358 	 -0.000 	  0.213
17 	 1 	  1.330 	 -0.000 	  0.209
17 	 2 	  1.248 	 -0.000 	  0.196
17 	 3 	  1.115 	 -0.000 	  0.175
17 	 4 	  0.936 	 -0.000 	  0.147
17 	 5 	  0.718 	 -0.000 	  0.113
17 	 6 	  0.472 	 -0.000 	  0.074
17 	 7 	  0.206 	 -0.000 	  0.032
17 	 8 	 -0.069 	 -0.000 	 -0.011
17 	 9 	 -0.340 	 -0.000 	 -0.053
17 	 10 	 -0.598 	 -0.000 	 -0.094
17 	 11 	 -0.831 	 -0.000 	 -0.130
17 	 12 	 -1.031 	 -0.000 	 -0.162
17 	 13 	 -1.188 	 -0.000 	 -0.186
17 	 14 	 -1.296 	 -0.000 	 -0.203
17 	 15 	 -1.351 	 -0.000 	 -0.212
17 	 16 	 -1.351 	  0.000 	 -0.212
17 	 17 	 -1.296 	  0.000 	 -0.203
17 	 18 	 -1.188 	  0.000 	 -0.186
17 	 19 	 -1.031 	  0.000 	 -0.162
17 	 20 	 -0.831 	  0.000 	 -0.130
17 	 21 	 -0.598 	  0.000 	 -0.094
17 	 22 	 -0.340 	  0.000 	 -0.053
17 	 23 	 -0.069 	  0.000 	 -0.011
17 	 24 	  0.206 	  0.000 	  0.032
17 	 25 	  0.472 	  0.000 	  0.074
17 	 26 	  0.718 	  0.000 	  0.113
17 	 27 	  0.936 	  0.000 	  0.147
17 	 28 	  1.115 	  0.000 	  0.175
17 	 29 	  1.248 	  0.000 	  0.196
17 	 30 	  1.330 	  0.000 	  0.209

18 	 0 	  1.245 	 -0.000 	  0.345
18 	 1 	  1.219 	 -0.000 	  0.338
18 	 2 	  1.144 	 -0.000 	  0.317
18 	 3 	  1.022 	 -0.000 	  0.284
18 	 4 	  0.858 	 -0.000 	  0.238
18 	 5 	  0.658 	 -0.000 	  0.183
18 	 6 	  0.432 	 -0.000 	  0.120
18 	 7 	  0.188 	 -0.000 	  0.052
18 	 8 	 -0.063 	 -0.000 	 -0.017
18 	 9 	 -0.312 	 -0.000 	 -0.087
18 	 10 	 -0.548 	 -0.000 	 -0.152
18 	 11 	 -0.762 	 -0.000 	 -0.211
18 	 12 	 -0.944 	 -0.000 	 -0.262
18 	 13 	 -1.088 	 -0.000 	 -0.302
18 	 14 	 -1.188 	 -0.000 	 -0.330
18 	 15 	 -1.238 	 -0.000 	 -0.344
18 	 16 	 -1.238 	  0.000 	 -0.344
18 	 17 	 -1.188 	  0.000 	 -0.330
18 	 18 	 -1.088 	  0.000 	 -0.302
18 	 19 	 -0.944 	  0.000 	 -0.262
18 	 20 	 -0.762 	  0.000 	 -0.211
18 	 21 	 -0.548 	  0.000 	 -0.152
18 	 22 	 -0.312 	  0.000 	 -0.087
18 	 23 	 -0.063 	  0.000 	 -0.017
18 	 24 	  0.188 	  0.000 	  0.052
18 	 25 	  0.432 	  0.000 	  0.120
18 	 26 	  0.658 	  0.000 	  0.183
18 	 27 	  0.858 	  0.000 	  0.238
18 	 28 	  1.022 	  0.000 	  0.284
18 	 29 	  1.144 	  0.000 	  0.317
18 	 30 	  1.219 	  0.000 	  0.338

19 	 0 	  1.080 	 -0.000 	  0.464
19 	 1 	  1.058 	 -0.000 	  0.454
19 	 2 	  0.993 	 -0.000 	  0.426
19 	 3 	  0.887 	 -0.000 	  0.381
19 	 4 	  0.744 	 -0.000 	  0.319
19 	 5 	  0.571 	 -0.000 	  0.245
19 	 6 	  0.375 	 -0.000 	  0.161
19 	 7 	  0.164 	 -0.000 	  0.070
19 	 8 	 -0.055 	 -0.000 	 -0.023
19 	 9 	 -0.271 	 -0.000 	 -0.116
19 	 10 	 -0.476 	 -0.000 	 -0.204
19 	 11 	 -0.661 	 -0.000 	 -0.284
19 	 12 	 -0.820 	 -0.000 	 -0.352
19 	 13 	 -0.944 	 -0.000 	 -0.405
19 	 14 	 -1.031 	 -0.000 	 -0.442
19 	 15 	 -1.075 	 -0.000 	 -0.461
19 	 16 	 -1.075 	  0.000 	 -0.461
19 	 17 	 -1.031 	  0.000 	 -0.442
19 	 18 	 -0.944 	  0.000 	 -0.405
19 	 19 	 -0.820 	  0.000 	 -0.352
19 	 20 	 -0.661 	  0.000 	 -0.284
19 	 21 	 -0.476 	  0.000 	 -0.204
19 	 22 	 -0.271 	  0.000 	 -0.116
19 	 23 	 -0.055 	  0.000 	 -0.023
19 	 24 	  0.164 	  0.000 	  0.070
19 	 25 	  0.375 	  0.000 	  0.161
19 	 26 	  0.571 	  0.000 	  0.245
19 	 27 	  0.744 	  0.000 	  0.319
19 	 28 	  0.887 	  0.000 	  0.381
19 	 29 	  0.993 	  0.000 	  0.426
19 	 30 	  1.058 	  0.000 	  0.454

20 	 0 	  0.871 	 -0.000 	  0.563
20 	 1 	  0.854 	 -0.000 	  0.551
20 	 2 	  0.801 	 -0.000 	  0.517
20 	 3 	  0.715 	 -0.000 	  0.462
20 	 4 	  0.600 	 -0.000 	  0.388
20 	 5 	  0.461 	 -0.000 	  0.298
20 	 6 	  0.303 	 -0.000 	  0.195
20 	 7 	  0.132 	 -0.000 	  0.085
20 	 8 	 -0.044 	 -0.000 	 -0.029
20 	 9 	 -0.218 	 -0.000 	 -0.141
20 	 10 	 -0.384 	 -0.000 	 -0.248
20 	 11 	 -0.533 	 -0.000 	 -0.345
20 	 12 	 -0.661 	 -0.000 	 -0.427
20 	 13 	 -0.762 	 -0.000 	 -0.492
20 	 14 	 -0.831 	 -0.000 	 -0.537
20 	 15 	 -0.867 	 -0.000 	 -0.560
20 	 16 	 -0.867 	  0.000 	 -0.560
20 	 17 	 -0.831 	  0.000 	 -0.537
20 	 18 	 -0.762 	  0.000 	 -0.492
20 	 19 	 -0.661 	  0.000 	 -0.427
20 	 20 	 -0.533 	  0.000 	 -0.345
20 	 21 	 -0.384 	  0.000 	 -0.248
20 	 22 	 -0.218 	  0.000 	 -0.141
20 	 23 	 -0.044 	  0.000 	 -0.029
20 	 24 	  0.132 	  0.000 	  0.085
20 	 25 	  0.303 	  0.000 	  0.195
20 	 26 	  0.461 	  0.000 	  0.298
20 	 27 	  0.600 	  0.000 	  0.388
20 	 28 	  0.715 	  0.000 	  0.462
20 	 29 	  0.801 	  0.000 	  0.517
20 	 30 	  0.854 	  0.000 	  0.551

21 	 0 	  0.627 	 -0.000 	  0.639
21 	 1 	  0.614 	 -0.000 	  0.626
21 	 2 	  0.576 	 -0.000 	  0.587
21 	 3 	  0.515 	 -0.000 	  0.524
21 	 4 	  0.432 	 -0.000 	  0.440
21 	 5 	  0.332 	 -0.000 	  0.338
21 	 6 	  0.218 	 -0.000 	  0.222
21 	 7 	  0.095 	 -0.000 	  0.097
21 	 8 	 -0.032 	 -0.000 	 -0.032
21 	 9 	 -0.157 	 -0.000 	 -0.160
21 	 10 	 -0.276 	 -0.000 	 -0.281
21 	 11 	 -0.384 	 -0.000 	 -0.391
21 	 12 	 -0.476 	 -0.000 	 -0.485
21 	 13 	 -0.548 	 -0.000 	 -0.559
21 	 14 	 -0.598 	 -0.000 	 -0.610
21 	 15 	 -0.624 	 -0.000 	 -0.636
21 	 16 	 -0.624 	  0.000 	 -0.636
21 	 17 	 -0.598 	  0.000 	 -0.610
21 	 18 	 -0.548 	  0.000 	 -0.559
21 	 19 	 -0.476 	  0.000 	 -0.485
21 	 20 	 -0.384 	  0.000 	 -0.391
21 	 21 	 -0.276 	  0.000 	 -0.281
21 	 22 	 -0.157 	  0.000 	 -0.160
21 	 23 	 -0.032 	  0.000 	 -0.032
21 	 24 	  0.095 	  0.000 	  0.097
21 	 25 	  0.218 	  0.000 	  0.222
21 	 26 	  0.332 	  0.000 	  0.338
21 	 27 	  0.432 	  0.000 	  0.440
21 	 28 	  0.515 	  0.000 	  0.524
21 	 29 	  0.576 	  0.000 	  0.587
21 	 30 	  0.614 	  0.000 	  0.626

22 	 0 	  0.357 	 -0.000 	  0.689
22 	 1 	  0.350 	 -0.000 	  0.675
22 	 2 	  0.328 	 -0.000 	  0.633
22 	 3 	  0.293 	 -0.000 	  0.566
22 	 4 	  0.246 	 -0.000 	  0.475
22 	 5 	  0.189 	 -0.000 	  0.364
22 	 6 	  0.124 	 -0.000 	  0.239
22 	 7 	  0.054 	 -0.000 	  0.104
22 	 8 	 -0.018 	 -0.000 	 -0.035
22 	 9 	 -0.089 	 -0.000 	 -0.173
22 	 10 	 -0.157 	 -0.000 	 -0.303
22 	 11 	 -0.218 	 -0.000 	 -0.422
22 	 12 	 -0.271 	 -0.000 	 -0.523
22 	 13 	 -0.312 	 -0.000 	 -0.602
22 	 14 	 -0.340 	 -0.000 	 -0.657
22 	 15 	 -0.355 	 -0.000 	 -0.686
22 	 16 	 -0.355 	  0.000 	 -0.686
22 	 17 	 -0.340 	  0.000 	 -0.657
22 	 18 	 -0.312 	  0.000 	 -0.602
22 	 19 	 -0.271 	  0.000 	 -0.523
22 	 20 	 -0.218 	  0.000 	 -0.422
22 	 21 	 -0.157 	  0.000 	 -0.303
22 	 22 	 -0.089 	  0.000 	 -0.173
22 	 23 	 -0.018 	  0.000 	 -0.035
22 	 24 	  0.054 	  0.000 	  0.104
22 	 25 	  0.124 	  0.000 	  0.239
22 	 26 	  0.189 	  0.000 	  0.364
22 	 27 	  0.246 	  0.000 	  0.475
22 	 28 	  0.293 	  0.000 	  0.566
22 	 29 	  0.328 	  0.000 	  0.633
22 	 30 	  0.350 	  0.000 	  0.675

23 	 0 	  0.072 	 -0.000 	  0.711
23 	 1 	  0.071 	 -0.000 	  0.696
23 	 2 	  0.066 	 -0.000 	  0.653
23 	 3 	  0.059 	 -0.000 	  0.583
23 	 4 	  0.050 	 -0.000 	  0.490
23 	 5 	  0.038 	 -0.000 	  0.376
23 	 6 	  0.025 	 -0.000 	  0.247
23 	 7 	  0.011 	 -0.000 	  0.108
23 	 8 	 -0.004 	 -0.000 	 -0.036
23 	 9 	 -0.018 	 -0.000 	 -0.178
23 	 10 	 -0.032 	 -0.000 	 -0.313
23 	 11 	 -0.044 	 -0.000 	 -0.435
23 	 12 	 -0.055 	 -0.000 	 -0.539
23 	 13 	 -0.063 	 -0.000 	 -0.622
23 	 14 	 -0.069 	 -0.000 	 -0.678
23 	 15 	 -0.072 	 -0.000 	 -0.707
23 	 16 	 -0.072 	  0.000 	 -0.707
23 	 17 	 -0.069 	  0.000 	 -0.678
23 	 18 	 -0.063 	  0.000 	 -0.622
23 	 19 	 -0.055 	  0.000 	 -0.539
23 	 20 	 -0.044 	  0.000 	 -0.435
23 	 21 	 -0.032 	  0.000 	 -0.313
23 	 22 	 -0.018 	  0.000 	 -0.178
23 	 23 	 -0.004 	  0.000 	 -0.036
23 	 24 	  0.011 	  0.000 	  0.108
23 	 25 	  0.025 	  0.000 	  0.247
23 	 26 	  0.038 	  0.000 	  0.376
23 	 27 	  0.050 	  0.000 	  0.490
23 	 28 	  0.059 	  0.000 	  0.583
23 	 29 	  0.066 	  0.000 	  0.653
23 	 30 	  0.071 	  0.000 	  0.696

24 	 0 	 -0.216 	  0.000 	  0.704
24 	 1 	 -0.211 	  0.000 	  0.689
24 	 2 	 -0.198 	  0.000 	  0.647
24 	 3 	 -0.177 	  0.000 	  0.577
24 	 4 	 -0.149 	  0.000 	  0.485
24 	 5 	 -0.114 	  0.000 	  0.372
24 	 6 	 -0.075 	  0.000 	  0.244
24 	 7 	 -0.033 	  0.000 	  0.107
24 	 8 	  0.011 	  0.000 	 -0.036
24 	 9 	  0.054 	  0.000 	 -0.176
24 	 10 	  0.095 	  0.000 	 -0.310
24 	 11 	  0.132 	  0.000 	 -0.431
24 	 12 	  0.164 	  0.000 	 -0.534
24 	 13 	  0.188 	  0.000 	 -0.615
24 	 14 	  0.206 	  0.000 	 -0.671
24 	 15 	  0.214 	  0.000 	 -0.700
24 	 16 	  0.214 	 -0.000 	 -0.700
24 	 17 	  0.206 	 -0.000 	 -0.671
24 	 18 	  0.188 	 -0.000 	 -0.615
24 	 19 	  0.164 	 -0.000 	 -0.534
24 	 20 	  0.132 	 -0.000 	 -0.431
24 	 21 	  0.095 	 -0.000 	 -0.310
24 	 22 	  0.054 	 -0.000 	 -0.176
24 	 23 	  0.011 	 -0.000 	 -0.036
24 	 24 	 -0.033 	 -0.000 	  0.107
24 	 25 	 -0.075 	 -0.000 	  0.244
24 	 26 	 -0.114 	 -0.000 	  0.372
24 	 27 	 -0.149 	 -0.000 	  0.485
24 	 28 	 -0.177 	 -0.000 	  0.577
24 	 29 	 -0.198 	 -0.000 	  0.647
24 	 30 	 -0.211 	 -0.000 	  0.689

25 	 0 	 -0.494 	  0.000 	  0.667
25 	 1 	 -0.484 	  0.000 	  0.654
25 	 2 	 -0.454 	  0.000 	  0.613
25 	 3 	 -0.406 	  0.000 	  0.548
25 	 4 	 -0.341 	  0.000 	  0.460
25 	 5 	 -0.262 	  0.000 	  0.353
25 	 6 	 -0.172 	  0.000 	  0.232
25 	 7 	 -0.075 	  0.000 	  0.101
25 	 8 	  0.025 	  0.000 	 -0.034
25 	 9 	  0.124 	  0.000 	 -0.167
25 	 10 	  0.218 	  0.000 	 -0.294
25 	 11 	  0.303 	  0.000 	 -0.409
25 	 12 	  0.375 	  0.000 	 -0.506
25 	 13 	  0.432 	  0.000 	 -0.584
25 	 14 	  0.472 	  0.000 	 -0.637
25 	 15 	  0.492 	  0.000 	 -0.664
25 	 16 	  0.492 	 -0.000 	 -0.664
25 	 17 	  0.472 	 -0.000 	 -0.637
25 	 18 	  0.432 	 -0.000 	 -0.584
25 	 19 	  0.375 	 -0.000 	 -0.506
25 	 20 	  0.303 	 -0.000 	 -0.409
25 	 21 	  0.218 	 -0.000 	 -0.294
25 	 22 	  0.124 	 -0.000 	 -0.167
25 	 23 	  0.025 	 -0.000 	 -0.034
25 	 24 	 -0.075 	 -0.000 	  0.101
25 	 25 	 -0.172 	 -0.000 	  0.232
25 	 26 	 -0.262 	 -0.000 	  0.353
25 	 27 	 -0.341 	 -0.000 	  0.460
25 	 28 	 -0.406 	 -0.000 	  0.548
25 	 29 	 -0.454 	 -0.000 	  0.613
25 	 30 	 -0.484 	 -0.000 	  0.654

26 	 0 	 -0.753 	  0.000 	  0.604
26 	 1 	 -0.738 	  0.000 	  0.592
26 	 2 	 -0.692 	  0.000 	  0.555
26 	 3 	 -0.618 	  0.000 	  0.496
26 	 4 	 -0.519 	  0.000 	  0.416
26 	 5 	 -0.398 	  0.000 	  0.320
26 	 6 	 -0.262 	  0.000 	  0.210
26 	 7 	 -0.114 	  0.000 	  0.091
26 	 8 	  0.038 	  0.000 	 -0.031
26 	 9 	  0.189 	  0.000 	 -0.151
26 	 10 	  0.332 	  0.000 	 -0.266
26 	 11 	  0.461 	  0.000 	 -0.370
26 	 12 	  0.571 	  0.000 	 -0.458
26 	 13 	  0.658 	  0.000 	 -0.528
26 	 14 	  0.718 	  0.000 	 -0.576
26 	 15 	  0.749 	  0.000 	 -0.601
26 	 16 	  0.749 	 -0.000 	 -0.601
26 	 17 	  0.718 	 -0.000 	 -0.576
26 	 18 	  0.658 	 -0.000 	 -0.528
26 	 19 	  0.571 	 -0.000 	 -0.458
26 	 20 	  0.461 	 -0.000 	 -0.370
26 	 21 	  0.332 	 -0.000 	 -0.266
26 	 22 	  0.189 	 -0.000 	 -0.151
26 	 23 	  0.038 	 -0.000 	 -0.031
26 	 24 	 -0.114 	 -0.000 	  0.091
26 	 25 	 -0.262 	 -0.000 	  0.210
26 	 26 	 -0.398 	 -0.000 	  0.320
26 	 27 	 -0.519 	 -0.000 	  0.416
26 	 28 	 -0.618 	 -0.000 	  0.496
26 	 29 	 -0.692 	 -0.000 	  0.555
26 	 30 	 -0.738 	 -0.000 	  0.592

27 	 0 	 -0.981 	  0.000 	  0.516
27 	 1 	 -0.961 	  0.000 	  0.505
27 	 2 	 -0.901 	  0.000 	  0.474
27 	 3 	 -0.805 	  0.000 	  0.423
27 	 4 	 -0.676 	  0.000 	  0.355
27 	 5 	 -0.519 	  0.000 	  0.273
27 	 6 	 -0.341 	  0.000 	  0.179
27 	 7 	 -0.149 	  0.000 	  0.078
27 	 8 	  0.050 	  0.000 	 -0.026
27 	 9 	  0.246 	  0.000 	 -0.129
27 	 10 	  0.432 	  0.000 	 -0.227
27 	 11 	  0.600 	  0.000 	 -0.316
27 	 12 	  0.744 	  0.000 	 -0.391
27 	 13 	  0.858 	  0.000 	 -0.451
27 	 14 	  0.936 	  0.000 	 -0.492
27 	 15 	  0.976 	  0.000 	 -0.513
27 	 16 	  0.976 	 -0.000 	 -0.513
27 	 17 	  0.936 	 -0.000 	 -0.492
27 	 18 	  0.858 	 -0.000 	 -0.451
27 	 19 	  0.744 	 -0.000 	 -0.391
27 	 20 	  0.600 	 -0.000 	 -0.316
27 	 21 	  0.432 	 -0.000 	 -0.227
27 	 22 	  0.246 	 -0.000 	 -0.129
27 	 23 	  0.050 	 -0.000 	 -0.026
27 	 24 	 -0.149 	 -0.000 	  0.078
27 	 25 	 -0.341 	 -0.000 	  0.179
27 	 26 	 -0.519 	 -0.000 	  0.273
27 	 27 	 -0.676 	 -0.000 	  0.355
27 	 28 	 -0.805 	 -0.000 	  0.423
27 	 29 	 -0.901 	 -0.000 	  0.474
27 	 30 	 -0.961 	 -0.000 	  0.505

28 	 0 	 -1.168 	  0.000 	  0.407
28 	 1 	 -1.144 	  0.000 	  0.398
28 	 2 	 -1.074 	  0.000 	  0.374
28 	 3 	 -0.959 	  0.000 	  0.334
28 	 4 	 -0.805 	  0.000 	  0.280
28 	 5 	 -0.618 	  0.000 	  0.215
28 	 6 	 -0.406 	  0.000 	  0.141
28 	 7 	 -0.177 	  0.000 	  0.062
28 	 8 	  0.059 	  0.000 	 -0.021
28 	 9 	  0.293 	  0.000 	 -0.102
28 	 10 	  0.515 	  0.000 	 -0.179
28 	 11 	  0.715 	  0.000 	 -0.249
28 	 12 	  0.887 	  0.000 	 -0.309
28 	 13 	  1.022 	  0.000 	 -0.356
28 	 14 	  1.115 	  0.000 	 -0.388
28 	 15 	  1.162 	  0.000 	 -0.405
28 	 16 	  1.162 	 -0.000 	 -0.405
28 	 17 	  1.115 	 -0.000 	 -0.388
28 	 18 	  1.022 	 -0.000 	 -0.356
28 	 19 	  0.887 	 -0.000 	 -0.309
28 	 20 	  0.715 	 -0.000 	 -0.249
28 	 21 	  0.515 	 -0.000 	 -0.179
28 	 22 	  0.293 	 -0.000 	 -0.102
28 	 23 	  0.059 	 -0.000 	 -0.021
28 	 24 	 -0.177 	 -0.000 	  0.062
28 	 25 	 -0.406 	 -0.000 	  0.141
28 	 26 	 -0.618 	 -0.000 	  0.215
28 	 27 	 -0.805 	 -0.000 	  0.280
28 	 28 	 -0.959 	 -0.000 	  0.334
28 	 29 	 -1.074 	 -0.000 	  0.374
28 	 30 	 -1.144 	 -0.000 	  0.398

29 	 0 	 -1.308 	  0.000 	  0.281
29 	 1 	 -1.281 	  0.000 	  0.275
29 	 2 	 -1.202 	  0.000 	  0.258
29 	 3 	 -1.074 	  0.000 	  0.230
29 	 4 	 -0.901 	  0.000 	  0.193
29 	 5 	 -0.692 	  0.000 	  0.148
29 	 6 	 -0.454 	  0.000 	  0.097
29 	 7 	 -0.198 	  0.000 	  0.043
29 	 8 	  0.066 	  0.000 	 -0.014
29 	 9 	  0.328 	  0.000 	 -0.070
29 	 10 	  0.576 	  0.000 	 -0.124
29 	 11 	  0.801 	  0.000 	 -0.172
29 	 12 	  0.993 	  0.000 	 -0.213
29 	 13 	  1.144 	  0.000 	 -0.245
29 	 14 	  1.248 	  0.000 	 -0.268
29 	 15 	  1.301 	  0.000 	 -0.279
29 	 16 	  1.301 	 -0.000 	 -0.279
29 	 17 	  1.248 	 -0.000 	 -0.268
29 	 18 	  1.144 	 -0.000 	 -0.245
29 	 19 	  0.993 	 -0.000 	 -0.213
29 	 20 	  0.801 	 -0.000 	 -0.172
29 	 21 	  0.576 	 -0.000 	 -0.124
29 	 22 	  0.328 	 -0.000 	 -0.070
29 	 23 	  0.066 	 -0.000 	 -0.014
29 	 24 	 -0.198 	 -0.000 	  0.043
29 	 25 	 -0.454 	 -0.000 	  0.097
29 	 26 	 -0.692 	 -0.000 	  0.148
29 	 27 	 -0.901 	 -0.000 	  0.193
29 	 28 	 -1.074 	 -0.000 	  0.230
29 	 29 	 -1.202 	 -0.000 	  0.258
29 	 30 	 -1.281 	 -0.000 	  0.275

30 	 0 	 -1.394 	  0.000 	  0.143
30 	 1 	 -1.366 	  0.000 	  0.140
30 	 2 	 -1.281 	  0.000 	  0.132
30 	 3 	 -1.144 	  0.000 	  0.118
30 	 4 	 -0.961 	  0.000 	  0.099
30 	 5 	 -0.738 	  0.000 	  0.076
30 	 6 	 -0.484 	  0.000 	  0.050
30 	 7 	 -0.211 	  0.000 	  0.022
30 	 8 	  0.071 	  0.000 	 -0.007
30 	 9 	  0.350 	  0.000 	 -0.036
30 	 10 	  0.614 	  0.000 	 -0.063
30 	 11 	  0.854 	  0.000 	 -0.088
30 	 12 	  1.058 	  0.000 	 -0.109
30 	 13 	  1.219 	  0.000 	 -0.125
30 	 14 	  1.330 	  0.000 	 -0.137
30 	 15 	  1.387 	  0.000 	 -0.143
30 	 16 	  1.387 	 -0.000 	 -0.143
30 	 17 	  1.330 	 -0.000 	 -0.137
30 	 18 	  1.219 	 -0.000 	 -0.125
30 	 19 	  1.058 	 -0.000 	 -0.109
30 	 20 	  0.854 	 -0.000 	 -0.088
30 	 21 	  0.614 	 -0.000 	 -0.063
30 	 22 	  0.350 	 -0.000 	 -0.036
30 	 23 	  0.071 	 -0.000 	 -0.007
30 	 24 	 -0.211 	 -0.000 	  0.022
30 	 25 	 -0.484 	 -0.000 	  0.050
30 	 26 	 -0.738 	 -0.000 	  0.076
30 	 27 	 -0.961 	 -0.000 	  0.099
30 	 28 	 -1.144 	 -0.000 	  0.118
30 	 29 	 -1.281 	 -0.000 	  0.132
30 	 30 	 -1.366 	 -0.000 	  0.140

