0 	 0 	 -0.305 	  0.000 	 -0.000
0 	 1 	 -0.299 	  0.000 	 -0.000
0 	 2 	 -0.280 	  0.000 	 -0.000
0 	 3 	 -0.250 	  0.000 	 -0.000
0 	 4 	 -0.210 	  0.000 	 -0.000
0 	 5 	 -0.161 	  0.000 	 -0.000
0 	 6 	 -0.106 	  0.000 	 -0.000
0 	 7 	 -0.046 	  0.000 	 -0.000
0 	 8 	  0.015 	  0.000 	  0.000
0 	 9 	  0.076 	  0.000 	  0.000
0 	 10 	  0.134 	  0.000 	  0.000
0 	 11 	  0.187 	  0.000 	  0.000
0 	 12 	  0.232 	  0.000 	  0.000
0 	 13 	  0.267 	  0.000 	  0.000
0 	 14 	  0.291 	  0.000 	  0.000
0 	 15 	  0.304 	  0.000 	  0.000
0 	 16 	  0.304 	 -0.000 	  0.000
0 	 17 	  0.291 	 -0.000 	  0.000
0 	 18 	  0.267 	 -0.000 	  0.000
0 	 19 	  0.232 	 -0.000 	  0.000
0 	 20 	  0.187 	 -0.000 	  0.000
0 	 21 	  0.134 	 -0.000 	  0.000
0 	 22 	  0.076 	 -0.000 	  0.000
0 	 23 	  0.015 	 -0.000 	  0.000
0 	 24 	 -0.046 	 -0.000 	 -0.000
0 	 25 	 -0.106 	 -0.000 	 -0.000
0 	 26 	 -0.161 	 -0.000 	 -0.000
0 	 27 	 -0.210 	 -0.000 	 -0.000
0 	 28 	 -0.250 	 -0.000 	 -0.000
0 	 29 	 -0.280 	 -0.000 	 -0.000
0 	 30 	 -0.299 	 -0.000 	 -0.000

1 	 0 	 -0.299 	  0.000 	 -0.031
1 	 1 	 -0.293 	  0.000 	 -0.030
1 	 2 	 -0.275 	  0.000 	 -0.028
1 	 3 	 -0.245 	  0.000 	 -0.025
1 	 4 	 -0.206 	  0.000 	 -0.021
1 	 5 	 -0.158 	  0.000 	 -0.016
1 	 6 	 -0.104 	  0.000 	 -0.011
1 	 7 	 -0.045 	  0.000 	 -0.005
1 	 8 	  0.015 	  0.000 	  0.002
1 	 9 	  0.075 	  0.000 	  0.008
1 	 10 	  0.132 	  0.000 	  0.014
1 	 11 	  0.183 	  0.000 	  0.019
1 	 12 	  0.227 	  0.000 	  0.023
1 	 13 	  0.261 	  0.000 	  0.027
1 	 14 	  0.285 	  0.000 	  0.029
1 	 15 	  0.297 	  0.000 	  0.031
1 	 16 	  0.297 	 -0.000 	  0.031
1 	 17 	  0.285 	 -0.000 	  0.029
1 	 18 	  0.261 	 -0.000 	  0.027
1 	 19 	  0.227 	 -0.000 	  0.023
1 	 20 	  0.183 	 -0.000 	  0.019
1 	 21 	  0.132 	 -0.000 	  0.014
1 	 22 	  0.075 	 -0.000 	  0.008
1 	 23 	  0.015 	 -0.000 	  0.002
1 	 24 	 -0.045 	 -0.000 	 -0.005
1 	 25 	 -0.104 	 -0.000 	 -0.011
1 	 26 	 -0.158 	 -0.000 	 -0.016
1 	 27 	 -0.206 	 -0.000 	 -0.021
1 	 28 	 -0.245 	 -0.000 	 -0.025
1 	 29 	 -0.275 	 -0.000 	 -0.028
1 	 30 	 -0.293 	 -0.000 	 -0.030

2 	 0 	 -0.280 	  0.000 	 -0.060
2 	 1 	 -0.275 	  0.000 	 -0.059
2 	 2 	 -0.258 	  0.000 	 -0.055
2 	 3 	 -0.230 	  0.000 	 -0.049
2 	 4 	 -0.193 	  0.000 	 -0.041
2 	 5 	 -0.148 	  0.000 	 -0.032
2 	 6 	 -0.097 	  0.000 	 -0.021
2 	 7 	 -0.042 	  0.000 	 -0.009
2 	 8 	  0.014 	  0.000 	  0.003
2 	 9 	  0.070 	  0.000 	  0.015
2 	 10 	  0.124 	  0.000 	  0.027
2 	 11 	  0.172 	  0.000 	  0.037
2 	 12 	  0.213 	  0.000 	  0.046
2 	 13 	  0.245 	  0.000 	  0.053
2 	 14 	  0.268 	  0.000 	  0.057
2 	 15 	  0.279 	  0.000 	  0.060
2 	 16 	  0.279 	 -0.000 	  0.060
2 	 17 	  0.268 	 -0.000 	  0.057
2 	 18 	  0.245 	 -0.000 	  0.053
2 	 19 	  0.213 	 -0.000 	  0.046
2 	 20 	  0.172 	 -0.000 	  0.037
2 	 21 	  0.124 	 -0.000 	  0.027
2 	 22 	  0.070 	 -0.000 	  0.015
2 	 23 	  0.014 	 -0.000 	  0.003
2 	 24 	 -0.042 	 -0.000 	 -0.009
2 	 25 	 -0.097 	 -0.000 	 -0.021
2 	 26 	 -0.148 	 -0.000 	 -0.032
2 	 27 	 -0.193 	 -0.000 	 -0.041
2 	 28 	 -0.230 	 -0.000 	 -0.049
2 	 29 	 -0.258 	 -0.000 	 -0.055
2 	 30 	 -0.275 	 -0.000 	 -0.059

3 	 0 	 -0.250 	  0.000 	 -0.087
3 	 1 	 -0.245 	  0.000 	 -0.085
3 	 2 	 -0.230 	  0.000 	 -0.080
3 	 3 	 -0.206 	  0.000 	 -0.072
3 	 4 	 -0.173 	  0.000 	 -0.060
3 	 5 	 -0.132 	  0.000 	 -0.046
3 	 6 	 -0.087 	  0.000 	 -0.030
3 	 7 	 -0.038 	  0.000 	 -0.013
3 	 8 	  0.013 	  0.000 	  0.004
3 	 9 	  0.063 	  0.000 	  0.022
3 	 10 	  0.110 	  0.000 	  0.038
3 	 11 	  0.153 	  0.000 	  0.053
3 	 12 	  0.190 	  0.000 	  0.066
3 	 13 	  0.219 	  0.000 	  0.076
3 	 14 	  0.239 	  0.000 	  0.083
3 	 15 	  0.249 	  0.000 	  0.087
3 	 16 	  0.249 	 -0.000 	  0.087
3 	 17 	  0.239 	 -0.000 	  0.083
3 	 18 	  0.219 	 -0.000 	  0.076
3 	 19 	  0.190 	 -0.000 	  0.066
3 	 20 	  0.153 	 -0.000 	  0.053
3 	 21 	  0.110 	 -0.000 	  0.038
3 	 22 	  0.063 	 -0.000 	  0.022
3 	 23 	  0.013 	 -0.000 	  0.004
3 	 24 	 -0.038 	 -0.000 	 -0.013
3 	 25 	 -0.087 	 -0.000 	 -0.030
3 	 26 	 -0.132 	 -0.000 	 -0.046
3 	 27 	 -0.173 	 -0.000 	 -0.060
3 	 28 	 -0.206 	 -0.000 	 -0.072
3 	 29 	 -0.230 	 -0.000 	 -0.080
3 	 30 	 -0.245 	 -0.000 	 -0.085

4 	 0 	 -0.210 	  0.000 	 -0.111
4 	 1 	 -0.206 	  0.000 	 -0.108
4 	 2 	 -0.193 	  0.000 	 -0.102
4 	 3 	 -0.173 	  0.000 	 -0.091
4 	 4 	 -0.145 	  0.000 	 -0.076
4 	 5 	 -0.111 	  0.000 	 -0.059
4 	 6 	 -0.073 	  0.000 	 -0.038
4 	 7 	 -0.032 	  0.000 	 -0.017
4 	 8 	  0.011 	  0.000 	  0.006
4 	 9 	  0.053 	  0.000 	  0.028
4 	 10 	  0.093 	  0.000 	  0.049
4 	 11 	  0.129 	  0.000 	  0.068
4 	 12 	  0.160 	  0.000 	  0.084
4 	 13 	  0.184 	  0.000 	  0.097
4 	 14 	  0.201 	  0.000 	  0.106
4 	 15 	  0.209 	  0.000 	  0.110
4 	 16 	  0.209 	 -0.000 	  0.110
4 	 17 	  0.201 	 -0.000 	  0.106
4 	 18 	  0.184 	 -0.000 	  0.097
4 	 19 	  0.160 	 -0.000 	  0.084
4 	 20 	  0.129 	 -0.000 	  0.068
4 	 21 	  0.093 	 -0.000 	  0.049
4 	 22 	  0.053 	 -0.000 	  0.028
4 	 23 	  0.011 	 -0.000 	  0.006
4 	 24 	 -0.032 	 -0.000 	 -0.017
4 	 25 	 -0.073 	 -0.000 	 -0.038
4 	 26 	 -0.111 	 -0.000 	 -0.059
4 	 27 	 -0.145 	 -0.000 	 -0.076
4 	 28 	 -0.173 	 -0.000 	 -0.091
4 	 29 	 -0.193 	 -0.000 	 -0.102
4 	 30 	 -0.206 	 -0.000 	 -0.108

5 	 0 	 -0.161 	  0.000 	 -0.129
5 	 1 	 -0.158 	  0.000 	 -0.127
5 	 2 	 -0.148 	  0.000 	 -0.119
5 	 3 	 -0.132 	  0.000 	 -0.106
5 	 4 	 -0.111 	  0.000 	 -0.089
5 	 5 	 -0.085 	  0.000 	 -0.068
5 	 6 	 -0.056 	  0.000 	 -0.045
5 	 7 	 -0.024 	  0.000 	 -0.020
5 	 8 	  0.008 	  0.000 	  0.007
5 	 9 	  0.040 	  0.000 	  0.032
5 	 10 	  0.071 	  0.000 	  0.057
5 	 11 	  0.099 	  0.000 	  0.079
5 	 12 	  0.122 	  0.000 	  0.098
5 	 13 	  0.141 	  0.000 	  0.113
5 	 14 	  0.154 	  0.000 	  0.124
5 	 15 	  0.161 	  0.000 	  0.129
5 	 16 	  0.161 	 -0.000 	  0.129
5 	 17 	  0.154 	 -0.000 	  0.124
5 	 18 	  0.141 	 -0.000 	  0.113
5 	 19 	  0.122 	 -0.000 	  0.098
5 	 20 	  0.099 	 -0.000 	  0.079
5 	 21 	  0.071 	 -0.000 	  0.057
5 	 22 	  0.040 	 -0.000 	  0.032
5 	 23 	  0.008 	 -0.000 	  0.007
5 	 24 	 -0.024 	 -0.000 	 -0.020
5 	 25 	 -0.056 	 -0.000 	 -0.045
5 	 26 	 -0.085 	 -0.000 	 -0.068
5 	 27 	 -0.111 	 -0.000 	 -0.089
5 	 28 	 -0.132 	 -0.000 	 -0.106
5 	 29 	 -0.148 	 -0.000 	 -0.119
5 	 30 	 -0.158 	 -0.000 	 -0.127

6 	 0 	 -0.106 	  0.000 	 -0.143
6 	 1 	 -0.104 	  0.000 	 -0.140
6 	 2 	 -0.097 	  0.000 	 -0.131
6 	 3 	 -0.087 	  0.000 	 -0.117
6 	 4 	 -0.073 	  0.000 	 -0.099
6 	 5 	 -0.056 	  0.000 	 -0.076
6 	 6 	 -0.037 	  0.000 	 -0.050
6 	 7 	 -0.016 	  0.000 	 -0.022
6 	 8 	  0.005 	  0.000 	  0.007
6 	 9 	  0.027 	  0.000 	  0.036
6 	 10 	  0.047 	  0.000 	  0.063
6 	 11 	  0.065 	  0.000 	  0.088
6 	 12 	  0.080 	  0.000 	  0.109
6 	 13 	  0.093 	  0.000 	  0.125
6 	 14 	  0.101 	  0.000 	  0.137
6 	 15 	  0.105 	  0.000 	  0.142
6 	 16 	  0.105 	 -0.000 	  0.142
6 	 17 	  0.101 	 -0.000 	  0.137
6 	 18 	  0.093 	 -0.000 	  0.125
6 	 19 	  0.080 	 -0.000 	  0.109
6 	 20 	  0.065 	 -0.000 	  0.088
6 	 21 	  0.047 	 -0.000 	  0.063
6 	 22 	  0.027 	 -0.000 	  0.036
6 	 23 	  0.005 	 -0.000 	  0.007
6 	 24 	 -0.016 	 -0.000 	 -0.022
6 	 25 	 -0.037 	 -0.000 	 -0.050
6 	 26 	 -0.056 	 -0.000 	 -0.076
6 	 27 	 -0.073 	 -0.000 	 -0.099
6 	 28 	 -0.087 	 -0.000 	 -0.117
6 	 29 	 -0.097 	 -0.000 	 -0.131
6 	 30 	 -0.104 	 -0.000 	 -0.140

7 	 0 	 -0.046 	  0.000 	 -0.151
7 	 1 	 -0.045 	  0.000 	 -0.148
7 	 2 	 -0.042 	  0.000 	 -0.139
7 	 3 	 -0.038 	  0.000 	 -0.124
7 	 4 	 -0.032 	  0.000 	 -0.104
7 	 5 	 -0.024 	  0.000 	 -0.080
7 	 6 	 -0.016 	  0.000 	 -0.052
7 	 7 	 -0.007 	  0.000 	 -0.023
7 	 8 	  0.002 	  0.000 	  0.008
7 	 9 	  0.012 	  0.000 	  0.038
7 	 10 	  0.020 	  0.000 	  0.066
7 	 11 	  0.028 	  0.000 	  0.092
7 	 12 	  0.035 	  0.000 	  0.114
7 	 13 	  0.040 	  0.000 	  0.132
7 	 14 	  0.044 	  0.000 	  0.144
7 	 15 	  0.046 	  0.000 	  0.150
7 	 16 	  0.046 	 -0.000 	  0.150
7 	 17 	  0.044 	 -0.000 	  0.144
7 	 18 	  0.040 	 -0.000 	  0.132
7 	 19 	  0.035 	 -0.000 	  0.114
7 	 20 	  0.028 	 -0.000 	  0.092
7 	 21 	  0.020 	 -0.000 	  0.066
7 	 22 	  0.012 	 -0.000 	  0.038
7 	 23 	  0.002 	 -0.000 	  0.008
7 	 24 	 -0.007 	 -0.000 	 -0.023
7 	 25 	 -0.016 	 -0.000 	 -0.052
7 	 26 	 -0.024 	 -0.000 	 -0.080
7 	 27 	 -0.032 	 -0.000 	 -0.104
7 	 28 	 -0.038 	 -0.000 	 -0.124
7 	 29 	 -0.042 	 -0.000 	 -0.139
7 	 30 	 -0.045 	 -0.000 	 -0.148

8 	 0 	  0.015 	 -0.000 	 -0.152
8 	 1 	  0.015 	 -0.000 	 -0.149
8 	 2 	  0.014 	 -0.000 	 -0.140
8 	 3 	  0.013 	 -0.000 	 -0.125
8 	 4 	  0.011 	 -0.000 	 -0.105
8 	 5 	  0.008 	 -0.000 	 -0.081
8 	 6 	  0.005 	 -0.000 	 -0.053
8 	 7 	  0.002 	 -0.000 	 -0.023
8 	 8 	 -0.001 	 -0.000 	  0.008
8 	 9 	 -0.004 	 -0.000 	  0.038
8 	 10 	 -0.007 	 -0.000 	  0.067
8 	 11 	 -0.009 	 -0.000 	  0.093
8 	 12 	 -0.012 	 -0.000 	  0.116
8 	 13 	 -0.014 	 -0.000 	  0.133
8 	 14 	 -0.015 	 -0.000 	  0.145
8 	 15 	 -0.015 	 -0.000 	  0.152
8 	 16 	 -0.015 	  0.000 	  0.152
8 	 17 	 -0.015 	  0.000 	  0.145
8 	 18 	 -0.014 	  0.000 	  0.133
8 	 19 	 -0.012 	  0.000 	  0.116
8 	 20 	 -0.009 	  0.000 	  0.093
8 	 21 	 -0.007 	  0.000 	  0.067
8 	 22 	 -0.004 	  0.000 	  0.038
8 	 23 	 -0.001 	  0.000 	  0.008
8 	 24 	  0.002 	  0.000 	 -0.023
8 	 25 	  0.005 	  0.000 	 -0.053
8 	 26 	  0.008 	  0.000 	 -0.081
8 	 27 	  0.011 	  0.000 	 -0.105
8 	 28 	  0.013 	  0.000 	 -0.125
8 	 29 	  0.014 	  0.000 	 -0.140
8 	 30 	  0.015 	  0.000 	 -0.149

9 	 0 	  0.076 	 -0.000 	 -0.148
9 	 1 	  0.075 	 -0.000 	 -0.145
9 	 2 	  0.070 	 -0.000 	 -0.136
9 	 3 	  0.063 	 -0.000 	 -0.121
9 	 4 	  0.053 	 -0.000 	 -0.102
9 	 5 	  0.040 	 -0.000 	 -0.078
9 	 6 	  0.027 	 -0.000 	 -0.051
9 	 7 	  0.012 	 -0.000 	 -0.022
9 	 8 	 -0.004 	 -0.000 	  0.007
9 	 9 	 -0.019 	 -0.000 	  0.037
9 	 10 	 -0.034 	 -0.000 	  0.065
9 	 11 	 -0.047 	 -0.000 	  0.090
9 	 12 	 -0.058 	 -0.000 	  0.112
9 	 13 	 -0.067 	 -0.000 	  0.129
9 	 14 	 -0.073 	 -0.000 	  0.141
9 	 15 	 -0.076 	 -0.000 	  0.147
9 	 16 	 -0.076 	  0.000 	  0.147
9 	 17 	 -0.073 	  0.000 	  0.141
9 	 18 	 -0.067 	  0.000 	  0.129
9 	 19 	 -0.058 	  0.000 	  0.112
9 	 20 	 -0.047 	  0.000 	  0.090
9 	 21 	 -0.034 	  0.000 	  0.065
9 	 22 	 -0.019 	  0.000 	  0.037
9 	 23 	 -0.004 	  0.000 	  0.007
9 	 24 	  0.012 	  0.000 	 -0.022
9 	 25 	  0.027 	  0.000 	 -0.051
9 	 26 	  0.040 	  0.000 	 -0.078
9 	 27 	  0.053 	  0.000 	 -0.102
9 	 28 	  0.063 	  0.000 	 -0.121
9 	 29 	  0.070 	  0.000 	 -0.136
9 	 30 	  0.075 	  0.000 	 -0.145

10 	 0 	  0.134 	 -0.000 	 -0.137
10 	 1 	  0.132 	 -0.000 	 -0.134
10 	 2 	  0.124 	 -0.000 	 -0.126
10 	 3 	  0.110 	 -0.000 	 -0.112
10 	 4 	  0.093 	 -0.000 	 -0.094
10 	 5 	  0.071 	 -0.000 	 -0.072
10 	 6 	  0.047 	 -0.000 	 -0.048
10 	 7 	  0.020 	 -0.000 	 -0.021
10 	 8 	 -0.007 	 -0.000 	  0.007
10 	 9 	 -0.034 	 -0.000 	  0.034
10 	 10 	 -0.059 	 -0.000 	  0.060
10 	 11 	 -0.082 	 -0.000 	  0.084
10 	 12 	 -0.102 	 -0.000 	  0.104
10 	 13 	 -0.118 	 -0.000 	  0.120
10 	 14 	 -0.128 	 -0.000 	  0.131
10 	 15 	 -0.134 	 -0.000 	  0.136
10 	 16 	 -0.134 	  0.000 	  0.136
10 	 17 	 -0.128 	  0.000 	  0.131
10 	 18 	 -0.118 	  0.000 	  0.120
10 	 19 	 -0.102 	  0.000 	  0.104
10 	 20 	 -0.082 	  0.000 	  0.084
10 	 21 	 -0.059 	  0.000 	  0.060
10 	 22 	 -0.034 	  0.000 	  0.034
10 	 23 	 -0.007 	  0.000 	  0.007
10 	 24 	  0.020 	  0.000 	 -0.021
10 	 25 	  0.047 	  0.000 	 -0.048
10 	 26 	  0.071 	  0.000 	 -0.072
10 	 27 	  0.093 	  0.000 	 -0.094
10 	 28 	  0.110 	  0.000 	 -0.112
10 	 29 	  0.124 	  0.000 	 -0.126
10 	 30 	  0.132 	  0.000 	 -0.134

11 	 0 	  0.187 	 -0.000 	 -0.121
11 	 1 	  0.183 	 -0.000 	 -0.118
11 	 2 	  0.172 	 -0.000 	 -0.111
11 	 3 	  0.153 	 -0.000 	 -0.099
11 	 4 	  0.129 	 -0.000 	 -0.083
11 	 5 	  0.099 	 -0.000 	 -0.064
11 	 6 	  0.065 	 -0.000 	 -0.042
11 	 7 	  0.028 	 -0.000 	 -0.018
11 	 8 	 -0.009 	 -0.000 	  0.006
11 	 9 	 -0.047 	 -0.000 	  0.030
11 	 10 	 -0.082 	 -0.000 	  0.053
11 	 11 	 -0.114 	 -0.000 	  0.074
11 	 12 	 -0.142 	 -0.000 	  0.092
11 	 13 	 -0.163 	 -0.000 	  0.106
11 	 14 	 -0.178 	 -0.000 	  0.115
11 	 15 	 -0.186 	 -0.000 	  0.120
11 	 16 	 -0.186 	  0.000 	  0.120
11 	 17 	 -0.178 	  0.000 	  0.115
11 	 18 	 -0.163 	  0.000 	  0.106
11 	 19 	 -0.142 	  0.000 	  0.092
11 	 20 	 -0.114 	  0.000 	  0.074
11 	 21 	 -0.082 	  0.000 	  0.053
11 	 22 	 -0.047 	  0.000 	  0.030
11 	 23 	 -0.009 	  0.000 	  0.006
11 	 24 	  0.028 	  0.000 	 -0.018
11 	 25 	  0.065 	  0.000 	 -0.042
11 	 26 	  0.099 	  0.000 	 -0.064
11 	 27 	  0.129 	  0.000 	 -0.083
11 	 28 	  0.153 	  0.000 	 -0.099
11 	 29 	  0.172 	  0.000 	 -0.111
11 	 30 	  0.183 	  0.000 	 -0.118

12 	 0 	  0.232 	 -0.000 	 -0.099
12 	 1 	  0.227 	 -0.000 	 -0.097
12 	 2 	  0.213 	 -0.000 	 -0.091
12 	 3 	  0.190 	 -0.000 	 -0.082
12 	 4 	  0.160 	 -0.000 	 -0.068
12 	 5 	  0.122 	 -0.000 	 -0.053
12 	 6 	  0.080 	 -0.000 	 -0.035
12 	 7 	  0.035 	 -0.000 	 -0.015
12 	 8 	 -0.012 	 -0.000 	  0.005
12 	 9 	 -0.058 	 -0.000 	  0.025
12 	 10 	 -0.102 	 -0.000 	  0.044
12 	 11 	 -0.142 	 -0.000 	  0.061
12 	 12 	 -0.176 	 -0.000 	  0.075
12 	 13 	 -0.202 	 -0.000 	  0.087
12 	 14 	 -0.221 	 -0.000 	  0.095
12 	 15 	 -0.230 	 -0.000 	  0.099
12 	 16 	 -0.230 	  0.000 	  0.099
12 	 17 	 -0.221 	  0.000 	  0.095
12 	 18 	 -0.202 	  0.000 	  0.087
12 	 19 	 -0.176 	  0.000 	  0.075
12 	 20 	 -0.142 	  0.000 	  0.061
12 	 21 	 -0.102 	  0.000 	  0.044
12 	 22 	 -0.058 	  0.000 	  0.025
12 	 23 	 -0.012 	  0.000 	  0.005
12 	 24 	  0.035 	  0.000 	 -0.015
12 	 25 	  0.080 	  0.000 	 -0.035
12 	 26 	  0.122 	  0.000 	 -0.053
12 	 27 	  0.160 	  0.000 	 -0.068
12 	 28 	  0.190 	  0.000 	 -0.082
12 	 29 	  0.213 	  0.000 	 -0.091
12 	 30 	  0.227 	  0.000 	 -0.097

13 	 0 	  0.267 	 -0.000 	 -0.074
13 	 1 	  0.261 	 -0.000 	 -0.073
13 	 2 	  0.245 	 -0.000 	 -0.068
13 	 3 	  0.219 	 -0.000 	 -0.061
13 	 4 	  0.184 	 -0.000 	 -0.051
13 	 5 	  0.141 	 -0.000 	 -0.039
13 	 6 	  0.093 	 -0.000 	 -0.026
13 	 7 	  0.040 	 -0.000 	 -0.011
13 	 8 	 -0.014 	 -0.000 	  0.004
13 	 9 	 -0.067 	 -0.000 	  0.019
13 	 10 	 -0.118 	 -0.000 	  0.033
13 	 11 	 -0.163 	 -0.000 	  0.045
13 	 12 	 -0.202 	 -0.000 	  0.056
13 	 13 	 -0.233 	 -0.000 	  0.065
13 	 14 	 -0.255 	 -0.000 	  0.071
13 	 15 	 -0.265 	 -0.000 	  0.074
13 	 16 	 -0.265 	  0.000 	  0.074
13 	 17 	 -0.255 	  0.000 	  0.071
13 	 18 	 -0.233 	  0.000 	  0.065
13 	 19 	 -0.202 	  0.000 	  0.056
13 	 20 	 -0.163 	  0.000 	  0.045
13 	 21 	 -0.118 	  0.000 	  0.033
13 	 22 	 -0.067 	  0.000 	  0.019
13 	 23 	 -0.014 	  0.000 	  0.004
13 	 24 	  0.040 	  0.000 	 -0.011
13 	 25 	  0.093 	  0.000 	 -0.026
13 	 26 	  0.141 	  0.000 	 -0.039
13 	 27 	  0.184 	  0.000 	 -0.051
13 	 28 	  0.219 	  0.000 	 -0.061
13 	 29 	  0.245 	  0.000 	 -0.068
13 	 30 	  0.261 	  0.000 	 -0.073

14 	 0 	  0.291 	 -0.000 	 -0.046
14 	 1 	  0.285 	 -0.000 	 -0.045
14 	 2 	  0.268 	 -0.000 	 -0.042
14 	 3 	  0.239 	 -0.000 	 -0.037
14 	 4 	  0.201 	 -0.000 	 -0.031
14 	 5 	  0.154 	 -0.000 	 -0.024
14 	 6 	  0.101 	 -0.000 	 -0.016
14 	 7 	  0.044 	 -0.000 	 -0.007
14 	 8 	 -0.015 	 -0.000 	  0.002
14 	 9 	 -0.073 	 -0.000 	  0.011
14 	 10 	 -0.128 	 -0.000 	  0.020
14 	 11 	 -0.178 	 -0.000 	  0.028
14 	 12 	 -0.221 	 -0.000 	  0.035
14 	 13 	 -0.255 	 -0.000 	  0.040
14 	 14 	 -0.278 	 -0.000 	  0.044
14 	 15 	 -0.290 	 -0.000 	  0.045
14 	 16 	 -0.290 	  0.000 	  0.045
14 	 17 	 -0.278 	  0.000 	  0.044
14 	 18 	 -0.255 	  0.000 	  0.040
14 	 19 	 -0.221 	  0.000 	  0.035
14 	 20 	 -0.178 	  0.000 	  0.028
14 	 21 	 -0.128 	  0.000 	  0.020
14 	 22 	 -0.073 	  0.000 	  0.011
14 	 23 	 -0.015 	  0.000 	  0.002
14 	 24 	  0.044 	  0.000 	 -0.007
14 	 25 	  0.101 	  0.000 	 -0.016
14 	 26 	  0.154 	  0.000 	 -0.024
14 	 27 	  0.201 	  0.000 	 -0.031
14 	 28 	  0.239 	  0.000 	 -0.037
14 	 29 	  0.268 	  0.000 	 -0.042
14 	 30 	  0.285 	  0.000 	 -0.045

15 	 0 	  0.304 	 -0.000 	 -0.015
15 	 1 	  0.297 	 -0.000 	 -0.015
15 	 2 	  0.279 	 -0.000 	 -0.014
15 	 3 	  0.249 	 -0.000 	 -0.013
15 	 4 	  0.209 	 -0.000 	 -0.011
15 	 5 	  0.161 	 -0.000 	 -0.008
15 	 6 	  0.105 	 -0.000 	 -0.005
15 	 7 	  0.046 	 -0.000 	 -0.002
15 	 8 	 -0.015 	 -0.000 	  0.001
15 	 9 	 -0.076 	 -0.000 	  0.004
15 	 10 	 -0.134 	 -0.000 	  0.007
15 	 11 	 -0.186 	 -0.000 	  0.009
15 	 12 	 -0.230 	 -0.000 	  0.012
15 	 13 	 -0.265 	 -0.000 	  0.013
15 	 14 	 -0.290 	 -0.000 	  0.015
15 	 15 	 -0.302 	 -0.000 	  0.015
15 	 16 	 -0.302 	  0.000 	  0.015
15 	 17 	 -0.290 	  0.000 	  0.015
15 	 18 	 -0.265 	  0.000 	  0.013
15 	 19 	 -0.230 	  0.000 	  0.012
15 	 20 	 -0.186 	  0.000 	  0.009
15 	 21 	 -0.134 	  0.000 	  0.007
15 	 22 	 -0.076 	  0.000 	  0.004
15 	 23 	 -0.015 	  0.000 	  0.001
15 	 24 	  0.046 	  0.000 	 -0.002
15 	 25 	  0.105 	  0.000 	 -0.005
15 	 26 	  0.161 	  0.000 	 -0.008
15 	 27 	  0.209 	  0.000 	 -0.011
15 	 28 	  0.249 	  0.000 	 -0.013
15 	 29 	  0.279 	  0.000 	 -0.014
15 	 30 	  0.297 	  0.000 	 -0.015

16 	 0 	  0.304 	 -0.000 	  0.015
16 	 1 	  0.297 	 -0.000 	  0.015
16 	 2 	  0.279 	 -0.000 	  0.014
16 	 3 	  0.249 	 -0.000 	  0.013
16 	 4 	  0.209 	 -0.000 	  0.011
16 	 5 	  0.161 	 -0.000 	  0.008
16 	 6 	  0.105 	 -0.000 	  0.005
16 	 7 	  0.046 	 -0.000 	  0.002
16 	 8 	 -0.015 	 -0.000 	 -0.001
16 	 9 	 -0.076 	 -0.000 	 -0.004
16 	 10 	 -0.134 	 -0.000 	 -0.007
16 	 11 	 -0.186 	 -0.000 	 -0.009
16 	 12 	 -0.230 	 -0.000 	 -0.012
16 	 13 	 -0.265 	 -0.000 	 -0.013
16 	 14 	 -0.290 	 -0.000 	 -0.015
16 	 15 	 -0.302 	 -0.000 	 -0.015
16 	 16 	 -0.302 	  0.000 	 -0.015
16 	 17 	 -0.290 	  0.000 	 -0.015
16 	 18 	 -0.265 	  0.000 	 -0.013
16 	 19 	 -0.230 	  0.000 	 -0.012
16 	 20 	 -0.186 	  0.000 	 -0.009
16 	 21 	 -0.134 	  0.000 	 -0.007
16 	 22 	 -0.076 	  0.000 	 -0.004
16 	 23 	 -0.015 	  0.000 	 -0.001
16 	 24 	  0.046 	  0.000 	  0.002
16 	 25 	  0.105 	  0.000 	  0.005
16 	 26 	  0.161 	  0.000 	  0.008
16 	 27 	  0.209 	  0.000 	  0.011
16 	 28 	  0.249 	  0.000 	  0.013
16 	 29 	  0.279 	  0.000 	  0.014
16 	 30 	  0.297 	  0.000 	  0.015

17 	 0 	  0.291 	 -0.000 	  0.046
17 	 1 	  0.285 	 -0.000 	  0.045
17 	 2 	  0.268 	 -0.000 	  0.042
17 	 3 	  0.239 	 -0.000 	  0.037
17 	 4 	  0.201 	 -0.000 	  0.031
17 	 5 	  0.154 	 -0.000 	  0.024
17 	 6 	  0.101 	 -0.000 	  0.016
17 	 7 	  0.044 	 -0.000 	  0.007
17 	 8 	 -0.015 	 -0.000 	 -0.002
17 	 9 	 -0.073 	 -0.000 	 -0.011
17 	 10 	 -0.128 	 -0.000 	 -0.020
17 	 11 	 -0.178 	 -0.000 	 -0.028
17 	 12 	 -0.221 	 -0.000 	 -0.035
17 	 13 	 -0.255 	 -0.000 	 -0.040
17 	 14 	 -0.278 	 -0.000 	 -0.044
17 	 15 	 -0.290 	 -0.000 	 -0.045
17 	 16 	 -0.290 	  0.000 	 -0.045
17 	 17 	 -0.278 	  0.000 	 -0.044
17 	 18 	 -0.255 	  0.000 	 -0.040
17 	 19 	 -0.221 	  0.000 	 -0.035
17 	 20 	 -0.178 	  0.000 	 -0.028
17 	 21 	 -0.128 	  0.000 	 -0.020
17 	 22 	 -0.073 	  0.000 	 -0.011
17 	 23 	 -0.015 	  0.000 	 -0.002
17 	 24 	  0.044 	  0.000 	  0.007
17 	 25 	  0.101 	  0.000 	  0.016
17 	 26 	  0.154 	  0.000 	  0.024
17 	 27 	  0.201 	  0.000 	  0.031
17 	 28 	  0.239 	  0.000 	  0.037
17 	 29 	  0.268 	  0.000 	  0.042
17 	 30 	  0.285 	  0.000 	  0.045

18 	 0 	  0.267 	 -0.000 	  0.074
18 	 1 	  0.261 	 -0.000 	  0.073
18 	 2 	  0.245 	 -0.000 	  0.068
18 	 3 	  0.219 	 -0.000 	  0.061
18 	 4 	  0.184 	 -0.000 	  0.051
18 	 5 	  0.141 	 -0.000 	  0.039
18 	 6 	  0.093 	 -0.000 	  0.026
18 	 7 	  0.040 	 -0.000 	  0.011
18 	 8 	 -0.014 	 -0.000 	 -0.004
18 	 9 	 -0.067 	 -0.000 	 -0.019
18 	 10 	 -0.118 	 -0.000 	 -0.033
18 	 11 	 -0.163 	 -0.000 	 -0.045
18 	 12 	 -0.202 	 -0.000 	 -0.056
18 	 13 	 -0.233 	 -0.000 	 -0.065
18 	 14 	 -0.255 	 -0.000 	 -0.071
18 	 15 	 -0.265 	 -0.000 	 -0.074
18 	 16 	 -0.265 	  0.000 	 -0.074
18 	 17 	 -0.255 	  0.000 	 -0.071
18 	 18 	 -0.233 	  0.000 	 -0.065
18 	 19 	 -0.202 	  0.000 	 -0.056
18 	 20 	 -0.163 	  0.000 	 -0.045
18 	 21 	 -0.118 	  0.000 	 -0.033
18 	 22 	 -0.067 	  0.000 	 -0.019
18 	 23 	 -0.014 	  0.000 	 -0.004
18 	 24 	  0.040 	  0.000 	  0.011
18 	 25 	  0.093 	  0.000 	  0.026
18 	 26 	  0.141 	  0.000 	  0.039
18 	 27 	  0.184 	  0.000 	  0.051
18 	 28 	  0.219 	  0.000 	  0.061
18 	 29 	  0.245 	  0.000 	  0.068
18 	 30 	  0.261 	  0.000 	  0.073

19 	 0 	  0.232 	 -0.000 	  0.099
19 	 1 	  0.227 	 -0.000 	  0.097
19 	 2 	  0.213 	 -0.000 	  0.091
19 	 3 	  0.190 	 -0.000 	  0.082
19 	 4 	  0.160 	 -0.000 	  0.068
19 	 5 	  0.122 	 -0.000 	  0.053
19 	 6 	  0.080 	 -0.000 	  0.035
19 	 7 	  0.035 	 -0.000 	  0.015
19 	 8 	 -0.012 	 -0.000 	 -0.005
19 	 9 	 -0.058 	 -0.000 	 -0.025
19 	 10 	 -0.102 	 -0.000 	 -0.044
19 	 11 	 -0.142 	 -0.000 	 -0.061
19 	 12 	 -0.176 	 -0.000 	 -0.075
19 	 13 	 -0.202 	 -0.000 	 -0.087
19 	 14 	 -0.221 	 -0.000 	 -0.095
19 	 15 	 -0.230 	 -0.000 	 -0.099
19 	 16 	 -0.230 	  0.000 	 -0.099
19 	 17 	 -0.221 	  0.000 	 -0.095
19 	 18 	 -0.202 	  0.000 	 -0.087
19 	 19 	 -0.176 	  0.000 	 -0.075
19 	 20 	 -0.142 	  0.000 	 -0.061
19 	 21 	 -0.102 	  0.000 	 -0.044
19 	 22 	 -0.058 	  0.000 	 -0.025
19 	 23 	 -0.012 	  0.000 	 -0.005
19 	 24 	  0.035 	  0.000 	  0.015
19 	 25 	  0.080 	  0.000 	  0.035
19 	 26 	  0.122 	  0.000 	  0.053
19 	 27 	  0.160 	  0.000 	  0.068
19 	 28 	  0.190 	  0.000 	  0.082
19 	 29 	  0.213 	  0.000 	  0.091
19 	 30 	  0.227 	  0.000 	  0.097

20 	 0 	  0.187 	 -0.000 	  0.121
20 	 1 	  0.183 	 -0.000 	  0.118
20 	 2 	  0.172 	 -0.000 	  0.111
20 	 3 	  0.153 	 -0.000 	  0.099
20 	 4 	  0.129 	 -0.000 	  0.083
20 	 5 	  0.099 	 -0.000 	  0.064
20 	 6 	  0.065 	 -0.000 	  0.042
20 	 7 	  0.028 	 -0.000 	  0.018
20 	 8 	 -0.009 	 -0.000 	 -0.006
20 	 9 	 -0.047 	 -0.000 	 -0.030
20 	 10 	 -0.082 	 -0.000 	 -0.053
20 	 11 	 -0.114 	 -0.000 	 -0.074
20 	 12 	 -0.142 	 -0.000 	 -0.092
20 	 13 	 -0.163 	 -0.000 	 -0.106
20 	 14 	 -0.178 	 -0.000 	 -0.115
20 	 15 	 -0.186 	 -0.000 	 -0.120
20 	 16 	 -0.186 	  0.000 	 -0.120
20 	 17 	 -0.178 	  0.000 	 -0.115
20 	 18 	 -0.163 	  0.000 	 -0.106
20 	 19 	 -0.142 	  0.000 	 -0.092
20 	 20 	 -0.114 	  0.000 	 -0.074
20 	 21 	 -0.082 	  0.000 	 -0.053
20 	 22 	 -0.047 	  0.000 	 -0.030
20 	 23 	 -0.009 	  0.000 	 -0.006
20 	 24 	  0.028 	  0.000 	  0.018
20 	 25 	  0.065 	  0.000 	  0.042
20 	 26 	  0.099 	  0.000 	  0.064
20 	 27 	  0.129 	  0.000 	  0.083
20 	 28 	  0.153 	  0.000 	  0.099
20 	 29 	  0.172 	  0.000 	  0.111
20 	 30 	  0.183 	  0.000 	  0.118

21 	 0 	  0.134 	 -0.000 	  0.137
21 	 1 	  0.132 	 -0.000 	  0.134
21 	 2 	  0.124 	 -0.000 	  0.126
21 	 3 	  0.110 	 -0.000 	  0.112
21 	 4 	  0.093 	 -0.000 	  0.094
21 	 5 	  0.071 	 -0.000 	  0.072
21 	 6 	  0.047 	 -0.000 	  0.048
21 	 7 	  0.020 	 -0.000 	  0.021
21 	 8 	 -0.007 	 -0.000 	 -0.007
21 	 9 	 -0.034 	 -0.000 	 -0.034
21 	 10 	 -0.059 	 -0.000 	 -0.060
21 	 11 	 -0.082 	 -0.000 	 -0.084
21 	 12 	 -0.102 	 -0.000 	 -0.104
21 	 13 	 -0.118 	 -0.000 	 -0.120
21 	 14 	 -0.128 	 -0.000 	 -0.131
21 	 15 	 -0.134 	 -0.000 	 -0.136
21 	 16 	 -0.134 	  0.000 	 -0.136
21 	 17 	 -0.128 	  0.000 	 -0.131
21 	 18 	 -0.118 	  0.000 	 -0.120
21 	 19 	 -0.102 	  0.000 	 -0.104
21 	 20 	 -0.082 	  0.000 	 -0.084
21 	 21 	 -0.059 	  0.000 	 -0.060
21 	 22 	 -0.034 	  0.000 	 -0.034
21 	 23 	 -0.007 	  0.000 	 -0.007
21 	 24 	  0.020 	  0.000 	  0.021
21 	 25 	  0.047 	  0.000 	  0.048
21 	 26 	  0.071 	  0.000 	  0.072
21 	 27 	  0.093 	  0.000 	  0.094
21 	 28 	  0.110 	  0.000 	  0.112
21 	 29 	  0.124 	  0.000 	  0.126
21 	 30 	  0.132 	  0.000 	  0.134

22 	 0 	  0.076 	 -0.000 	  0.148
22 	 1 	  0.075 	 -0.000 	  0.145
22 	 2 	  0.070 	 -0.000 	  0.136
22 	 3 	  0.063 	 -0.000 	  0.121
22 	 4 	  0.053 	 -0.000 	  0.102
22 	 5 	  0.040 	 -0.000 	  0.078
22 	 6 	  0.027 	 -0.000 	  0.051
22 	 7 	  0.012 	 -0.000 	  0.022
22 	 8 	 -0.004 	 -0.000 	 -0.007
22 	 9 	 -0.019 	 -0.000 	 -0.037
22 	 10 	 -0.034 	 -0.000 	 -0.065
22 	 11 	 -0.047 	 -0.000 	 -0.090
22 	 12 	 -0.058 	 -0.000 	 -0.112
22 	 13 	 -0.067 	 -0.000 	 -0.129
22 	 14 	 -0.073 	 -0.000 	 -0.141
22 	 15 	 -0.076 	 -0.000 	 -0.147
22 	 16 	 -0.076 	  0.000 	 -0.147
22 	 17 	 -0.073 	  0.000 	 -0.141
22 	 18 	 -0.067 	  0.000 	 -0.129
22 	 19 	 -0.058 	  0.000 	 -0.112
22 	 20 	 -0.047 	  0.000 	 -0.090
22 	 21 	 -0.034 	  0.000 	 -0.065
22 	 22 	 -0.019 	  0.000 	 -0.037
22 	 23 	 -0.004 	  0.000 	 -0.007
22 	 24 	  0.012 	  0.000 	  0.022
22 	 25 	  0.027 	  0.000 	  0.051
22 	 26 	  0.040 	  0.000 	  0.078
22 	 27 	  0.053 	  0.000 	  0.102
22 	 28 	  0.063 	  0.000 	  0.121
22 	 29 	  0.070 	  0.000 	  0.136
22 	 30 	  0.075 	  0.000 	  0.145

23 	 0 	  0.015 	 -0.000 	  0.152
23 	 1 	  0.015 	 -0.000 	  0.149
23 	 2 	  0.014 	 -0.000 	  0.140
23 	 3 	  0.013 	 -0.000 	  0.125
23 	 4 	  0.011 	 -0.000 	  0.105
23 	 5 	  0.008 	 -0.000 	  0.081
23 	 6 	  0.005 	 -0.000 	  0.053
23 	 7 	  0.002 	 -0.000 	  0.023
23 	 8 	 -0.001 	 -0.000 	 -0.008
23 	 9 	 -0.004 	 -0.000 	 -0.038
23 	 10 	 -0.007 	 -0.000 	 -0.067
23 	 11 	 -0.009 	 -0.000 	 -0.093
23 	 12 	 -0.012 	 -0.000 	 -0.116
23 	 13 	 -0.014 	 -0.000 	 -0.133
23 	 14 	 -0.015 	 -0.000 	 -0.145
23 	 15 	 -0.015 	 -0.000 	 -0.152
23 	 16 	 -0.015 	  0.000 	 -0.152
23 	 17 	 -0.015 	  0.000 	 -0.145
23 	 18 	 -0.014 	  0.000 	 -0.133
23 	 19 	 -0.012 	  0.000 	 -0.116
23 	 20 	 -0.009 	  0.000 	 -0.093
23 	 21 	 -0.007 	  0.000 	 -0.067
23 	 22 	 -0.004 	  0.000 	 -0.038
23 	 23 	 -0.001 	  0.000 	 -0.008
23 	 24 	  0.002 	  0.000 	  0.023
23 	 25 	  0.005 	  0.000 	  0.053
23 	 26 	  0.008 	  0.000 	  0.081
23 	 27 	  0.011 	  0.000 	  0.105
23 	 28 	  0.013 	  0.000 	  0.125
23 	 29 	  0.014 	  0.000 	  0.140
23 	 30 	  0.015 	  0.000 	  0.149

24 	 0 	 -0.046 	  0.000 	  0.151
24 	 1 	 -0.045 	  0.000 	  0.148
24 	 2 	 -0.042 	  0.000 	  0.139
24 	 3 	 -0.038 	  0.000 	  0.124
24 	 4 	 -0.032 	  0.000 	  0.104
24 	 5 	 -0.024 	  0.000 	  0.080
24 	 6 	 -0.016 	  0.000 	  0.052
24 	 7 	 -0.007 	  0.000 	  0.023
24 	 8 	  0.002 	  0.000 	 -0.008
24 	 9 	  0.012 	  0.000 	 -0.038
24 	 10 	  0.020 	  0.000 	 -0.066
24 	 11 	  0.028 	  0.000 	 -0.092
24 	 12 	  0.035 	  0.000 	 -0.114
24 	 13 	  0.040 	  0.000 	 -0.132
24 	 14 	  0.044 	  0.000 	 -0.144
24 	 15 	  0.046 	  0.000 	 -0.150
24 	 16 	  0.046 	 -0.000 	 -0.150
24 	 17 	  0.044 	 -0.000 	 -0.144
24 	 18 	  0.040 	 -0.000 	 -0.132
24 	 19 	  0.035 	 -0.000 	 -0.114
24 	 20 	  0.028 	 -0.000 	 -0.092
24 	 21 	  0.020 	 -0.000 	 -0.066
24 	 22 	  0.012 	 -0.000 	 -0.038
24 	 23 	  0.002 	 -0.000 	 -0.008
24 	 24 	 -0.007 	 -0.000 	  0.023
24 	 25 	 -0.016 	 -0.000 	  0.052
24 	 26 	 -0.024 	 -0.000 	  0.080
24 	 27 	 -0.032 	 -0.000 	  0.104
24 	 28 	 -0.038 	 -0.000 	  0.124
24 	 29 	 -0.042 	 -0.000 	  0.139
24 	 30 	 -0.045 	 -0.000 	  0.148

25 	 0 	 -0.106 	  0.000 	  0.143
25 	 1 	 -0.104 	  0.000 	  0.140
25 	 2 	 -0.097 	  0.000 	  0.131
25 	 3 	 -0.087 	  0.000 	  0.117
25 	 4 	 -0.073 	  0.000 	  0.099
25 	 5 	 -0.056 	  0.000 	  0.076
25 	 6 	 -0.037 	  0.000 	  0.050
25 	 7 	 -0.016 	  0.000 	  0.022
25 	 8 	  0.005 	  0.000 	 -0.007
25 	 9 	  0.027 	  0.000 	 -0.036
25 	 10 	  0.047 	  0.000 	 -0.063
25 	 11 	  0.065 	  0.000 	 -0.088
25 	 12 	  0.080 	  0.000 	 -0.109
25 	 13 	  0.093 	  0.000 	 -0.125
25 	 14 	  0.101 	  0.000 	 -0.137
25 	 15 	  0.105 	  0.000 	 -0.142
25 	 16 	  0.105 	 -0.000 	 -0.142
25 	 17 	  0.101 	 -0.000 	 -0.137
25 	 18 	  0.093 	 -0.000 	 -0.125
25 	 19 	  0.080 	 -0.000 	 -0.109
25 	 20 	  0.065 	 -0.000 	 -0.088
25 	 21 	  0.047 	 -0.000 	 -0.063
25 	 22 	  0.027 	 -0.000 	 -0.036
25 	 23 	  0.005 	 -0.000 	 -0.007
25 	 24 	 -0.016 	 -0.000 	  0.022
25 	 25 	 -0.037 	 -0.000 	  0.050
25 	 26 	 -0.056 	 -0.000 	  0.076
25 	 27 	 -0.073 	 -0.000 	  0.099
25 	 28 	 -0.087 	 -0.000 	  0.117
25 	 29 	 -0.097 	 -0.000 	  0.131
25 	 30 	 -0.104 	 -0.000 	  0.140

26 	 0 	 -0.161 	  0.000 	  0.129
26 	 1 	 -0.158 	  0.000 	  0.127
26 	 2 	 -0.148 	  0.000 	  0.119
26 	 3 	 -0.132 	  0.000 	  0.106
26 	 4 	 -0.111 	  0.000 	  0.089
26 	 5 	 -0.085 	  0.000 	  0.068
26 	 6 	 -0.056 	  0.000 	  0.045
26 	 7 	 -0.024 	  0.000 	  0.020
26 	 8 	  0.008 	  0.000 	 -0.007
26 	 9 	  0.040 	  0.000 	 -0.032
26 	 10 	  0.071 	  0.000 	 -0.057
26 	 11 	  0.099 	  0.000 	 -0.079
26 	 12 	  0.122 	  0.000 	 -0.098
26 	 13 	  0.141 	  0.000 	 -0.113
26 	 14 	  0.154 	  0.000 	 -0.124
26 	 15 	  0.161 	  0.000 	 -0.129
26 	 16 	  0.161 	 -0.000 	 -0.129
26 	 17 	  0.154 	 -0.000 	 -0.124
26 	 18 	  0.141 	 -0.000 	 -0.113
26 	 19 	  0.122 	 -0.000 	 -0.098
26 	 20 	  0.099 	 -0.000 	 -0.079
26 	 21 	  0.071 	 -0.000 	 -0.057
26 	 22 	  0.040 	 -0.000 	 -0.032
26 	 23 	  0.008 	 -0.000 	 -0.007
26 	 24 	 -0.024 	 -0.000 	  0.020
26 	 25 	 -0.056 	 -0.000 	  0.045
26 	 26 	 -0.085 	 -0.000 	  0.068
26 	 27 	 -0.111 	 -0.000 	  0.089
26 	 28 	 -0.132 	 -0.000 	  0.106
26 	 29 	 -0.148 	 -0.000 	  0.119
26 	 30 	 -0.158 	 -0.000 	  0.127

27 	 0 	 -0.210 	  0.000 	  0.111
27 	 1 	 -0.206 	  0.000 	  0.108
27 	 2 	 -0.193 	  0.000 	  0.102
27 	 3 	 -0.173 	  0.000 	  0.091
27 	 4 	 -0.145 	  0.000 	  0.076
27 	 5 	 -0.111 	  0.000 	  0.059
27 	 6 	 -0.073 	  0.000 	  0.038
27 	 7 	 -0.032 	  0.000 	  0.017
27 	 8 	  0.011 	  0.000 	 -0.006
27 	 9 	  0.053 	  0.000 	 -0.028
27 	 10 	  0.093 	  0.000 	 -0.049
27 	 11 	  0.129 	  0.000 	 -0.068
27 	 12 	  0.160 	  0.000 	 -0.084
27 	 13 	  0.184 	  0.000 	 -0.097
27 	 14 	  0.201 	  0.000 	 -0.106
27 	 15 	  0.209 	  0.000 	 -0.110
27 	 16 	  0.209 	 -0.000 	 -0.110
27 	 17 	  0.201 	 -0.000 	 -0.106
27 	 18 	  0.184 	 -0.000 	 -0.097
27 	 19 	  0.160 	 -0.000 	 -0.084
27 	 20 	  0.129 	 -0.000 	 -0.068
27 	 21 	  0.093 	 -0.000 	 -0.049
27 	 22 	  0.053 	 -0.000 	 -0.028
27 	 23 	  0.011 	 -0.000 	 -0.006
27 	 24 	 -0.032 	 -0.000 	  0.017
27 	 25 	 -0.073 	 -0.000 	  0.038
27 	 26 	 -0.111 	 -0.000 	  0.059
27 	 27 	 -0.145 	 -0.000 	  0.076
27 	 28 	 -0.173 	 -0.000 	  0.091
27 	 29 	 -0.193 	 -0.000 	  0.102
27 	 30 	 -0.206 	 -0.000 	  0.108

28 	 0 	 -0.250 	  0.000 	  0.087
28 	 1 	 -0.245 	  0.000 	  0.085
28 	 2 	 -0.230 	  0.000 	  0.080
28 	 3 	 -0.206 	  0.000 	  0.072
28 	 4 	 -0.173 	  0.000 	  0.060
28 	 5 	 -0.132 	  0.000 	  0.046
28 	 6 	 -0.087 	  0.000 	  0.030
28 	 7 	 -0.038 	  0.000 	  0.013
28 	 8 	  0.013 	  0.000 	 -0.004
28 	 9 	  0.063 	  0.000 	 -0.022
28 	 10 	  0.110 	  0.000 	 -0.038
28 	 11 	  0.153 	  0.000 	 -0.053
28 	 12 	  0.190 	  0.000 	 -0.066
28 	 13 	  0.219 	  0.000 	 -0.076
28 	 14 	  0.239 	  0.000 	 -0.083
28 	 15 	  0.249 	  0.000 	 -0.087
28 	 16 	  0.249 	 -0.000 	 -0.087
28 	 17 	  0.239 	 -0.000 	 -0.083
28 	 18 	  0.219 	 -0.000 	 -0.076
28 	 19 	  0.190 	 -0.000 	 -0.066
28 	 20 	  0.153 	 -0.000 	 -0.053
28 	 21 	  0.110 	 -0.000 	 -0.038
28 	 22 	  0.063 	 -0.000 	 -0.022
28 	 23 	  0.013 	 -0.000 	 -0.004
28 	 24 	 -0.038 	 -0.000 	  0.013
28 	 25 	 -0.087 	 -0.000 	  0.030
28 	 26 	 -0.132 	 -0.000 	  0.046
28 	 27 	 -0.173 	 -0.000 	  0.060
28 	 28 	 -0.206 	 -0.000 	  0.072
28 	 29 	 -0.230 	 -0.000 	  0.080
28 	 30 	 -0.245 	 -0.000 	  0.085

29 	 0 	 -0.280 	  0.000 	  0.060
29 	 1 	 -0.275 	  0.000 	  0.059
29 	 2 	 -0.258 	  0.000 	  0.055
29 	 3 	 -0.230 	  0.000 	  0.049
29 	 4 	 -0.193 	  0.000 	  0.041
29 	 5 	 -0.148 	  0.000 	  0.032
29 	 6 	 -0.097 	  0.000 	  0.021
29 	 7 	 -0.042 	  0.000 	  0.009
29 	 8 	  0.014 	  0.000 	 -0.003
29 	 9 	  0.070 	  0.000 	 -0.015
29 	 10 	  0.124 	  0.000 	 -0.027
29 	 11 	  0.172 	  0.000 	 -0.037
29 	 12 	  0.213 	  0.000 	 -0.046
29 	 13 	  0.245 	  0.000 	 -0.053
29 	 14 	  0.268 	  0.000 	 -0.057
29 	 15 	  0.279 	  0.000 	 -0.060
29 	 16 	  0.279 	 -0.000 	 -0.060
29 	 17 	  0.268 	 -0.000 	 -0.057
29 	 18 	  0.245 	 -0.000 	 -0.053
29 	 19 	  0.213 	 -0.000 	 -0.046
29 	 20 	  0.172 	 -0.000 	 -0.037
29 	 21 	  0.124 	 -0.000 	 -0.027
29 	 22 	  0.070 	 -0.000 	 -0.015
29 	 23 	  0.014 	 -0.000 	 -0.003
29 	 24 	 -0.042 	 -0.000 	  0.009
29 	 25 	 -0.097 	 -0.000 	  0.021
29 	 26 	 -0.148 	 -0.000 	  0.032
29 	 27 	 -0.193 	 -0.000 	  0.041
29 	 28 	 -0.230 	 -0.000 	  0.049
29 	 29 	 -0.258 	 -0.000 	  0.055
29 	 30 	 -0.275 	 -0.000 	  0.059

30 	 0 	 -0.299 	  0.000 	  0.031
30 	 1 	 -0.293 	  0.000 	  0.030
30 	 2 	 -0.275 	  0.000 	  0.028
30 	 3 	 -0.245 	  0.000 	  0.025
30 	 4 	 -0.206 	  0.000 	  0.021
30 	 5 	 -0.158 	  0.000 	  0.016
30 	 6 	 -0.104 	  0.000 	  0.011
30 	 7 	 -0.045 	  0.000 	  0.005
30 	 8 	  0.015 	  0.000 	 -0.002
30 	 9 	  0.075 	  0.000 	 -0.008
30 	 10 	  0.132 	  0.000 	 -0.014
30 	 11 	  0.183 	  0.000 	 -0.019
30 	 12 	  0.227 	  0.000 	 -0.023
30 	 13 	  0.261 	  0.000 	 -0.027
30 	 14 	  0.285 	  0.000 	 -0.029
30 	 15 	  0.297 	  0.000 	 -0.031
30 	 16 	  0.297 	 -0.000 	 -0.031
30 	 17 	  0.285 	 -0.000 	 -0.029
30 	 18 	  0.261 	 -0.000 	 -0.027
30 	 19 	  0.227 	 -0.000 	 -0.023
30 	 20 	  0.183 	 -0.000 	 -0.019
30 	 21 	  0.132 	 -0.000 	 -0.014
30 	 22 	  0.075 	 -0.000 	 -0.008
30 	 23 	  0.015 	 -0.000 	 -0.002
30 	 24 	 -0.045 	 -0.000 	  0.005
30 	 25 	 -0.104 	 -0.000 	  0.011
30 	 26 	 -0.158 	 -0.000 	  0.016
30 	 27 	 -0.206 	 -0.000 	  0.021
30 	 28 	 -0.245 	 -0.000 	  0.025
30 	 29 	 -0.275 	 -0.000 	  0.028
30 	 30 	 -0.293 	 -0.000 	  0.030

