0 	 0 	 -1.512 	  0.000 	 -0.000
0 	 1 	 -1.481 	  0.000 	 -0.000
0 	 2 	 -1.389 	  0.000 	 -0.000
0 	 3 	 -1.241 	  0.000 	 -0.000
0 	 4 	 -1.041 	  0.000 	 -0.000
0 	 5 	 -0.800 	  0.000 	 -0.000
0 	 6 	 -0.525 	  0.000 	 -0.000
0 	 7 	 -0.229 	  0.000 	 -0.000
0 	 8 	  0.077 	  0.000 	  0.000
0 	 9 	  0.379 	  0.000 	  0.000
0 	 10 	  0.666 	  0.000 	  0.000
0 	 11 	  0.925 	  0.000 	  0.000
0 	 12 	  1.147 	  0.000 	  0.000
0 	 13 	  1.322 	  0.000 	  0.000
0 	 14 	  1.442 	  0.000 	  0.000
0 	 15 	  1.504 	  0.000 	  0.000
0 	 16 	  1.504 	 -0.000 	  0.000
0 	 17 	  1.442 	 -0.000 	  0.000
0 	 18 	  1.322 	 -0.000 	  0.000
0 	 19 	  1.147 	 -0.000 	  0.000
0 	 20 	  0.925 	 -0.000 	  0.000
0 	 21 	  0.666 	 -0.000 	  0.000
0 	 22 	  0.379 	 -0.000 	  0.000
0 	 23 	  0.077 	 -0.000 	  0.000
0 	 24 	 -0.229 	 -0.000 	 -0.000
0 	 25 	 -0.525 	 -0.000 	 -0.000
0 	 26 	 -0.800 	 -0.000 	 -0.000
0 	 27 	 -1.041 	 -0.000 	 -0.000
0 	 28 	 -1.241 	 -0.000 	 -0.000
0 	 29 	 -1.389 	 -0.000 	 -0.000
0 	 30 	 -1.481 	 -0.000 	 -0.000

1 	 0 	 -1.481 	  0.000 	 -0.152
1 	 1 	 -1.450 	  0.000 	 -0.149
1 	 2 	 -1.361 	  0.000 	 -0.140
1 	 3 	 -1.215 	  0.000 	 -0.125
1 	 4 	 -1.020 	  0.000 	 -0.105
1 	 5 	 -0.783 	  0.000 	 -0.080
1 	 6 	 -0.514 	  0.000 	 -0.053
1 	 7 	 -0.224 	  0.000 	 -0.023
1 	 8 	  0.075 	  0.000 	  0.008
1 	 9 	  0.371 	  0.000 	  0.038
1 	 10 	  0.652 	  0.000 	  0.067
1 	 11 	  0.906 	  0.000 	  0.093
1 	 12 	  1.123 	  0.000 	  0.115
1 	 13 	  1.295 	  0.000 	  0.133
1 	 14 	  1.413 	  0.000 	  0.145
1 	 15 	  1.473 	  0.000 	  0.151
1 	 16 	  1.473 	 -0.000 	  0.151
1 	 17 	  1.413 	 -0.000 	  0.145
1 	 18 	  1.295 	 -0.000 	  0.133
1 	 19 	  1.123 	 -0.000 	  0.115
1 	 20 	  0.906 	 -0.000 	  0.093
1 	 21 	  0.652 	 -0.000 	  0.067
1 	 22 	  0.371 	 -0.000 	  0.038
1 	 23 	  0.075 	 -0.000 	  0.008
1 	 24 	 -0.224 	 -0.000 	 -0.023
1 	 25 	 -0.514 	 -0.000 	 -0.053
1 	 26 	 -0.783 	 -0.000 	 -0.080
1 	 27 	 -1.020 	 -0.000 	 -0.105
1 	 28 	 -1.215 	 -0.000 	 -0.125
1 	 29 	 -1.361 	 -0.000 	 -0.140
1 	 30 	 -1.450 	 -0.000 	 -0.149

2 	 0 	 -1.389 	  0.000 	 -0.298
2 	 1 	 -1.361 	  0.000 	 -0.292
2 	 2 	 -1.276 	  0.000 	 -0.274
2 	 3 	 -1.140 	  0.000 	 -0.245
2 	 4 	 -0.957 	  0.000 	 -0.205
2 	 5 	 -0.735 	  0.000 	 -0.158
2 	 6 	 -0.482 	  0.000 	 -0.104
2 	 7 	 -0.210 	  0.000 	 -0.045
2 	 8 	  0.070 	  0.000 	  0.015
2 	 9 	  0.348 	  0.000 	  0.075
2 	 10 	  0.612 	  0.000 	  0.131
2 	 11 	  0.850 	  0.000 	  0.182
2 	 12 	  1.054 	  0.000 	  0.226
2 	 13 	  1.215 	  0.000 	  0.261
2 	 14 	  1.325 	  0.000 	  0.284
2 	 15 	  1.382 	  0.000 	  0.297
2 	 16 	  1.382 	 -0.000 	  0.297
2 	 17 	  1.325 	 -0.000 	  0.284
2 	 18 	  1.215 	 -0.000 	  0.261
2 	 19 	  1.054 	 -0.000 	  0.226
2 	 20 	  0.850 	 -0.000 	  0.182
2 	 21 	  0.612 	 -0.000 	  0.131
2 	 22 	  0.348 	 -0.000 	  0.075
2 	 23 	  0.070 	 -0.000 	  0.015
2 	 24 	 -0.210 	 -0.000 	 -0.045
2 	 25 	 -0.482 	 -0.000 	 -0.104
2 	 26 	 -0.735 	 -0.000 	 -0.158
2 	 27 	 -0.957 	 -0.000 	 -0.205
2 	 28 	 -1.140 	 -0.000 	 -0.245
2 	 29 	 -1.276 	 -0.000 	 -0.274
2 	 30 	 -1.361 	 -0.000 	 -0.292

3 	 0 	 -1.241 	  0.000 	 -0.432
3 	 1 	 -1.215 	  0.000 	 -0.423
3 	 2 	 -1.140 	  0.000 	 -0.397
3 	 3 	 -1.018 	  0.000 	 -0.354
3 	 4 	 -0.855 	  0.000 	 -0.297
3 	 5 	 -0.656 	  0.000 	 -0.228
3 	 6 	 -0.431 	  0.000 	 -0.150
3 	 7 	 -0.188 	  0.000 	 -0.065
3 	 8 	  0.063 	  0.000 	  0.022
3 	 9 	  0.311 	  0.000 	  0.108
3 	 10 	  0.546 	  0.000 	  0.190
3 	 11 	  0.759 	  0.000 	  0.264
3 	 12 	  0.941 	  0.000 	  0.328
3 	 13 	  1.085 	  0.000 	  0.378
3 	 14 	  1.184 	  0.000 	  0.412
3 	 15 	  1.234 	  0.000 	  0.430
3 	 16 	  1.234 	 -0.000 	  0.430
3 	 17 	  1.184 	 -0.000 	  0.412
3 	 18 	  1.085 	 -0.000 	  0.378
3 	 19 	  0.941 	 -0.000 	  0.328
3 	 20 	  0.759 	 -0.000 	  0.264
3 	 21 	  0.546 	 -0.000 	  0.190
3 	 22 	  0.311 	 -0.000 	  0.108
3 	 23 	  0.063 	 -0.000 	  0.022
3 	 24 	 -0.188 	 -0.000 	 -0.065
3 	 25 	 -0.431 	 -0.000 	 -0.150
3 	 26 	 -0.656 	 -0.000 	 -0.228
3 	 27 	 -0.855 	 -0.000 	 -0.297
3 	 28 	 -1.018 	 -0.000 	 -0.354
3 	 29 	 -1.140 	 -0.000 	 -0.397
3 	 30 	 -1.215 	 -0.000 	 -0.423

4 	 0 	 -1.041 	  0.000 	 -0.548
4 	 1 	 -1.020 	  0.000 	 -0.537
4 	 2 	 -0.957 	  0.000 	 -0.503
4 	 3 	 -0.855 	  0.000 	 -0.450
4 	 4 	 -0.718 	  0.000 	 -0.377
4 	 5 	 -0.551 	  0.000 	 -0.290
4 	 6 	 -0.362 	  0.000 	 -0.190
4 	 7 	 -0.158 	  0.000 	 -0.083
4 	 8 	  0.053 	  0.000 	  0.028
4 	 9 	  0.261 	  0.000 	  0.137
4 	 10 	  0.459 	  0.000 	  0.241
4 	 11 	  0.637 	  0.000 	  0.335
4 	 12 	  0.790 	  0.000 	  0.416
4 	 13 	  0.911 	  0.000 	  0.479
4 	 14 	  0.994 	  0.000 	  0.523
4 	 15 	  1.036 	  0.000 	  0.545
4 	 16 	  1.036 	 -0.000 	  0.545
4 	 17 	  0.994 	 -0.000 	  0.523
4 	 18 	  0.911 	 -0.000 	  0.479
4 	 19 	  0.790 	 -0.000 	  0.416
4 	 20 	  0.637 	 -0.000 	  0.335
4 	 21 	  0.459 	 -0.000 	  0.241
4 	 22 	  0.261 	 -0.000 	  0.137
4 	 23 	  0.053 	 -0.000 	  0.028
4 	 24 	 -0.158 	 -0.000 	 -0.083
4 	 25 	 -0.362 	 -0.000 	 -0.190
4 	 26 	 -0.551 	 -0.000 	 -0.290
4 	 27 	 -0.718 	 -0.000 	 -0.377
4 	 28 	 -0.855 	 -0.000 	 -0.450
4 	 29 	 -0.957 	 -0.000 	 -0.503
4 	 30 	 -1.020 	 -0.000 	 -0.537

5 	 0 	 -0.800 	  0.000 	 -0.641
5 	 1 	 -0.783 	  0.000 	 -0.628
5 	 2 	 -0.735 	  0.000 	 -0.589
5 	 3 	 -0.656 	  0.000 	 -0.526
5 	 4 	 -0.551 	  0.000 	 -0.442
5 	 5 	 -0.423 	  0.000 	 -0.339
5 	 6 	 -0.278 	  0.000 	 -0.223
5 	 7 	 -0.121 	  0.000 	 -0.097
5 	 8 	  0.040 	  0.000 	  0.032
5 	 9 	  0.200 	  0.000 	  0.161
5 	 10 	  0.352 	  0.000 	  0.282
5 	 11 	  0.489 	  0.000 	  0.393
5 	 12 	  0.607 	  0.000 	  0.487
5 	 13 	  0.699 	  0.000 	  0.561
5 	 14 	  0.763 	  0.000 	  0.612
5 	 15 	  0.795 	  0.000 	  0.638
5 	 16 	  0.795 	 -0.000 	  0.638
5 	 17 	  0.763 	 -0.000 	  0.612
5 	 18 	  0.699 	 -0.000 	  0.561
5 	 19 	  0.607 	 -0.000 	  0.487
5 	 20 	  0.489 	 -0.000 	  0.393
5 	 21 	  0.352 	 -0.000 	  0.282
5 	 22 	  0.200 	 -0.000 	  0.161
5 	 23 	  0.040 	 -0.000 	  0.032
5 	 24 	 -0.121 	 -0.000 	 -0.097
5 	 25 	 -0.278 	 -0.000 	 -0.223
5 	 26 	 -0.423 	 -0.000 	 -0.339
5 	 27 	 -0.551 	 -0.000 	 -0.442
5 	 28 	 -0.656 	 -0.000 	 -0.526
5 	 29 	 -0.735 	 -0.000 	 -0.589
5 	 30 	 -0.783 	 -0.000 	 -0.628

6 	 0 	 -0.525 	  0.000 	 -0.709
6 	 1 	 -0.514 	  0.000 	 -0.694
6 	 2 	 -0.482 	  0.000 	 -0.651
6 	 3 	 -0.431 	  0.000 	 -0.582
6 	 4 	 -0.362 	  0.000 	 -0.488
6 	 5 	 -0.278 	  0.000 	 -0.375
6 	 6 	 -0.182 	  0.000 	 -0.246
6 	 7 	 -0.079 	  0.000 	 -0.107
6 	 8 	  0.027 	  0.000 	  0.036
6 	 9 	  0.132 	  0.000 	  0.178
6 	 10 	  0.231 	  0.000 	  0.312
6 	 11 	  0.321 	  0.000 	  0.434
6 	 12 	  0.398 	  0.000 	  0.538
6 	 13 	  0.459 	  0.000 	  0.620
6 	 14 	  0.501 	  0.000 	  0.676
6 	 15 	  0.522 	  0.000 	  0.705
6 	 16 	  0.522 	 -0.000 	  0.705
6 	 17 	  0.501 	 -0.000 	  0.676
6 	 18 	  0.459 	 -0.000 	  0.620
6 	 19 	  0.398 	 -0.000 	  0.538
6 	 20 	  0.321 	 -0.000 	  0.434
6 	 21 	  0.231 	 -0.000 	  0.312
6 	 22 	  0.132 	 -0.000 	  0.178
6 	 23 	  0.027 	 -0.000 	  0.036
6 	 24 	 -0.079 	 -0.000 	 -0.107
6 	 25 	 -0.182 	 -0.000 	 -0.246
6 	 26 	 -0.278 	 -0.000 	 -0.375
6 	 27 	 -0.362 	 -0.000 	 -0.488
6 	 28 	 -0.431 	 -0.000 	 -0.582
6 	 29 	 -0.482 	 -0.000 	 -0.651
6 	 30 	 -0.514 	 -0.000 	 -0.694

7 	 0 	 -0.229 	  0.000 	 -0.747
7 	 1 	 -0.224 	  0.000 	 -0.732
7 	 2 	 -0.210 	  0.000 	 -0.687
7 	 3 	 -0.188 	  0.000 	 -0.613
7 	 4 	 -0.158 	  0.000 	 -0.515
7 	 5 	 -0.121 	  0.000 	 -0.395
7 	 6 	 -0.079 	  0.000 	 -0.259
7 	 7 	 -0.035 	  0.000 	 -0.113
7 	 8 	  0.012 	  0.000 	  0.038
7 	 9 	  0.057 	  0.000 	  0.187
7 	 10 	  0.101 	  0.000 	  0.329
7 	 11 	  0.140 	  0.000 	  0.457
7 	 12 	  0.174 	  0.000 	  0.567
7 	 13 	  0.200 	  0.000 	  0.653
7 	 14 	  0.218 	  0.000 	  0.713
7 	 15 	  0.228 	  0.000 	  0.743
7 	 16 	  0.228 	 -0.000 	  0.743
7 	 17 	  0.218 	 -0.000 	  0.713
7 	 18 	  0.200 	 -0.000 	  0.653
7 	 19 	  0.174 	 -0.000 	  0.567
7 	 20 	  0.140 	 -0.000 	  0.457
7 	 21 	  0.101 	 -0.000 	  0.329
7 	 22 	  0.057 	 -0.000 	  0.187
7 	 23 	  0.012 	 -0.000 	  0.038
7 	 24 	 -0.035 	 -0.000 	 -0.113
7 	 25 	 -0.079 	 -0.000 	 -0.259
7 	 26 	 -0.121 	 -0.000 	 -0.395
7 	 27 	 -0.158 	 -0.000 	 -0.515
7 	 28 	 -0.188 	 -0.000 	 -0.613
7 	 29 	 -0.210 	 -0.000 	 -0.687
7 	 30 	 -0.224 	 -0.000 	 -0.732

8 	 0 	  0.077 	 -0.000 	 -0.755
8 	 1 	  0.075 	 -0.000 	 -0.739
8 	 2 	  0.070 	 -0.000 	 -0.694
8 	 3 	  0.063 	 -0.000 	 -0.620
8 	 4 	  0.053 	 -0.000 	 -0.520
8 	 5 	  0.040 	 -0.000 	 -0.399
8 	 6 	  0.027 	 -0.000 	 -0.262
8 	 7 	  0.012 	 -0.000 	 -0.114
8 	 8 	 -0.004 	 -0.000 	  0.038
8 	 9 	 -0.019 	 -0.000 	  0.189
8 	 10 	 -0.034 	 -0.000 	  0.332
8 	 11 	 -0.047 	 -0.000 	  0.462
8 	 12 	 -0.058 	 -0.000 	  0.573
8 	 13 	 -0.067 	 -0.000 	  0.660
8 	 14 	 -0.073 	 -0.000 	  0.720
8 	 15 	 -0.076 	 -0.000 	  0.751
8 	 16 	 -0.076 	  0.000 	  0.751
8 	 17 	 -0.073 	  0.000 	  0.720
8 	 18 	 -0.067 	  0.000 	  0.660
8 	 19 	 -0.058 	  0.000 	  0.573
8 	 20 	 -0.047 	  0.000 	  0.462
8 	 21 	 -0.034 	  0.000 	  0.332
8 	 22 	 -0.019 	  0.000 	  0.189
8 	 23 	 -0.004 	  0.000 	  0.038
8 	 24 	  0.012 	  0.000 	 -0.114
8 	 25 	  0.027 	  0.000 	 -0.262
8 	 26 	  0.040 	  0.000 	 -0.399
8 	 27 	  0.053 	  0.000 	 -0.520
8 	 28 	  0.063 	  0.000 	 -0.620
8 	 29 	  0.070 	  0.000 	 -0.694
8 	 30 	  0.075 	  0.000 	 -0.739

9 	 0 	  0.379 	 -0.000 	 -0.732
9 	 1 	  0.371 	 -0.000 	 -0.717
9 	 2 	  0.348 	 -0.000 	 -0.672
9 	 3 	  0.311 	 -0.000 	 -0.601
9 	 4 	  0.261 	 -0.000 	 -0.504
9 	 5 	  0.200 	 -0.000 	 -0.387
9 	 6 	  0.132 	 -0.000 	 -0.254
9 	 7 	  0.057 	 -0.000 	 -0.111
9 	 8 	 -0.019 	 -0.000 	  0.037
9 	 9 	 -0.095 	 -0.000 	  0.183
9 	 10 	 -0.167 	 -0.000 	  0.322
9 	 11 	 -0.232 	 -0.000 	  0.448
9 	 12 	 -0.287 	 -0.000 	  0.555
9 	 13 	 -0.331 	 -0.000 	  0.640
9 	 14 	 -0.362 	 -0.000 	  0.698
9 	 15 	 -0.377 	 -0.000 	  0.728
9 	 16 	 -0.377 	  0.000 	  0.728
9 	 17 	 -0.362 	  0.000 	  0.698
9 	 18 	 -0.331 	  0.000 	  0.640
9 	 19 	 -0.287 	  0.000 	  0.555
9 	 20 	 -0.232 	  0.000 	  0.448
9 	 21 	 -0.167 	  0.000 	  0.322
9 	 22 	 -0.095 	  0.000 	  0.183
9 	 23 	 -0.019 	  0.000 	  0.037
9 	 24 	  0.057 	  0.000 	 -0.111
9 	 25 	  0.132 	  0.000 	 -0.254
9 	 26 	  0.200 	  0.000 	 -0.387
9 	 27 	  0.261 	  0.000 	 -0.504
9 	 28 	  0.311 	  0.000 	 -0.601
9 	 29 	  0.348 	  0.000 	 -0.672
9 	 30 	  0.371 	  0.000 	 -0.717

10 	 0 	  0.666 	 -0.000 	 -0.679
10 	 1 	  0.652 	 -0.000 	 -0.665
10 	 2 	  0.612 	 -0.000 	 -0.624
10 	 3 	  0.546 	 -0.000 	 -0.557
10 	 4 	  0.459 	 -0.000 	 -0.467
10 	 5 	  0.352 	 -0.000 	 -0.359
10 	 6 	  0.231 	 -0.000 	 -0.236
10 	 7 	  0.101 	 -0.000 	 -0.103
10 	 8 	 -0.034 	 -0.000 	  0.034
10 	 9 	 -0.167 	 -0.000 	  0.170
10 	 10 	 -0.293 	 -0.000 	  0.299
10 	 11 	 -0.407 	 -0.000 	  0.415
10 	 12 	 -0.505 	 -0.000 	  0.515
10 	 13 	 -0.582 	 -0.000 	  0.593
10 	 14 	 -0.635 	 -0.000 	  0.647
10 	 15 	 -0.662 	 -0.000 	  0.675
10 	 16 	 -0.662 	  0.000 	  0.675
10 	 17 	 -0.635 	  0.000 	  0.647
10 	 18 	 -0.582 	  0.000 	  0.593
10 	 19 	 -0.505 	  0.000 	  0.515
10 	 20 	 -0.407 	  0.000 	  0.415
10 	 21 	 -0.293 	  0.000 	  0.299
10 	 22 	 -0.167 	  0.000 	  0.170
10 	 23 	 -0.034 	  0.000 	  0.034
10 	 24 	  0.101 	  0.000 	 -0.103
10 	 25 	  0.231 	  0.000 	 -0.236
10 	 26 	  0.352 	  0.000 	 -0.359
10 	 27 	  0.459 	  0.000 	 -0.467
10 	 28 	  0.546 	  0.000 	 -0.557
10 	 29 	  0.612 	  0.000 	 -0.624
10 	 30 	  0.652 	  0.000 	 -0.665

11 	 0 	  0.925 	 -0.000 	 -0.598
11 	 1 	  0.906 	 -0.000 	 -0.585
11 	 2 	  0.850 	 -0.000 	 -0.549
11 	 3 	  0.759 	 -0.000 	 -0.491
11 	 4 	  0.637 	 -0.000 	 -0.412
11 	 5 	  0.489 	 -0.000 	 -0.316
11 	 6 	  0.321 	 -0.000 	 -0.208
11 	 7 	  0.140 	 -0.000 	 -0.091
11 	 8 	 -0.047 	 -0.000 	  0.030
11 	 9 	 -0.232 	 -0.000 	  0.150
11 	 10 	 -0.407 	 -0.000 	  0.263
11 	 11 	 -0.566 	 -0.000 	  0.366
11 	 12 	 -0.702 	 -0.000 	  0.453
11 	 13 	 -0.809 	 -0.000 	  0.523
11 	 14 	 -0.883 	 -0.000 	  0.570
11 	 15 	 -0.920 	 -0.000 	  0.595
11 	 16 	 -0.920 	  0.000 	  0.595
11 	 17 	 -0.883 	  0.000 	  0.570
11 	 18 	 -0.809 	  0.000 	  0.523
11 	 19 	 -0.702 	  0.000 	  0.453
11 	 20 	 -0.566 	  0.000 	  0.366
11 	 21 	 -0.407 	  0.000 	  0.263
11 	 22 	 -0.232 	  0.000 	  0.150
11 	 23 	 -0.047 	  0.000 	  0.030
11 	 24 	  0.140 	  0.000 	 -0.091
11 	 25 	  0.321 	  0.000 	 -0.208
11 	 26 	  0.489 	  0.000 	 -0.316
11 	 27 	  0.637 	  0.000 	 -0.412
11 	 28 	  0.759 	  0.000 	 -0.491
11 	 29 	  0.850 	  0.000 	 -0.549
11 	 30 	  0.906 	  0.000 	 -0.585

12 	 0 	  1.147 	 -0.000 	 -0.492
12 	 1 	  1.123 	 -0.000 	 -0.482
12 	 2 	  1.054 	 -0.000 	 -0.452
12 	 3 	  0.941 	 -0.000 	 -0.404
12 	 4 	  0.790 	 -0.000 	 -0.339
12 	 5 	  0.607 	 -0.000 	 -0.260
12 	 6 	  0.398 	 -0.000 	 -0.171
12 	 7 	  0.174 	 -0.000 	 -0.075
12 	 8 	 -0.058 	 -0.000 	  0.025
12 	 9 	 -0.287 	 -0.000 	  0.123
12 	 10 	 -0.505 	 -0.000 	  0.217
12 	 11 	 -0.702 	 -0.000 	  0.301
12 	 12 	 -0.870 	 -0.000 	  0.374
12 	 13 	 -1.003 	 -0.000 	  0.430
12 	 14 	 -1.094 	 -0.000 	  0.470
12 	 15 	 -1.141 	 -0.000 	  0.490
12 	 16 	 -1.141 	  0.000 	  0.490
12 	 17 	 -1.094 	  0.000 	  0.470
12 	 18 	 -1.003 	  0.000 	  0.430
12 	 19 	 -0.870 	  0.000 	  0.374
12 	 20 	 -0.702 	  0.000 	  0.301
12 	 21 	 -0.505 	  0.000 	  0.217
12 	 22 	 -0.287 	  0.000 	  0.123
12 	 23 	 -0.058 	  0.000 	  0.025
12 	 24 	  0.174 	  0.000 	 -0.075
12 	 25 	  0.398 	  0.000 	 -0.171
12 	 26 	  0.607 	  0.000 	 -0.260
12 	 27 	  0.790 	  0.000 	 -0.339
12 	 28 	  0.941 	  0.000 	 -0.404
12 	 29 	  1.054 	  0.000 	 -0.452
12 	 30 	  1.123 	  0.000 	 -0.482

13 	 0 	  1.322 	 -0.000 	 -0.367
13 	 1 	  1.295 	 -0.000 	 -0.359
13 	 2 	  1.215 	 -0.000 	 -0.337
13 	 3 	  1.085 	 -0.000 	 -0.301
13 	 4 	  0.911 	 -0.000 	 -0.253
13 	 5 	  0.699 	 -0.000 	 -0.194
13 	 6 	  0.459 	 -0.000 	 -0.127
13 	 7 	  0.200 	 -0.000 	 -0.056
13 	 8 	 -0.067 	 -0.000 	  0.019
13 	 9 	 -0.331 	 -0.000 	  0.092
13 	 10 	 -0.582 	 -0.000 	  0.162
13 	 11 	 -0.809 	 -0.000 	  0.225
13 	 12 	 -1.003 	 -0.000 	  0.278
13 	 13 	 -1.156 	 -0.000 	  0.321
13 	 14 	 -1.261 	 -0.000 	  0.350
13 	 15 	 -1.315 	 -0.000 	  0.365
13 	 16 	 -1.315 	  0.000 	  0.365
13 	 17 	 -1.261 	  0.000 	  0.350
13 	 18 	 -1.156 	  0.000 	  0.321
13 	 19 	 -1.003 	  0.000 	  0.278
13 	 20 	 -0.809 	  0.000 	  0.225
13 	 21 	 -0.582 	  0.000 	  0.162
13 	 22 	 -0.331 	  0.000 	  0.092
13 	 23 	 -0.067 	  0.000 	  0.019
13 	 24 	  0.200 	  0.000 	 -0.056
13 	 25 	  0.459 	  0.000 	 -0.127
13 	 26 	  0.699 	  0.000 	 -0.194
13 	 27 	  0.911 	  0.000 	 -0.253
13 	 28 	  1.085 	  0.000 	 -0.301
13 	 29 	  1.215 	  0.000 	 -0.337
13 	 30 	  1.295 	  0.000 	 -0.359

14 	 0 	  1.442 	 -0.000 	 -0.226
14 	 1 	  1.413 	 -0.000 	 -0.222
14 	 2 	  1.325 	 -0.000 	 -0.208
14 	 3 	  1.184 	 -0.000 	 -0.186
14 	 4 	  0.994 	 -0.000 	 -0.156
14 	 5 	  0.763 	 -0.000 	 -0.120
14 	 6 	  0.501 	 -0.000 	 -0.079
14 	 7 	  0.218 	 -0.000 	 -0.034
14 	 8 	 -0.073 	 -0.000 	  0.011
14 	 9 	 -0.362 	 -0.000 	  0.057
14 	 10 	 -0.635 	 -0.000 	  0.100
14 	 11 	 -0.883 	 -0.000 	  0.138
14 	 12 	 -1.094 	 -0.000 	  0.172
14 	 13 	 -1.261 	 -0.000 	  0.198
14 	 14 	 -1.376 	 -0.000 	  0.216
14 	 15 	 -1.435 	 -0.000 	  0.225
14 	 16 	 -1.435 	  0.000 	  0.225
14 	 17 	 -1.376 	  0.000 	  0.216
14 	 18 	 -1.261 	  0.000 	  0.198
14 	 19 	 -1.094 	  0.000 	  0.172
14 	 20 	 -0.883 	  0.000 	  0.138
14 	 21 	 -0.635 	  0.000 	  0.100
14 	 22 	 -0.362 	  0.000 	  0.057
14 	 23 	 -0.073 	  0.000 	  0.011
14 	 24 	  0.218 	  0.000 	 -0.034
14 	 25 	  0.501 	  0.000 	 -0.079
14 	 26 	  0.763 	  0.000 	 -0.120
14 	 27 	  0.994 	  0.000 	 -0.156
14 	 28 	  1.184 	  0.000 	 -0.186
14 	 29 	  1.325 	  0.000 	 -0.208
14 	 30 	  1.413 	  0.000 	 -0.222

15 	 0 	  1.504 	 -0.000 	 -0.076
15 	 1 	  1.473 	 -0.000 	 -0.075
15 	 2 	  1.382 	 -0.000 	 -0.070
15 	 3 	  1.234 	 -0.000 	 -0.063
15 	 4 	  1.036 	 -0.000 	 -0.053
15 	 5 	  0.795 	 -0.000 	 -0.040
15 	 6 	  0.522 	 -0.000 	 -0.027
15 	 7 	  0.228 	 -0.000 	 -0.012
15 	 8 	 -0.076 	 -0.000 	  0.004
15 	 9 	 -0.377 	 -0.000 	  0.019
15 	 10 	 -0.662 	 -0.000 	  0.034
15 	 11 	 -0.920 	 -0.000 	  0.047
15 	 12 	 -1.141 	 -0.000 	  0.058
15 	 13 	 -1.315 	 -0.000 	  0.067
15 	 14 	 -1.435 	 -0.000 	  0.073
15 	 15 	 -1.496 	 -0.000 	  0.076
15 	 16 	 -1.496 	  0.000 	  0.076
15 	 17 	 -1.435 	  0.000 	  0.073
15 	 18 	 -1.315 	  0.000 	  0.067
15 	 19 	 -1.141 	  0.000 	  0.058
15 	 20 	 -0.920 	  0.000 	  0.047
15 	 21 	 -0.662 	  0.000 	  0.034
15 	 22 	 -0.377 	  0.000 	  0.019
15 	 23 	 -0.076 	  0.000 	  0.004
15 	 24 	  0.228 	  0.000 	 -0.012
15 	 25 	  0.522 	  0.000 	 -0.027
15 	 26 	  0.795 	  0.000 	 -0.040
15 	 27 	  1.036 	  0.000 	 -0.053
15 	 28 	  1.234 	  0.000 	 -0.063
15 	 29 	  1.382 	  0.000 	 -0.070
15 	 30 	  1.473 	  0.000 	 -0.075

16 	 0 	  1.504 	 -0.000 	  0.076
16 	 1 	  1.473 	 -0.000 	  0.075
16 	 2 	  1.382 	 -0.000 	  0.070
16 	 3 	  1.234 	 -0.000 	  0.063
16 	 4 	  1.036 	 -0.000 	  0.053
16 	 5 	  0.795 	 -0.000 	  0.040
16 	 6 	  0.522 	 -0.000 	  0.027
16 	 7 	  0.228 	 -0.000 	  0.012
16 	 8 	 -0.076 	 -0.000 	 -0.004
16 	 9 	 -0.377 	 -0.000 	 -0.019
16 	 10 	 -0.662 	 -0.000 	 -0.034
16 	 11 	 -0.920 	 -0.000 	 -0.047
16 	 12 	 -1.141 	 -0.000 	 -0.058
16 	 13 	 -1.315 	 -0.000 	 -0.067
16 	 14 	 -1.435 	 -0.000 	 -0.073
16 	 15 	 -1.496 	 -0.000 	 -0.076
16 	 16 	 -1.496 	  0.000 	 -0.076
16 	 17 	 -1.435 	  0.000 	 -0.073
16 	 18 	 -1.315 	  0.000 	 -0.067
16 	 19 	 -1.141 	  0.000 	 -0.058
16 	 20 	 -0.920 	  0.000 	 -0.047
16 	 21 	 -0.662 	  0.000 	 -0.034
16 	 22 	 -0.377 	  0.000 	 -0.019
16 	 23 	 -0.076 	  0.000 	 -0.004
16 	 24 	  0.228 	  0.000 	  0.012
16 	 25 	  0.522 	  0.000 	  0.027
16 	 26 	  0.795 	  0.000 	  0.040
16 	 27 	  1.036 	  0.000 	  0.053
16 	 28 	  1.234 	  0.000 	  0.063
16 	 29 	  1.382 	  0.000 	  0.070
16 	 30 	  1.473 	  0.000 	  0.075

17 	 0 	  1.442 	 -0.000 	  0.226
17 	 1 	  1.413 	 -0.000 	  0.222
17 	 2 	  1.325 	 -0.000 	  0.208
17 	 3 	  1.184 	 -0.000 	  0.186
17 	 4 	  0.994 	 -0.000 	  0.156
17 	 5 	  0.763 	 -0.000 	  0.120
17 	 6 	  0.501 	 -0.000 	  0.079
17 	 7 	  0.218 	 -0.000 	  0.034
17 	 8 	 -0.073 	 -0.000 	 -0.011
17 	 9 	 -0.362 	 -0.000 	 -0.057
17 	 10 	 -0.635 	 -0.000 	 -0.100
17 	 11 	 -0.883 	 -0.000 	 -0.138
17 	 12 	 -1.094 	 -0.000 	 -0.172
17 	 13 	 -1.261 	 -0.000 	 -0.198
17 	 14 	 -1.376 	 -0.000 	 -0.216
17 	 15 	 -1.435 	 -0.000 	 -0.225
17 	 16 	 -1.435 	  0.000 	 -0.225
17 	 17 	 -1.376 	  0.000 	 -0.216
17 	 18 	 -1.261 	  0.000 	 -0.198
17 	 19 	 -1.094 	  0.000 	 -0.172
17 	 20 	 -0.883 	  0.000 	 -0.138
17 	 21 	 -0.635 	  0.000 	 -0.100
17 	 22 	 -0.362 	  0.000 	 -0.057
17 	 23 	 -0.073 	  0.000 	 -0.011
17 	 24 	  0.218 	  0.000 	  0.034
17 	 25 	  0.501 	  0.000 	  0.079
17 	 26 	  0.763 	  0.000 	  0.120
17 	 27 	  0.994 	  0.000 	  0.156
17 	 28 	  1.184 	  0.000 	  0.186
17 	 29 	  1.325 	  0.000 	  0.208
17 	 30 	  1.413 	  0.000 	  0.222

18 	 0 	  1.322 	 -0.000 	  0.367
18 	 1 	  1.295 	 -0.000 	  0.359
18 	 2 	  1.215 	 -0.000 	  0.337
18 	 3 	  1.085 	 -0.000 	  0.301
18 	 4 	  0.911 	 -0.000 	  0.253
18 	 5 	  0.699 	 -0.000 	  0.194
18 	 6 	  0.459 	 -0.000 	  0.127
18 	 7 	  0.200 	 -0.000 	  0.056
18 	 8 	 -0.067 	 -0.000 	 -0.019
18 	 9 	 -0.331 	 -0.000 	 -0.092
18 	 10 	 -0.582 	 -0.000 	 -0.162
18 	 11 	 -0.809 	 -0.000 	 -0.225
18 	 12 	 -1.003 	 -0.000 	 -0.278
18 	 13 	 -1.156 	 -0.000 	 -0.321
18 	 14 	 -1.261 	 -0.000 	 -0.350
18 	 15 	 -1.315 	 -0.000 	 -0.365
18 	 16 	 -1.315 	  0.000 	 -0.365
18 	 17 	 -1.261 	  0.000 	 -0.350
18 	 18 	 -1.156 	  0.000 	 -0.321
18 	 19 	 -1.003 	  0.000 	 -0.278
18 	 20 	 -0.809 	  0.000 	 -0.225
18 	 21 	 -0.582 	  0.000 	 -0.162
18 	 22 	 -0.331 	  0.000 	 -0.092
18 	 23 	 -0.067 	  0.000 	 -0.019
18 	 24 	  0.200 	  0.000 	  0.056
18 	 25 	  0.459 	  0.000 	  0.127
18 	 26 	  0.699 	  0.000 	  0.194
18 	 27 	  0.911 	  0.000 	  0.253
18 	 28 	  1.085 	  0.000 	  0.301
18 	 29 	  1.215 	  0.000 	  0.337
18 	 30 	  1.295 	  0.000 	  0.359

19 	 0 	  1.147 	 -0.000 	  0.492
19 	 1 	  1.123 	 -0.000 	  0.482
19 	 2 	  1.054 	 -0.000 	  0.452
19 	 3 	  0.941 	 -0.000 	  0.404
19 	 4 	  0.790 	 -0.000 	  0.339
19 	 5 	  0.607 	 -0.000 	  0.260
19 	 6 	  0.398 	 -0.000 	  0.171
19 	 7 	  0.174 	 -0.000 	  0.075
19 	 8 	 -0.058 	 -0.000 	 -0.025
19 	 9 	 -0.287 	 -0.000 	 -0.123
19 	 10 	 -0.505 	 -0.000 	 -0.217
19 	 11 	 -0.702 	 -0.000 	 -0.301
19 	 12 	 -0.870 	 -0.000 	 -0.374
19 	 13 	 -1.003 	 -0.000 	 -0.430
19 	 14 	 -1.094 	 -0.000 	 -0.470
19 	 15 	 -1.141 	 -0.000 	 -0.490
19 	 16 	 -1.141 	  0.000 	 -0.490
19 	 17 	 -1.094 	  0.000 	 -0.470
19 	 18 	 -1.003 	  0.000 	 -0.430
19 	 19 	 -0.870 	  0.000 	 -0.374
19 	 20 	 -0.702 	  0.000 	 -0.301
19 	 21 	 -0.505 	  0.000 	 -0.217
19 	 22 	 -0.287 	  0.000 	 -0.123
19 	 23 	 -0.058 	  0.000 	 -0.025
19 	 24 	  0.174 	  0.000 	  0.075
19 	 25 	  0.398 	  0.000 	  0.171
19 	 26 	  0.607 	  0.000 	  0.260
19 	 27 	  0.790 	  0.000 	  0.339
19 	 28 	  0.941 	  0.000 	  0.404
19 	 29 	  1.054 	  0.000 	  0.452
19 	 30 	  1.123 	  0.000 	  0.482

20 	 0 	  0.925 	 -0.000 	  0.598
20 	 1 	  0.906 	 -0.000 	  0.585
20 	 2 	  0.850 	 -0.000 	  0.549
20 	 3 	  0.759 	 -0.000 	  0.491
20 	 4 	  0.637 	 -0.000 	  0.412
20 	 5 	  0.489 	 -0.000 	  0.316
20 	 6 	  0.321 	 -0.000 	  0.208
20 	 7 	  0.140 	 -0.000 	  0.091
20 	 8 	 -0.047 	 -0.000 	 -0.030
20 	 9 	 -0.232 	 -0.000 	 -0.150
20 	 10 	 -0.407 	 -0.000 	 -0.263
20 	 11 	 -0.566 	 -0.000 	 -0.366
20 	 12 	 -0.702 	 -0.000 	 -0.453
20 	 13 	 -0.809 	 -0.000 	 -0.523
20 	 14 	 -0.883 	 -0.000 	 -0.570
20 	 15 	 -0.920 	 -0.000 	 -0.595
20 	 16 	 -0.920 	  0.000 	 -0.595
20 	 17 	 -0.883 	  0.000 	 -0.570
20 	 18 	 -0.809 	  0.000 	 -0.523
20 	 19 	 -0.702 	  0.000 	 -0.453
20 	 20 	 -0.566 	  0.000 	 -0.366
20 	 21 	 -0.407 	  0.000 	 -0.263
20 	 22 	 -0.232 	  0.000 	 -0.150
20 	 23 	 -0.047 	  0.000 	 -0.030
20 	 24 	  0.140 	  0.000 	  0.091
20 	 25 	  0.321 	  0.000 	  0.208
20 	 26 	  0.489 	  0.000 	  0.316
20 	 27 	  0.637 	  0.000 	  0.412
20 	 28 	  0.759 	  0.000 	  0.491
20 	 29 	  0.850 	  0.000 	  0.549
20 	 30 	  0.906 	  0.000 	  0.585

21 	 0 	  0.666 	 -0.000 	  0.679
21 	 1 	  0.652 	 -0.000 	  0.665
21 	 2 	  0.612 	 -0.000 	  0.624
21 	 3 	  0.546 	 -0.000 	  0.557
21 	 4 	  0.459 	 -0.000 	  0.467
21 	 5 	  0.352 	 -0.000 	  0.359
21 	 6 	  0.231 	 -0.000 	  0.236
21 	 7 	  0.101 	 -0.000 	  0.103
21 	 8 	 -0.034 	 -0.000 	 -0.034
21 	 9 	 -0.167 	 -0.000 	 -0.170
21 	 10 	 -0.293 	 -0.000 	 -0.299
21 	 11 	 -0.407 	 -0.000 	 -0.415
21 	 12 	 -0.505 	 -0.000 	 -0.515
21 	 13 	 -0.582 	 -0.000 	 -0.593
21 	 14 	 -0.635 	 -0.000 	 -0.647
21 	 15 	 -0.662 	 -0.000 	 -0.675
21 	 16 	 -0.662 	  0.000 	 -0.675
21 	 17 	 -0.635 	  0.000 	 -0.647
21 	 18 	 -0.582 	  0.000 	 -0.593
21 	 19 	 -0.505 	  0.000 	 -0.515
21 	 20 	 -0.407 	  0.000 	 -0.415
21 	 21 	 -0.293 	  0.000 	 -0.299
21 	 22 	 -0.167 	  0.000 	 -0.170
21 	 23 	 -0.034 	  0.000 	 -0.034
21 	 24 	  0.101 	  0.000 	  0.103
21 	 25 	  0.231 	  0.000 	  0.236
21 	 26 	  0.352 	  0.000 	  0.359
21 	 27 	  0.459 	  0.000 	  0.467
21 	 28 	  0.546 	  0.000 	  0.557
21 	 29 	  0.612 	  0.000 	  0.624
21 	 30 	  0.652 	  0.000 	  0.665

22 	 0 	  0.379 	 -0.000 	  0.732
22 	 1 	  0.371 	 -0.000 	  0.717
22 	 2 	  0.348 	 -0.000 	  0.672
22 	 3 	  0.311 	 -0.000 	  0.601
22 	 4 	  0.261 	 -0.000 	  0.504
22 	 5 	  0.200 	 -0.000 	  0.387
22 	 6 	  0.132 	 -0.000 	  0.254
22 	 7 	  0.057 	 -0.000 	  0.111
22 	 8 	 -0.019 	 -0.000 	 -0.037
22 	 9 	 -0.095 	 -0.000 	 -0.183
22 	 10 	 -0.167 	 -0.000 	 -0.322
22 	 11 	 -0.232 	 -0.000 	 -0.448
22 	 12 	 -0.287 	 -0.000 	 -0.555
22 	 13 	 -0.331 	 -0.000 	 -0.640
22 	 14 	 -0.362 	 -0.000 	 -0.698
22 	 15 	 -0.377 	 -0.000 	 -0.728
22 	 16 	 -0.377 	  0.000 	 -0.728
22 	 17 	 -0.362 	  0.000 	 -0.698
22 	 18 	 -0.331 	  0.000 	 -0.640
22 	 19 	 -0.287 	  0.000 	 -0.555
22 	 20 	 -0.232 	  0.000 	 -0.448
22 	 21 	 -0.167 	  0.000 	 -0.322
22 	 22 	 -0.095 	  0.000 	 -0.183
22 	 23 	 -0.019 	  0.000 	 -0.037
22 	 24 	  0.057 	  0.000 	  0.111
22 	 25 	  0.132 	  0.000 	  0.254
22 	 26 	  0.200 	  0.000 	  0.387
22 	 27 	  0.261 	  0.000 	  0.504
22 	 28 	  0.311 	  0.000 	  0.601
22 	 29 	  0.348 	  0.000 	  0.672
22 	 30 	  0.371 	  0.000 	  0.717

23 	 0 	  0.077 	 -0.000 	  0.755
23 	 1 	  0.075 	 -0.000 	  0.739
23 	 2 	  0.070 	 -0.000 	  0.694
23 	 3 	  0.063 	 -0.000 	  0.620
23 	 4 	  0.053 	 -0.000 	  0.520
23 	 5 	  0.040 	 -0.000 	  0.399
23 	 6 	  0.027 	 -0.000 	  0.262
23 	 7 	  0.012 	 -0.000 	  0.114
23 	 8 	 -0.004 	 -0.000 	 -0.038
23 	 9 	 -0.019 	 -0.000 	 -0.189
23 	 10 	 -0.034 	 -0.000 	 -0.332
23 	 11 	 -0.047 	 -0.000 	 -0.462
23 	 12 	 -0.058 	 -0.000 	 -0.573
23 	 13 	 -0.067 	 -0.000 	 -0.660
23 	 14 	 -0.073 	 -0.000 	 -0.720
23 	 15 	 -0.076 	 -0.000 	 -0.751
23 	 16 	 -0.076 	  0.000 	 -0.751
23 	 17 	 -0.073 	  0.000 	 -0.720
23 	 18 	 -0.067 	  0.000 	 -0.660
23 	 19 	 -0.058 	  0.000 	 -0.573
23 	 20 	 -0.047 	  0.000 	 -0.462
23 	 21 	 -0.034 	  0.000 	 -0.332
23 	 22 	 -0.019 	  0.000 	 -0.189
23 	 23 	 -0.004 	  0.000 	 -0.038
23 	 24 	  0.012 	  0.000 	  0.114
23 	 25 	  0.027 	  0.000 	  0.262
23 	 26 	  0.040 	  0.000 	  0.399
23 	 27 	  0.053 	  0.000 	  0.520
23 	 28 	  0.063 	  0.000 	  0.620
23 	 29 	  0.070 	  0.000 	  0.694
23 	 30 	  0.075 	  0.000 	  0.739

24 	 0 	 -0.229 	  0.000 	  0.747
24 	 1 	 -0.224 	  0.000 	  0.732
24 	 2 	 -0.210 	  0.000 	  0.687
24 	 3 	 -0.188 	  0.000 	  0.613
24 	 4 	 -0.158 	  0.000 	  0.515
24 	 5 	 -0.121 	  0.000 	  0.395
24 	 6 	 -0.079 	  0.000 	  0.259
24 	 7 	 -0.035 	  0.000 	  0.113
24 	 8 	  0.012 	  0.000 	 -0.038
24 	 9 	  0.057 	  0.000 	 -0.187
24 	 10 	  0.101 	  0.000 	 -0.329
24 	 11 	  0.140 	  0.000 	 -0.457
24 	 12 	  0.174 	  0.000 	 -0.567
24 	 13 	  0.200 	  0.000 	 -0.653
24 	 14 	  0.218 	  0.000 	 -0.713
24 	 15 	  0.228 	  0.000 	 -0.743
24 	 16 	  0.228 	 -0.000 	 -0.743
24 	 17 	  0.218 	 -0.000 	 -0.713
24 	 18 	  0.200 	 -0.000 	 -0.653
24 	 19 	  0.174 	 -0.000 	 -0.567
24 	 20 	  0.140 	 -0.000 	 -0.457
24 	 21 	  0.101 	 -0.000 	 -0.329
24 	 22 	  0.057 	 -0.000 	 -0.187
24 	 23 	  0.012 	 -0.000 	 -0.038
24 	 24 	 -0.035 	 -0.000 	  0.113
24 	 25 	 -0.079 	 -0.000 	  0.259
24 	 26 	 -0.121 	 -0.000 	  0.395
24 	 27 	 -0.158 	 -0.000 	  0.515
24 	 28 	 -0.188 	 -0.000 	  0.613
24 	 29 	 -0.210 	 -0.000 	  0.687
24 	 30 	 -0.224 	 -0.000 	  0.732

25 	 0 	 -0.525 	  0.000 	  0.709
25 	 1 	 -0.514 	  0.000 	  0.694
25 	 2 	 -0.482 	  0.000 	  0.651
25 	 3 	 -0.431 	  0.000 	  0.582
25 	 4 	 -0.362 	  0.000 	  0.488
25 	 5 	 -0.278 	  0.000 	  0.375
25 	 6 	 -0.182 	  0.000 	  0.246
25 	 7 	 -0.079 	  0.000 	  0.107
25 	 8 	  0.027 	  0.000 	 -0.036
25 	 9 	  0.132 	  0.000 	 -0.178
25 	 10 	  0.231 	  0.000 	 -0.312
25 	 11 	  0.321 	  0.000 	 -0.434
25 	 12 	  0.398 	  0.000 	 -0.538
25 	 13 	  0.459 	  0.000 	 -0.620
25 	 14 	  0.501 	  0.000 	 -0.676
25 	 15 	  0.522 	  0.000 	 -0.705
25 	 16 	  0.522 	 -0.000 	 -0.705
25 	 17 	  0.501 	 -0.000 	 -0.676
25 	 18 	  0.459 	 -0.000 	 -0.620
25 	 19 	  0.398 	 -0.000 	 -0.538
25 	 20 	  0.321 	 -0.000 	 -0.434
25 	 21 	  0.231 	 -0.000 	 -0.312
25 	 22 	  0.132 	 -0.000 	 -0.178
25 	 23 	  0.027 	 -0.000 	 -0.036
25 	 24 	 -0.079 	 -0.000 	  0.107
25 	 25 	 -0.182 	 -0.000 	  0.246
25 	 26 	 -0.278 	 -0.000 	  0.375
25 	 27 	 -0.362 	 -0.000 	  0.488
25 	 28 	 -0.431 	 -0.000 	  0.582
25 	 29 	 -0.482 	 -0.000 	  0.651
25 	 30 	 -0.514 	 -0.000 	  0.694

26 	 0 	 -0.800 	  0.000 	  0.641
26 	 1 	 -0.783 	  0.000 	  0.628
26 	 2 	 -0.735 	  0.000 	  0.589
26 	 3 	 -0.656 	  0.000 	  0.526
26 	 4 	 -0.551 	  0.000 	  0.442
26 	 5 	 -0.423 	  0.000 	  0.339
26 	 6 	 -0.278 	  0.000 	  0.223
26 	 7 	 -0.121 	  0.000 	  0.097
26 	 8 	  0.040 	  0.000 	 -0.032
26 	 9 	  0.200 	  0.000 	 -0.161
26 	 10 	  0.352 	  0.000 	 -0.282
26 	 11 	  0.489 	  0.000 	 -0.393
26 	 12 	  0.607 	  0.000 	 -0.487
26 	 13 	  0.699 	  0.000 	 -0.561
26 	 14 	  0.763 	  0.000 	 -0.612
26 	 15 	  0.795 	  0.000 	 -0.638
26 	 16 	  0.795 	 -0.000 	 -0.638
26 	 17 	  0.763 	 -0.000 	 -0.612
26 	 18 	  0.699 	 -0.000 	 -0.561
26 	 19 	  0.607 	 -0.000 	 -0.487
26 	 20 	  0.489 	 -0.000 	 -0.393
26 	 21 	  0.352 	 -0.000 	 -0.282
26 	 22 	  0.200 	 -0.000 	 -0.161
26 	 23 	  0.040 	 -0.000 	 -0.032
26 	 24 	 -0.121 	 -0.000 	  0.097
26 	 25 	 -0.278 	 -0.000 	  0.223
26 	 26 	 -0.423 	 -0.000 	  0.339
26 	 27 	 -0.551 	 -0.000 	  0.442
26 	 28 	 -0.656 	 -0.000 	  0.526
26 	 29 	 -0.735 	 -0.000 	  0.589
26 	 30 	 -0.783 	 -0.000 	  0.628

27 	 0 	 -1.041 	  0.000 	  0.548
27 	 1 	 -1.020 	  0.000 	  0.537
27 	 2 	 -0.957 	  0.000 	  0.503
27 	 3 	 -0.855 	  0.000 	  0.450
27 	 4 	 -0.718 	  0.000 	  0.377
27 	 5 	 -0.551 	  0.000 	  0.290
27 	 6 	 -0.362 	  0.000 	  0.190
27 	 7 	 -0.158 	  0.000 	  0.083
27 	 8 	  0.053 	  0.000 	 -0.028
27 	 9 	  0.261 	  0.000 	 -0.137
27 	 10 	  0.459 	  0.000 	 -0.241
27 	 11 	  0.637 	  0.000 	 -0.335
27 	 12 	  0.790 	  0.000 	 -0.416
27 	 13 	  0.911 	  0.000 	 -0.479
27 	 14 	  0.994 	  0.000 	 -0.523
27 	 15 	  1.036 	  0.000 	 -0.545
27 	 16 	  1.036 	 -0.000 	 -0.545
27 	 17 	  0.994 	 -0.000 	 -0.523
27 	 18 	  0.911 	 -0.000 	 -0.479
27 	 19 	  0.790 	 -0.000 	 -0.416
27 	 20 	  0.637 	 -0.000 	 -0.335
27 	 21 	  0.459 	 -0.000 	 -0.241
27 	 22 	  0.261 	 -0.000 	 -0.137
27 	 23 	  0.053 	 -0.000 	 -0.028
27 	 24 	 -0.158 	 -0.000 	  0.083
27 	 25 	 -0.362 	 -0.000 	  0.190
27 	 26 	 -0.551 	 -0.000 	  0.290
27 	 27 	 -0.718 	 -0.000 	  0.377
27 	 28 	 -0.855 	 -0.000 	  0.450
27 	 29 	 -0.957 	 -0.000 	  0.503
27 	 30 	 -1.020 	 -0.000 	  0.537

28 	 0 	 -1.241 	  0.000 	  0.432
28 	 1 	 -1.215 	  0.000 	  0.423
28 	 2 	 -1.140 	  0.000 	  0.397
28 	 3 	 -1.018 	  0.000 	  0.354
28 	 4 	 -0.855 	  0.000 	  0.297
28 	 5 	 -0.656 	  0.000 	  0.228
28 	 6 	 -0.431 	  0.000 	  0.150
28 	 7 	 -0.188 	  0.000 	  0.065
28 	 8 	  0.063 	  0.000 	 -0.022
28 	 9 	  0.311 	  0.000 	 -0.108
28 	 10 	  0.546 	  0.000 	 -0.190
28 	 11 	  0.759 	  0.000 	 -0.264
28 	 12 	  0.941 	  0.000 	 -0.328
28 	 13 	  1.085 	  0.000 	 -0.378
28 	 14 	  1.184 	  0.000 	 -0.412
28 	 15 	  1.234 	  0.000 	 -0.430
28 	 16 	  1.234 	 -0.000 	 -0.430
28 	 17 	  1.184 	 -0.000 	 -0.412
28 	 18 	  1.085 	 -0.000 	 -0.378
28 	 19 	  0.941 	 -0.000 	 -0.328
28 	 20 	  0.759 	 -0.000 	 -0.264
28 	 21 	  0.546 	 -0.000 	 -0.190
28 	 22 	  0.311 	 -0.000 	 -0.108
28 	 23 	  0.063 	 -0.000 	 -0.022
28 	 24 	 -0.188 	 -0.000 	  0.065
28 	 25 	 -0.431 	 -0.000 	  0.150
28 	 26 	 -0.656 	 -0.000 	  0.228
28 	 27 	 -0.855 	 -0.000 	  0.297
28 	 28 	 -1.018 	 -0.000 	  0.354
28 	 29 	 -1.140 	 -0.000 	  0.397
28 	 30 	 -1.215 	 -0.000 	  0.423

29 	 0 	 -1.389 	  0.000 	  0.298
29 	 1 	 -1.361 	  0.000 	  0.292
29 	 2 	 -1.276 	  0.000 	  0.274
29 	 3 	 -1.140 	  0.000 	  0.245
29 	 4 	 -0.957 	  0.000 	  0.205
29 	 5 	 -0.735 	  0.000 	  0.158
29 	 6 	 -0.482 	  0.000 	  0.104
29 	 7 	 -0.210 	  0.000 	  0.045
29 	 8 	  0.070 	  0.000 	 -0.015
29 	 9 	  0.348 	  0.000 	 -0.075
29 	 10 	  0.612 	  0.000 	 -0.131
29 	 11 	  0.850 	  0.000 	 -0.182
29 	 12 	  1.054 	  0.000 	 -0.226
29 	 13 	  1.215 	  0.000 	 -0.261
29 	 14 	  1.325 	  0.000 	 -0.284
29 	 15 	  1.382 	  0.000 	 -0.297
29 	 16 	  1.382 	 -0.000 	 -0.297
29 	 17 	  1.325 	 -0.000 	 -0.284
29 	 18 	  1.215 	 -0.000 	 -0.261
29 	 19 	  1.054 	 -0.000 	 -0.226
29 	 20 	  0.850 	 -0.000 	 -0.182
29 	 21 	  0.612 	 -0.000 	 -0.131
29 	 22 	  0.348 	 -0.000 	 -0.075
29 	 23 	  0.070 	 -0.000 	 -0.015
29 	 24 	 -0.210 	 -0.000 	  0.045
29 	 25 	 -0.482 	 -0.000 	  0.104
29 	 26 	 -0.735 	 -0.000 	  0.158
29 	 27 	 -0.957 	 -0.000 	  0.205
29 	 28 	 -1.140 	 -0.000 	  0.245
29 	 29 	 -1.276 	 -0.000 	  0.274
29 	 30 	 -1.361 	 -0.000 	  0.292

30 	 0 	 -1.481 	  0.000 	  0.152
30 	 1 	 -1.450 	  0.000 	  0.149
30 	 2 	 -1.361 	  0.000 	  0.140
30 	 3 	 -1.215 	  0.000 	  0.125
30 	 4 	 -1.020 	  0.000 	  0.105
30 	 5 	 -0.783 	  0.000 	  0.080
30 	 6 	 -0.514 	  0.000 	  0.053
30 	 7 	 -0.224 	  0.000 	  0.023
30 	 8 	  0.075 	  0.000 	 -0.008
30 	 9 	  0.371 	  0.000 	 -0.038
30 	 10 	  0.652 	  0.000 	 -0.067
30 	 11 	  0.906 	  0.000 	 -0.093
30 	 12 	  1.123 	  0.000 	 -0.115
30 	 13 	  1.295 	  0.000 	 -0.133
30 	 14 	  1.413 	  0.000 	 -0.145
30 	 15 	  1.473 	  0.000 	 -0.151
30 	 16 	  1.473 	 -0.000 	 -0.151
30 	 17 	  1.413 	 -0.000 	 -0.145
30 	 18 	  1.295 	 -0.000 	 -0.133
30 	 19 	  1.123 	 -0.000 	 -0.115
30 	 20 	  0.906 	 -0.000 	 -0.093
30 	 21 	  0.652 	 -0.000 	 -0.067
30 	 22 	  0.371 	 -0.000 	 -0.038
30 	 23 	  0.075 	 -0.000 	 -0.008
30 	 24 	 -0.224 	 -0.000 	  0.023
30 	 25 	 -0.514 	 -0.000 	  0.053
30 	 26 	 -0.783 	 -0.000 	  0.080
30 	 27 	 -1.020 	 -0.000 	  0.105
30 	 28 	 -1.215 	 -0.000 	  0.125
30 	 29 	 -1.361 	 -0.000 	  0.140
30 	 30 	 -1.450 	 -0.000 	  0.149

