0 	 0 	 -0.602 	  0.000 	 -0.000
0 	 1 	 -0.590 	  0.000 	 -0.000
0 	 2 	 -0.554 	  0.000 	 -0.000
0 	 3 	 -0.494 	  0.000 	 -0.000
0 	 4 	 -0.415 	  0.000 	 -0.000
0 	 5 	 -0.319 	  0.000 	 -0.000
0 	 6 	 -0.209 	  0.000 	 -0.000
0 	 7 	 -0.091 	  0.000 	 -0.000
0 	 8 	  0.031 	  0.000 	  0.000
0 	 9 	  0.151 	  0.000 	  0.000
0 	 10 	  0.265 	  0.000 	  0.000
0 	 11 	  0.369 	  0.000 	  0.000
0 	 12 	  0.457 	  0.000 	  0.000
0 	 13 	  0.527 	  0.000 	  0.000
0 	 14 	  0.575 	  0.000 	  0.000
0 	 15 	  0.599 	  0.000 	  0.000
0 	 16 	  0.599 	 -0.000 	  0.000
0 	 17 	  0.575 	 -0.000 	  0.000
0 	 18 	  0.527 	 -0.000 	  0.000
0 	 19 	  0.457 	 -0.000 	  0.000
0 	 20 	  0.369 	 -0.000 	  0.000
0 	 21 	  0.265 	 -0.000 	  0.000
0 	 22 	  0.151 	 -0.000 	  0.000
0 	 23 	  0.031 	 -0.000 	  0.000
0 	 24 	 -0.091 	 -0.000 	 -0.000
0 	 25 	 -0.209 	 -0.000 	 -0.000
0 	 26 	 -0.319 	 -0.000 	 -0.000
0 	 27 	 -0.415 	 -0.000 	 -0.000
0 	 28 	 -0.494 	 -0.000 	 -0.000
0 	 29 	 -0.554 	 -0.000 	 -0.000
0 	 30 	 -0.590 	 -0.000 	 -0.000

1 	 0 	 -0.590 	  0.000 	 -0.061
1 	 1 	 -0.578 	  0.000 	 -0.059
1 	 2 	 -0.542 	  0.000 	 -0.056
1 	 3 	 -0.484 	  0.000 	 -0.050
1 	 4 	 -0.407 	  0.000 	 -0.042
1 	 5 	 -0.312 	  0.000 	 -0.032
1 	 6 	 -0.205 	  0.000 	 -0.021
1 	 7 	 -0.089 	  0.000 	 -0.009
1 	 8 	  0.030 	  0.000 	  0.003
1 	 9 	  0.148 	  0.000 	  0.015
1 	 10 	  0.260 	  0.000 	  0.027
1 	 11 	  0.361 	  0.000 	  0.037
1 	 12 	  0.448 	  0.000 	  0.046
1 	 13 	  0.516 	  0.000 	  0.053
1 	 14 	  0.563 	  0.000 	  0.058
1 	 15 	  0.587 	  0.000 	  0.060
1 	 16 	  0.587 	 -0.000 	  0.060
1 	 17 	  0.563 	 -0.000 	  0.058
1 	 18 	  0.516 	 -0.000 	  0.053
1 	 19 	  0.448 	 -0.000 	  0.046
1 	 20 	  0.361 	 -0.000 	  0.037
1 	 21 	  0.260 	 -0.000 	  0.027
1 	 22 	  0.148 	 -0.000 	  0.015
1 	 23 	  0.030 	 -0.000 	  0.003
1 	 24 	 -0.089 	 -0.000 	 -0.009
1 	 25 	 -0.205 	 -0.000 	 -0.021
1 	 26 	 -0.312 	 -0.000 	 -0.032
1 	 27 	 -0.407 	 -0.000 	 -0.042
1 	 28 	 -0.484 	 -0.000 	 -0.050
1 	 29 	 -0.542 	 -0.000 	 -0.056
1 	 30 	 -0.578 	 -0.000 	 -0.059

2 	 0 	 -0.554 	  0.000 	 -0.119
2 	 1 	 -0.542 	  0.000 	 -0.116
2 	 2 	 -0.509 	  0.000 	 -0.109
2 	 3 	 -0.454 	  0.000 	 -0.097
2 	 4 	 -0.381 	  0.000 	 -0.082
2 	 5 	 -0.293 	  0.000 	 -0.063
2 	 6 	 -0.192 	  0.000 	 -0.041
2 	 7 	 -0.084 	  0.000 	 -0.018
2 	 8 	  0.028 	  0.000 	  0.006
2 	 9 	  0.139 	  0.000 	  0.030
2 	 10 	  0.244 	  0.000 	  0.052
2 	 11 	  0.339 	  0.000 	  0.073
2 	 12 	  0.420 	  0.000 	  0.090
2 	 13 	  0.484 	  0.000 	  0.104
2 	 14 	  0.528 	  0.000 	  0.113
2 	 15 	  0.551 	  0.000 	  0.118
2 	 16 	  0.551 	 -0.000 	  0.118
2 	 17 	  0.528 	 -0.000 	  0.113
2 	 18 	  0.484 	 -0.000 	  0.104
2 	 19 	  0.420 	 -0.000 	  0.090
2 	 20 	  0.339 	 -0.000 	  0.073
2 	 21 	  0.244 	 -0.000 	  0.052
2 	 22 	  0.139 	 -0.000 	  0.030
2 	 23 	  0.028 	 -0.000 	  0.006
2 	 24 	 -0.084 	 -0.000 	 -0.018
2 	 25 	 -0.192 	 -0.000 	 -0.041
2 	 26 	 -0.293 	 -0.000 	 -0.063
2 	 27 	 -0.381 	 -0.000 	 -0.082
2 	 28 	 -0.454 	 -0.000 	 -0.097
2 	 29 	 -0.509 	 -0.000 	 -0.109
2 	 30 	 -0.542 	 -0.000 	 -0.116

3 	 0 	 -0.494 	  0.000 	 -0.172
3 	 1 	 -0.484 	  0.000 	 -0.169
3 	 2 	 -0.454 	  0.000 	 -0.158
3 	 3 	 -0.406 	  0.000 	 -0.141
3 	 4 	 -0.341 	  0.000 	 -0.119
3 	 5 	 -0.262 	  0.000 	 -0.091
3 	 6 	 -0.172 	  0.000 	 -0.060
3 	 7 	 -0.075 	  0.000 	 -0.026
3 	 8 	  0.025 	  0.000 	  0.009
3 	 9 	  0.124 	  0.000 	  0.043
3 	 10 	  0.218 	  0.000 	  0.076
3 	 11 	  0.303 	  0.000 	  0.105
3 	 12 	  0.375 	  0.000 	  0.131
3 	 13 	  0.432 	  0.000 	  0.150
3 	 14 	  0.472 	  0.000 	  0.164
3 	 15 	  0.492 	  0.000 	  0.171
3 	 16 	  0.492 	 -0.000 	  0.171
3 	 17 	  0.472 	 -0.000 	  0.164
3 	 18 	  0.432 	 -0.000 	  0.150
3 	 19 	  0.375 	 -0.000 	  0.131
3 	 20 	  0.303 	 -0.000 	  0.105
3 	 21 	  0.218 	 -0.000 	  0.076
3 	 22 	  0.124 	 -0.000 	  0.043
3 	 23 	  0.025 	 -0.000 	  0.009
3 	 24 	 -0.075 	 -0.000 	 -0.026
3 	 25 	 -0.172 	 -0.000 	 -0.060
3 	 26 	 -0.262 	 -0.000 	 -0.091
3 	 27 	 -0.341 	 -0.000 	 -0.119
3 	 28 	 -0.406 	 -0.000 	 -0.141
3 	 29 	 -0.454 	 -0.000 	 -0.158
3 	 30 	 -0.484 	 -0.000 	 -0.169

4 	 0 	 -0.415 	  0.000 	 -0.218
4 	 1 	 -0.407 	  0.000 	 -0.214
4 	 2 	 -0.381 	  0.000 	 -0.201
4 	 3 	 -0.341 	  0.000 	 -0.179
4 	 4 	 -0.286 	  0.000 	 -0.150
4 	 5 	 -0.220 	  0.000 	 -0.115
4 	 6 	 -0.144 	  0.000 	 -0.076
4 	 7 	 -0.063 	  0.000 	 -0.033
4 	 8 	  0.021 	  0.000 	  0.011
4 	 9 	  0.104 	  0.000 	  0.055
4 	 10 	  0.183 	  0.000 	  0.096
4 	 11 	  0.254 	  0.000 	  0.134
4 	 12 	  0.315 	  0.000 	  0.166
4 	 13 	  0.363 	  0.000 	  0.191
4 	 14 	  0.396 	  0.000 	  0.208
4 	 15 	  0.413 	  0.000 	  0.217
4 	 16 	  0.413 	 -0.000 	  0.217
4 	 17 	  0.396 	 -0.000 	  0.208
4 	 18 	  0.363 	 -0.000 	  0.191
4 	 19 	  0.315 	 -0.000 	  0.166
4 	 20 	  0.254 	 -0.000 	  0.134
4 	 21 	  0.183 	 -0.000 	  0.096
4 	 22 	  0.104 	 -0.000 	  0.055
4 	 23 	  0.021 	 -0.000 	  0.011
4 	 24 	 -0.063 	 -0.000 	 -0.033
4 	 25 	 -0.144 	 -0.000 	 -0.076
4 	 26 	 -0.220 	 -0.000 	 -0.115
4 	 27 	 -0.286 	 -0.000 	 -0.150
4 	 28 	 -0.341 	 -0.000 	 -0.179
4 	 29 	 -0.381 	 -0.000 	 -0.201
4 	 30 	 -0.407 	 -0.000 	 -0.214

5 	 0 	 -0.319 	  0.000 	 -0.256
5 	 1 	 -0.312 	  0.000 	 -0.250
5 	 2 	 -0.293 	  0.000 	 -0.235
5 	 3 	 -0.262 	  0.000 	 -0.210
5 	 4 	 -0.220 	  0.000 	 -0.176
5 	 5 	 -0.169 	  0.000 	 -0.135
5 	 6 	 -0.111 	  0.000 	 -0.089
5 	 7 	 -0.048 	  0.000 	 -0.039
5 	 8 	  0.016 	  0.000 	  0.013
5 	 9 	  0.080 	  0.000 	  0.064
5 	 10 	  0.140 	  0.000 	  0.113
5 	 11 	  0.195 	  0.000 	  0.156
5 	 12 	  0.242 	  0.000 	  0.194
5 	 13 	  0.279 	  0.000 	  0.223
5 	 14 	  0.304 	  0.000 	  0.244
5 	 15 	  0.317 	  0.000 	  0.254
5 	 16 	  0.317 	 -0.000 	  0.254
5 	 17 	  0.304 	 -0.000 	  0.244
5 	 18 	  0.279 	 -0.000 	  0.223
5 	 19 	  0.242 	 -0.000 	  0.194
5 	 20 	  0.195 	 -0.000 	  0.156
5 	 21 	  0.140 	 -0.000 	  0.113
5 	 22 	  0.080 	 -0.000 	  0.064
5 	 23 	  0.016 	 -0.000 	  0.013
5 	 24 	 -0.048 	 -0.000 	 -0.039
5 	 25 	 -0.111 	 -0.000 	 -0.089
5 	 26 	 -0.169 	 -0.000 	 -0.135
5 	 27 	 -0.220 	 -0.000 	 -0.176
5 	 28 	 -0.262 	 -0.000 	 -0.210
5 	 29 	 -0.293 	 -0.000 	 -0.235
5 	 30 	 -0.312 	 -0.000 	 -0.250

6 	 0 	 -0.209 	  0.000 	 -0.282
6 	 1 	 -0.205 	  0.000 	 -0.277
6 	 2 	 -0.192 	  0.000 	 -0.260
6 	 3 	 -0.172 	  0.000 	 -0.232
6 	 4 	 -0.144 	  0.000 	 -0.195
6 	 5 	 -0.111 	  0.000 	 -0.149
6 	 6 	 -0.073 	  0.000 	 -0.098
6 	 7 	 -0.032 	  0.000 	 -0.043
6 	 8 	  0.011 	  0.000 	  0.014
6 	 9 	  0.052 	  0.000 	  0.071
6 	 10 	  0.092 	  0.000 	  0.124
6 	 11 	  0.128 	  0.000 	  0.173
6 	 12 	  0.159 	  0.000 	  0.214
6 	 13 	  0.183 	  0.000 	  0.247
6 	 14 	  0.200 	  0.000 	  0.269
6 	 15 	  0.208 	  0.000 	  0.281
6 	 16 	  0.208 	 -0.000 	  0.281
6 	 17 	  0.200 	 -0.000 	  0.269
6 	 18 	  0.183 	 -0.000 	  0.247
6 	 19 	  0.159 	 -0.000 	  0.214
6 	 20 	  0.128 	 -0.000 	  0.173
6 	 21 	  0.092 	 -0.000 	  0.124
6 	 22 	  0.052 	 -0.000 	  0.071
6 	 23 	  0.011 	 -0.000 	  0.014
6 	 24 	 -0.032 	 -0.000 	 -0.043
6 	 25 	 -0.073 	 -0.000 	 -0.098
6 	 26 	 -0.111 	 -0.000 	 -0.149
6 	 27 	 -0.144 	 -0.000 	 -0.195
6 	 28 	 -0.172 	 -0.000 	 -0.232
6 	 29 	 -0.192 	 -0.000 	 -0.260
6 	 30 	 -0.205 	 -0.000 	 -0.277

7 	 0 	 -0.091 	  0.000 	 -0.298
7 	 1 	 -0.089 	  0.000 	 -0.292
7 	 2 	 -0.084 	  0.000 	 -0.274
7 	 3 	 -0.075 	  0.000 	 -0.244
7 	 4 	 -0.063 	  0.000 	 -0.205
7 	 5 	 -0.048 	  0.000 	 -0.157
7 	 6 	 -0.032 	  0.000 	 -0.103
7 	 7 	 -0.014 	  0.000 	 -0.045
7 	 8 	  0.005 	  0.000 	  0.015
7 	 9 	  0.023 	  0.000 	  0.075
7 	 10 	  0.040 	  0.000 	  0.131
7 	 11 	  0.056 	  0.000 	  0.182
7 	 12 	  0.069 	  0.000 	  0.226
7 	 13 	  0.080 	  0.000 	  0.260
7 	 14 	  0.087 	  0.000 	  0.284
7 	 15 	  0.091 	  0.000 	  0.296
7 	 16 	  0.091 	 -0.000 	  0.296
7 	 17 	  0.087 	 -0.000 	  0.284
7 	 18 	  0.080 	 -0.000 	  0.260
7 	 19 	  0.069 	 -0.000 	  0.226
7 	 20 	  0.056 	 -0.000 	  0.182
7 	 21 	  0.040 	 -0.000 	  0.131
7 	 22 	  0.023 	 -0.000 	  0.075
7 	 23 	  0.005 	 -0.000 	  0.015
7 	 24 	 -0.014 	 -0.000 	 -0.045
7 	 25 	 -0.032 	 -0.000 	 -0.103
7 	 26 	 -0.048 	 -0.000 	 -0.157
7 	 27 	 -0.063 	 -0.000 	 -0.205
7 	 28 	 -0.075 	 -0.000 	 -0.244
7 	 29 	 -0.084 	 -0.000 	 -0.274
7 	 30 	 -0.089 	 -0.000 	 -0.292

8 	 0 	  0.031 	 -0.000 	 -0.301
8 	 1 	  0.030 	 -0.000 	 -0.295
8 	 2 	  0.028 	 -0.000 	 -0.276
8 	 3 	  0.025 	 -0.000 	 -0.247
8 	 4 	  0.021 	 -0.000 	 -0.207
8 	 5 	  0.016 	 -0.000 	 -0.159
8 	 6 	  0.011 	 -0.000 	 -0.104
8 	 7 	  0.005 	 -0.000 	 -0.046
8 	 8 	 -0.002 	 -0.000 	  0.015
8 	 9 	 -0.008 	 -0.000 	  0.075
8 	 10 	 -0.013 	 -0.000 	  0.132
8 	 11 	 -0.019 	 -0.000 	  0.184
8 	 12 	 -0.023 	 -0.000 	  0.228
8 	 13 	 -0.027 	 -0.000 	  0.263
8 	 14 	 -0.029 	 -0.000 	  0.287
8 	 15 	 -0.030 	 -0.000 	  0.299
8 	 16 	 -0.030 	  0.000 	  0.299
8 	 17 	 -0.029 	  0.000 	  0.287
8 	 18 	 -0.027 	  0.000 	  0.263
8 	 19 	 -0.023 	  0.000 	  0.228
8 	 20 	 -0.019 	  0.000 	  0.184
8 	 21 	 -0.013 	  0.000 	  0.132
8 	 22 	 -0.008 	  0.000 	  0.075
8 	 23 	 -0.002 	  0.000 	  0.015
8 	 24 	  0.005 	  0.000 	 -0.046
8 	 25 	  0.011 	  0.000 	 -0.104
8 	 26 	  0.016 	  0.000 	 -0.159
8 	 27 	  0.021 	  0.000 	 -0.207
8 	 28 	  0.025 	  0.000 	 -0.247
8 	 29 	  0.028 	  0.000 	 -0.276
8 	 30 	  0.030 	  0.000 	 -0.295

9 	 0 	  0.151 	 -0.000 	 -0.292
9 	 1 	  0.148 	 -0.000 	 -0.286
9 	 2 	  0.139 	 -0.000 	 -0.268
9 	 3 	  0.124 	 -0.000 	 -0.239
9 	 4 	  0.104 	 -0.000 	 -0.201
9 	 5 	  0.080 	 -0.000 	 -0.154
9 	 6 	  0.052 	 -0.000 	 -0.101
9 	 7 	  0.023 	 -0.000 	 -0.044
9 	 8 	 -0.008 	 -0.000 	  0.015
9 	 9 	 -0.038 	 -0.000 	  0.073
9 	 10 	 -0.066 	 -0.000 	  0.128
9 	 11 	 -0.092 	 -0.000 	  0.178
9 	 12 	 -0.115 	 -0.000 	  0.221
9 	 13 	 -0.132 	 -0.000 	  0.255
9 	 14 	 -0.144 	 -0.000 	  0.278
9 	 15 	 -0.150 	 -0.000 	  0.290
9 	 16 	 -0.150 	  0.000 	  0.290
9 	 17 	 -0.144 	  0.000 	  0.278
9 	 18 	 -0.132 	  0.000 	  0.255
9 	 19 	 -0.115 	  0.000 	  0.221
9 	 20 	 -0.092 	  0.000 	  0.178
9 	 21 	 -0.066 	  0.000 	  0.128
9 	 22 	 -0.038 	  0.000 	  0.073
9 	 23 	 -0.008 	  0.000 	  0.015
9 	 24 	  0.023 	  0.000 	 -0.044
9 	 25 	  0.052 	  0.000 	 -0.101
9 	 26 	  0.080 	  0.000 	 -0.154
9 	 27 	  0.104 	  0.000 	 -0.201
9 	 28 	  0.124 	  0.000 	 -0.239
9 	 29 	  0.139 	  0.000 	 -0.268
9 	 30 	  0.148 	  0.000 	 -0.286

10 	 0 	  0.265 	 -0.000 	 -0.270
10 	 1 	  0.260 	 -0.000 	 -0.265
10 	 2 	  0.244 	 -0.000 	 -0.248
10 	 3 	  0.218 	 -0.000 	 -0.222
10 	 4 	  0.183 	 -0.000 	 -0.186
10 	 5 	  0.140 	 -0.000 	 -0.143
10 	 6 	  0.092 	 -0.000 	 -0.094
10 	 7 	  0.040 	 -0.000 	 -0.041
10 	 8 	 -0.013 	 -0.000 	  0.014
10 	 9 	 -0.066 	 -0.000 	  0.068
10 	 10 	 -0.117 	 -0.000 	  0.119
10 	 11 	 -0.162 	 -0.000 	  0.166
10 	 12 	 -0.201 	 -0.000 	  0.205
10 	 13 	 -0.232 	 -0.000 	  0.236
10 	 14 	 -0.253 	 -0.000 	  0.258
10 	 15 	 -0.264 	 -0.000 	  0.269
10 	 16 	 -0.264 	  0.000 	  0.269
10 	 17 	 -0.253 	  0.000 	  0.258
10 	 18 	 -0.232 	  0.000 	  0.236
10 	 19 	 -0.201 	  0.000 	  0.205
10 	 20 	 -0.162 	  0.000 	  0.166
10 	 21 	 -0.117 	  0.000 	  0.119
10 	 22 	 -0.066 	  0.000 	  0.068
10 	 23 	 -0.013 	  0.000 	  0.014
10 	 24 	  0.040 	  0.000 	 -0.041
10 	 25 	  0.092 	  0.000 	 -0.094
10 	 26 	  0.140 	  0.000 	 -0.143
10 	 27 	  0.183 	  0.000 	 -0.186
10 	 28 	  0.218 	  0.000 	 -0.222
10 	 29 	  0.244 	  0.000 	 -0.248
10 	 30 	  0.260 	  0.000 	 -0.265

11 	 0 	  0.369 	 -0.000 	 -0.238
11 	 1 	  0.361 	 -0.000 	 -0.233
11 	 2 	  0.339 	 -0.000 	 -0.219
11 	 3 	  0.303 	 -0.000 	 -0.195
11 	 4 	  0.254 	 -0.000 	 -0.164
11 	 5 	  0.195 	 -0.000 	 -0.126
11 	 6 	  0.128 	 -0.000 	 -0.083
11 	 7 	  0.056 	 -0.000 	 -0.036
11 	 8 	 -0.019 	 -0.000 	  0.012
11 	 9 	 -0.092 	 -0.000 	  0.060
11 	 10 	 -0.162 	 -0.000 	  0.105
11 	 11 	 -0.226 	 -0.000 	  0.146
11 	 12 	 -0.280 	 -0.000 	  0.181
11 	 13 	 -0.322 	 -0.000 	  0.208
11 	 14 	 -0.352 	 -0.000 	  0.227
11 	 15 	 -0.367 	 -0.000 	  0.237
11 	 16 	 -0.367 	  0.000 	  0.237
11 	 17 	 -0.352 	  0.000 	  0.227
11 	 18 	 -0.322 	  0.000 	  0.208
11 	 19 	 -0.280 	  0.000 	  0.181
11 	 20 	 -0.226 	  0.000 	  0.146
11 	 21 	 -0.162 	  0.000 	  0.105
11 	 22 	 -0.092 	  0.000 	  0.060
11 	 23 	 -0.019 	  0.000 	  0.012
11 	 24 	  0.056 	  0.000 	 -0.036
11 	 25 	  0.128 	  0.000 	 -0.083
11 	 26 	  0.195 	  0.000 	 -0.126
11 	 27 	  0.254 	  0.000 	 -0.164
11 	 28 	  0.303 	  0.000 	 -0.195
11 	 29 	  0.339 	  0.000 	 -0.219
11 	 30 	  0.361 	  0.000 	 -0.233

12 	 0 	  0.457 	 -0.000 	 -0.196
12 	 1 	  0.448 	 -0.000 	 -0.192
12 	 2 	  0.420 	 -0.000 	 -0.180
12 	 3 	  0.375 	 -0.000 	 -0.161
12 	 4 	  0.315 	 -0.000 	 -0.135
12 	 5 	  0.242 	 -0.000 	 -0.104
12 	 6 	  0.159 	 -0.000 	 -0.068
12 	 7 	  0.069 	 -0.000 	 -0.030
12 	 8 	 -0.023 	 -0.000 	  0.010
12 	 9 	 -0.115 	 -0.000 	  0.049
12 	 10 	 -0.201 	 -0.000 	  0.086
12 	 11 	 -0.280 	 -0.000 	  0.120
12 	 12 	 -0.347 	 -0.000 	  0.149
12 	 13 	 -0.400 	 -0.000 	  0.172
12 	 14 	 -0.436 	 -0.000 	  0.187
12 	 15 	 -0.455 	 -0.000 	  0.195
12 	 16 	 -0.455 	  0.000 	  0.195
12 	 17 	 -0.436 	  0.000 	  0.187
12 	 18 	 -0.400 	  0.000 	  0.172
12 	 19 	 -0.347 	  0.000 	  0.149
12 	 20 	 -0.280 	  0.000 	  0.120
12 	 21 	 -0.201 	  0.000 	  0.086
12 	 22 	 -0.115 	  0.000 	  0.049
12 	 23 	 -0.023 	  0.000 	  0.010
12 	 24 	  0.069 	  0.000 	 -0.030
12 	 25 	  0.159 	  0.000 	 -0.068
12 	 26 	  0.242 	  0.000 	 -0.104
12 	 27 	  0.315 	  0.000 	 -0.135
12 	 28 	  0.375 	  0.000 	 -0.161
12 	 29 	  0.420 	  0.000 	 -0.180
12 	 30 	  0.448 	  0.000 	 -0.192

13 	 0 	  0.527 	 -0.000 	 -0.146
13 	 1 	  0.516 	 -0.000 	 -0.143
13 	 2 	  0.484 	 -0.000 	 -0.134
13 	 3 	  0.432 	 -0.000 	 -0.120
13 	 4 	  0.363 	 -0.000 	 -0.101
13 	 5 	  0.279 	 -0.000 	 -0.077
13 	 6 	  0.183 	 -0.000 	 -0.051
13 	 7 	  0.080 	 -0.000 	 -0.022
13 	 8 	 -0.027 	 -0.000 	  0.007
13 	 9 	 -0.132 	 -0.000 	  0.037
13 	 10 	 -0.232 	 -0.000 	  0.064
13 	 11 	 -0.322 	 -0.000 	  0.089
13 	 12 	 -0.400 	 -0.000 	  0.111
13 	 13 	 -0.461 	 -0.000 	  0.128
13 	 14 	 -0.503 	 -0.000 	  0.139
13 	 15 	 -0.524 	 -0.000 	  0.145
13 	 16 	 -0.524 	  0.000 	  0.145
13 	 17 	 -0.503 	  0.000 	  0.139
13 	 18 	 -0.461 	  0.000 	  0.128
13 	 19 	 -0.400 	  0.000 	  0.111
13 	 20 	 -0.322 	  0.000 	  0.089
13 	 21 	 -0.232 	  0.000 	  0.064
13 	 22 	 -0.132 	  0.000 	  0.037
13 	 23 	 -0.027 	  0.000 	  0.007
13 	 24 	  0.080 	  0.000 	 -0.022
13 	 25 	  0.183 	  0.000 	 -0.051
13 	 26 	  0.279 	  0.000 	 -0.077
13 	 27 	  0.363 	  0.000 	 -0.101
13 	 28 	  0.432 	  0.000 	 -0.120
13 	 29 	  0.484 	  0.000 	 -0.134
13 	 30 	  0.516 	  0.000 	 -0.143

14 	 0 	  0.575 	 -0.000 	 -0.090
14 	 1 	  0.563 	 -0.000 	 -0.088
14 	 2 	  0.528 	 -0.000 	 -0.083
14 	 3 	  0.472 	 -0.000 	 -0.074
14 	 4 	  0.396 	 -0.000 	 -0.062
14 	 5 	  0.304 	 -0.000 	 -0.048
14 	 6 	  0.200 	 -0.000 	 -0.031
14 	 7 	  0.087 	 -0.000 	 -0.014
14 	 8 	 -0.029 	 -0.000 	  0.005
14 	 9 	 -0.144 	 -0.000 	  0.023
14 	 10 	 -0.253 	 -0.000 	  0.040
14 	 11 	 -0.352 	 -0.000 	  0.055
14 	 12 	 -0.436 	 -0.000 	  0.068
14 	 13 	 -0.503 	 -0.000 	  0.079
14 	 14 	 -0.548 	 -0.000 	  0.086
14 	 15 	 -0.572 	 -0.000 	  0.090
14 	 16 	 -0.572 	  0.000 	  0.090
14 	 17 	 -0.548 	  0.000 	  0.086
14 	 18 	 -0.503 	  0.000 	  0.079
14 	 19 	 -0.436 	  0.000 	  0.068
14 	 20 	 -0.352 	  0.000 	  0.055
14 	 21 	 -0.253 	  0.000 	  0.040
14 	 22 	 -0.144 	  0.000 	  0.023
14 	 23 	 -0.029 	  0.000 	  0.005
14 	 24 	  0.087 	  0.000 	 -0.014
14 	 25 	  0.200 	  0.000 	 -0.031
14 	 26 	  0.304 	  0.000 	 -0.048
14 	 27 	  0.396 	  0.000 	 -0.062
14 	 28 	  0.472 	  0.000 	 -0.074
14 	 29 	  0.528 	  0.000 	 -0.083
14 	 30 	  0.563 	  0.000 	 -0.088

15 	 0 	  0.599 	 -0.000 	 -0.030
15 	 1 	  0.587 	 -0.000 	 -0.030
15 	 2 	  0.551 	 -0.000 	 -0.028
15 	 3 	  0.492 	 -0.000 	 -0.025
15 	 4 	  0.413 	 -0.000 	 -0.021
15 	 5 	  0.317 	 -0.000 	 -0.016
15 	 6 	  0.208 	 -0.000 	 -0.011
15 	 7 	  0.091 	 -0.000 	 -0.005
15 	 8 	 -0.030 	 -0.000 	  0.002
15 	 9 	 -0.150 	 -0.000 	  0.008
15 	 10 	 -0.264 	 -0.000 	  0.013
15 	 11 	 -0.367 	 -0.000 	  0.019
15 	 12 	 -0.455 	 -0.000 	  0.023
15 	 13 	 -0.524 	 -0.000 	  0.027
15 	 14 	 -0.572 	 -0.000 	  0.029
15 	 15 	 -0.596 	 -0.000 	  0.030
15 	 16 	 -0.596 	  0.000 	  0.030
15 	 17 	 -0.572 	  0.000 	  0.029
15 	 18 	 -0.524 	  0.000 	  0.027
15 	 19 	 -0.455 	  0.000 	  0.023
15 	 20 	 -0.367 	  0.000 	  0.019
15 	 21 	 -0.264 	  0.000 	  0.013
15 	 22 	 -0.150 	  0.000 	  0.008
15 	 23 	 -0.030 	  0.000 	  0.002
15 	 24 	  0.091 	  0.000 	 -0.005
15 	 25 	  0.208 	  0.000 	 -0.011
15 	 26 	  0.317 	  0.000 	 -0.016
15 	 27 	  0.413 	  0.000 	 -0.021
15 	 28 	  0.492 	  0.000 	 -0.025
15 	 29 	  0.551 	  0.000 	 -0.028
15 	 30 	  0.587 	  0.000 	 -0.030

16 	 0 	  0.599 	 -0.000 	  0.030
16 	 1 	  0.587 	 -0.000 	  0.030
16 	 2 	  0.551 	 -0.000 	  0.028
16 	 3 	  0.492 	 -0.000 	  0.025
16 	 4 	  0.413 	 -0.000 	  0.021
16 	 5 	  0.317 	 -0.000 	  0.016
16 	 6 	  0.208 	 -0.000 	  0.011
16 	 7 	  0.091 	 -0.000 	  0.005
16 	 8 	 -0.030 	 -0.000 	 -0.002
16 	 9 	 -0.150 	 -0.000 	 -0.008
16 	 10 	 -0.264 	 -0.000 	 -0.013
16 	 11 	 -0.367 	 -0.000 	 -0.019
16 	 12 	 -0.455 	 -0.000 	 -0.023
16 	 13 	 -0.524 	 -0.000 	 -0.027
16 	 14 	 -0.572 	 -0.000 	 -0.029
16 	 15 	 -0.596 	 -0.000 	 -0.030
16 	 16 	 -0.596 	  0.000 	 -0.030
16 	 17 	 -0.572 	  0.000 	 -0.029
16 	 18 	 -0.524 	  0.000 	 -0.027
16 	 19 	 -0.455 	  0.000 	 -0.023
16 	 20 	 -0.367 	  0.000 	 -0.019
16 	 21 	 -0.264 	  0.000 	 -0.013
16 	 22 	 -0.150 	  0.000 	 -0.008
16 	 23 	 -0.030 	  0.000 	 -0.002
16 	 24 	  0.091 	  0.000 	  0.005
16 	 25 	  0.208 	  0.000 	  0.011
16 	 26 	  0.317 	  0.000 	  0.016
16 	 27 	  0.413 	  0.000 	  0.021
16 	 28 	  0.492 	  0.000 	  0.025
16 	 29 	  0.551 	  0.000 	  0.028
16 	 30 	  0.587 	  0.000 	  0.030

17 	 0 	  0.575 	 -0.000 	  0.090
17 	 1 	  0.563 	 -0.000 	  0.088
17 	 2 	  0.528 	 -0.000 	  0.083
17 	 3 	  0.472 	 -0.000 	  0.074
17 	 4 	  0.396 	 -0.000 	  0.062
17 	 5 	  0.304 	 -0.000 	  0.048
17 	 6 	  0.200 	 -0.000 	  0.031
17 	 7 	  0.087 	 -0.000 	  0.014
17 	 8 	 -0.029 	 -0.000 	 -0.005
17 	 9 	 -0.144 	 -0.000 	 -0.023
17 	 10 	 -0.253 	 -0.000 	 -0.040
17 	 11 	 -0.352 	 -0.000 	 -0.055
17 	 12 	 -0.436 	 -0.000 	 -0.068
17 	 13 	 -0.503 	 -0.000 	 -0.079
17 	 14 	 -0.548 	 -0.000 	 -0.086
17 	 15 	 -0.572 	 -0.000 	 -0.090
17 	 16 	 -0.572 	  0.000 	 -0.090
17 	 17 	 -0.548 	  0.000 	 -0.086
17 	 18 	 -0.503 	  0.000 	 -0.079
17 	 19 	 -0.436 	  0.000 	 -0.068
17 	 20 	 -0.352 	  0.000 	 -0.055
17 	 21 	 -0.253 	  0.000 	 -0.040
17 	 22 	 -0.144 	  0.000 	 -0.023
17 	 23 	 -0.029 	  0.000 	 -0.005
17 	 24 	  0.087 	  0.000 	  0.014
17 	 25 	  0.200 	  0.000 	  0.031
17 	 26 	  0.304 	  0.000 	  0.048
17 	 27 	  0.396 	  0.000 	  0.062
17 	 28 	  0.472 	  0.000 	  0.074
17 	 29 	  0.528 	  0.000 	  0.083
17 	 30 	  0.563 	  0.000 	  0.088

18 	 0 	  0.527 	 -0.000 	  0.146
18 	 1 	  0.516 	 -0.000 	  0.143
18 	 2 	  0.484 	 -0.000 	  0.134
18 	 3 	  0.432 	 -0.000 	  0.120
18 	 4 	  0.363 	 -0.000 	  0.101
18 	 5 	  0.279 	 -0.000 	  0.077
18 	 6 	  0.183 	 -0.000 	  0.051
18 	 7 	  0.080 	 -0.000 	  0.022
18 	 8 	 -0.027 	 -0.000 	 -0.007
18 	 9 	 -0.132 	 -0.000 	 -0.037
18 	 10 	 -0.232 	 -0.000 	 -0.064
18 	 11 	 -0.322 	 -0.000 	 -0.089
18 	 12 	 -0.400 	 -0.000 	 -0.111
18 	 13 	 -0.461 	 -0.000 	 -0.128
18 	 14 	 -0.503 	 -0.000 	 -0.139
18 	 15 	 -0.524 	 -0.000 	 -0.145
18 	 16 	 -0.524 	  0.000 	 -0.145
18 	 17 	 -0.503 	  0.000 	 -0.139
18 	 18 	 -0.461 	  0.000 	 -0.128
18 	 19 	 -0.400 	  0.000 	 -0.111
18 	 20 	 -0.322 	  0.000 	 -0.089
18 	 21 	 -0.232 	  0.000 	 -0.064
18 	 22 	 -0.132 	  0.000 	 -0.037
18 	 23 	 -0.027 	  0.000 	 -0.007
18 	 24 	  0.080 	  0.000 	  0.022
18 	 25 	  0.183 	  0.000 	  0.051
18 	 26 	  0.279 	  0.000 	  0.077
18 	 27 	  0.363 	  0.000 	  0.101
18 	 28 	  0.432 	  0.000 	  0.120
18 	 29 	  0.484 	  0.000 	  0.134
18 	 30 	  0.516 	  0.000 	  0.143

19 	 0 	  0.457 	 -0.000 	  0.196
19 	 1 	  0.448 	 -0.000 	  0.192
19 	 2 	  0.420 	 -0.000 	  0.180
19 	 3 	  0.375 	 -0.000 	  0.161
19 	 4 	  0.315 	 -0.000 	  0.135
19 	 5 	  0.242 	 -0.000 	  0.104
19 	 6 	  0.159 	 -0.000 	  0.068
19 	 7 	  0.069 	 -0.000 	  0.030
19 	 8 	 -0.023 	 -0.000 	 -0.010
19 	 9 	 -0.115 	 -0.000 	 -0.049
19 	 10 	 -0.201 	 -0.000 	 -0.086
19 	 11 	 -0.280 	 -0.000 	 -0.120
19 	 12 	 -0.347 	 -0.000 	 -0.149
19 	 13 	 -0.400 	 -0.000 	 -0.172
19 	 14 	 -0.436 	 -0.000 	 -0.187
19 	 15 	 -0.455 	 -0.000 	 -0.195
19 	 16 	 -0.455 	  0.000 	 -0.195
19 	 17 	 -0.436 	  0.000 	 -0.187
19 	 18 	 -0.400 	  0.000 	 -0.172
19 	 19 	 -0.347 	  0.000 	 -0.149
19 	 20 	 -0.280 	  0.000 	 -0.120
19 	 21 	 -0.201 	  0.000 	 -0.086
19 	 22 	 -0.115 	  0.000 	 -0.049
19 	 23 	 -0.023 	  0.000 	 -0.010
19 	 24 	  0.069 	  0.000 	  0.030
19 	 25 	  0.159 	  0.000 	  0.068
19 	 26 	  0.242 	  0.000 	  0.104
19 	 27 	  0.315 	  0.000 	  0.135
19 	 28 	  0.375 	  0.000 	  0.161
19 	 29 	  0.420 	  0.000 	  0.180
19 	 30 	  0.448 	  0.000 	  0.192

20 	 0 	  0.369 	 -0.000 	  0.238
20 	 1 	  0.361 	 -0.000 	  0.233
20 	 2 	  0.339 	 -0.000 	  0.219
20 	 3 	  0.303 	 -0.000 	  0.195
20 	 4 	  0.254 	 -0.000 	  0.164
20 	 5 	  0.195 	 -0.000 	  0.126
20 	 6 	  0.128 	 -0.000 	  0.083
20 	 7 	  0.056 	 -0.000 	  0.036
20 	 8 	 -0.019 	 -0.000 	 -0.012
20 	 9 	 -0.092 	 -0.000 	 -0.060
20 	 10 	 -0.162 	 -0.000 	 -0.105
20 	 11 	 -0.226 	 -0.000 	 -0.146
20 	 12 	 -0.280 	 -0.000 	 -0.181
20 	 13 	 -0.322 	 -0.000 	 -0.208
20 	 14 	 -0.352 	 -0.000 	 -0.227
20 	 15 	 -0.367 	 -0.000 	 -0.237
20 	 16 	 -0.367 	  0.000 	 -0.237
20 	 17 	 -0.352 	  0.000 	 -0.227
20 	 18 	 -0.322 	  0.000 	 -0.208
20 	 19 	 -0.280 	  0.000 	 -0.181
20 	 20 	 -0.226 	  0.000 	 -0.146
20 	 21 	 -0.162 	  0.000 	 -0.105
20 	 22 	 -0.092 	  0.000 	 -0.060
20 	 23 	 -0.019 	  0.000 	 -0.012
20 	 24 	  0.056 	  0.000 	  0.036
20 	 25 	  0.128 	  0.000 	  0.083
20 	 26 	  0.195 	  0.000 	  0.126
20 	 27 	  0.254 	  0.000 	  0.164
20 	 28 	  0.303 	  0.000 	  0.195
20 	 29 	  0.339 	  0.000 	  0.219
20 	 30 	  0.361 	  0.000 	  0.233

21 	 0 	  0.265 	 -0.000 	  0.270
21 	 1 	  0.260 	 -0.000 	  0.265
21 	 2 	  0.244 	 -0.000 	  0.248
21 	 3 	  0.218 	 -0.000 	  0.222
21 	 4 	  0.183 	 -0.000 	  0.186
21 	 5 	  0.140 	 -0.000 	  0.143
21 	 6 	  0.092 	 -0.000 	  0.094
21 	 7 	  0.040 	 -0.000 	  0.041
21 	 8 	 -0.013 	 -0.000 	 -0.014
21 	 9 	 -0.066 	 -0.000 	 -0.068
21 	 10 	 -0.117 	 -0.000 	 -0.119
21 	 11 	 -0.162 	 -0.000 	 -0.166
21 	 12 	 -0.201 	 -0.000 	 -0.205
21 	 13 	 -0.232 	 -0.000 	 -0.236
21 	 14 	 -0.253 	 -0.000 	 -0.258
21 	 15 	 -0.264 	 -0.000 	 -0.269
21 	 16 	 -0.264 	  0.000 	 -0.269
21 	 17 	 -0.253 	  0.000 	 -0.258
21 	 18 	 -0.232 	  0.000 	 -0.236
21 	 19 	 -0.201 	  0.000 	 -0.205
21 	 20 	 -0.162 	  0.000 	 -0.166
21 	 21 	 -0.117 	  0.000 	 -0.119
21 	 22 	 -0.066 	  0.000 	 -0.068
21 	 23 	 -0.013 	  0.000 	 -0.014
21 	 24 	  0.040 	  0.000 	  0.041
21 	 25 	  0.092 	  0.000 	  0.094
21 	 26 	  0.140 	  0.000 	  0.143
21 	 27 	  0.183 	  0.000 	  0.186
21 	 28 	  0.218 	  0.000 	  0.222
21 	 29 	  0.244 	  0.000 	  0.248
21 	 30 	  0.260 	  0.000 	  0.265

22 	 0 	  0.151 	 -0.000 	  0.292
22 	 1 	  0.148 	 -0.000 	  0.286
22 	 2 	  0.139 	 -0.000 	  0.268
22 	 3 	  0.124 	 -0.000 	  0.239
22 	 4 	  0.104 	 -0.000 	  0.201
22 	 5 	  0.080 	 -0.000 	  0.154
22 	 6 	  0.052 	 -0.000 	  0.101
22 	 7 	  0.023 	 -0.000 	  0.044
22 	 8 	 -0.008 	 -0.000 	 -0.015
22 	 9 	 -0.038 	 -0.000 	 -0.073
22 	 10 	 -0.066 	 -0.000 	 -0.128
22 	 11 	 -0.092 	 -0.000 	 -0.178
22 	 12 	 -0.115 	 -0.000 	 -0.221
22 	 13 	 -0.132 	 -0.000 	 -0.255
22 	 14 	 -0.144 	 -0.000 	 -0.278
22 	 15 	 -0.150 	 -0.000 	 -0.290
22 	 16 	 -0.150 	  0.000 	 -0.290
22 	 17 	 -0.144 	  0.000 	 -0.278
22 	 18 	 -0.132 	  0.000 	 -0.255
22 	 19 	 -0.115 	  0.000 	 -0.221
22 	 20 	 -0.092 	  0.000 	 -0.178
22 	 21 	 -0.066 	  0.000 	 -0.128
22 	 22 	 -0.038 	  0.000 	 -0.073
22 	 23 	 -0.008 	  0.000 	 -0.015
22 	 24 	  0.023 	  0.000 	  0.044
22 	 25 	  0.052 	  0.000 	  0.101
22 	 26 	  0.080 	  0.000 	  0.154
22 	 27 	  0.104 	  0.000 	  0.201
22 	 28 	  0.124 	  0.000 	  0.239
22 	 29 	  0.139 	  0.000 	  0.268
22 	 30 	  0.148 	  0.000 	  0.286

23 	 0 	  0.031 	 -0.000 	  0.301
23 	 1 	  0.030 	 -0.000 	  0.295
23 	 2 	  0.028 	 -0.000 	  0.276
23 	 3 	  0.025 	 -0.000 	  0.247
23 	 4 	  0.021 	 -0.000 	  0.207
23 	 5 	  0.016 	 -0.000 	  0.159
23 	 6 	  0.011 	 -0.000 	  0.104
23 	 7 	  0.005 	 -0.000 	  0.046
23 	 8 	 -0.002 	 -0.000 	 -0.015
23 	 9 	 -0.008 	 -0.000 	 -0.075
23 	 10 	 -0.013 	 -0.000 	 -0.132
23 	 11 	 -0.019 	 -0.000 	 -0.184
23 	 12 	 -0.023 	 -0.000 	 -0.228
23 	 13 	 -0.027 	 -0.000 	 -0.263
23 	 14 	 -0.029 	 -0.000 	 -0.287
23 	 15 	 -0.030 	 -0.000 	 -0.299
23 	 16 	 -0.030 	  0.000 	 -0.299
23 	 17 	 -0.029 	  0.000 	 -0.287
23 	 18 	 -0.027 	  0.000 	 -0.263
23 	 19 	 -0.023 	  0.000 	 -0.228
23 	 20 	 -0.019 	  0.000 	 -0.184
23 	 21 	 -0.013 	  0.000 	 -0.132
23 	 22 	 -0.008 	  0.000 	 -0.075
23 	 23 	 -0.002 	  0.000 	 -0.015
23 	 24 	  0.005 	  0.000 	  0.046
23 	 25 	  0.011 	  0.000 	  0.104
23 	 26 	  0.016 	  0.000 	  0.159
23 	 27 	  0.021 	  0.000 	  0.207
23 	 28 	  0.025 	  0.000 	  0.247
23 	 29 	  0.028 	  0.000 	  0.276
23 	 30 	  0.030 	  0.000 	  0.295

24 	 0 	 -0.091 	  0.000 	  0.298
24 	 1 	 -0.089 	  0.000 	  0.292
24 	 2 	 -0.084 	  0.000 	  0.274
24 	 3 	 -0.075 	  0.000 	  0.244
24 	 4 	 -0.063 	  0.000 	  0.205
24 	 5 	 -0.048 	  0.000 	  0.157
24 	 6 	 -0.032 	  0.000 	  0.103
24 	 7 	 -0.014 	  0.000 	  0.045
24 	 8 	  0.005 	  0.000 	 -0.015
24 	 9 	  0.023 	  0.000 	 -0.075
24 	 10 	  0.040 	  0.000 	 -0.131
24 	 11 	  0.056 	  0.000 	 -0.182
24 	 12 	  0.069 	  0.000 	 -0.226
24 	 13 	  0.080 	  0.000 	 -0.260
24 	 14 	  0.087 	  0.000 	 -0.284
24 	 15 	  0.091 	  0.000 	 -0.296
24 	 16 	  0.091 	 -0.000 	 -0.296
24 	 17 	  0.087 	 -0.000 	 -0.284
24 	 18 	  0.080 	 -0.000 	 -0.260
24 	 19 	  0.069 	 -0.000 	 -0.226
24 	 20 	  0.056 	 -0.000 	 -0.182
24 	 21 	  0.040 	 -0.000 	 -0.131
24 	 22 	  0.023 	 -0.000 	 -0.075
24 	 23 	  0.005 	 -0.000 	 -0.015
24 	 24 	 -0.014 	 -0.000 	  0.045
24 	 25 	 -0.032 	 -0.000 	  0.103
24 	 26 	 -0.048 	 -0.000 	  0.157
24 	 27 	 -0.063 	 -0.000 	  0.205
24 	 28 	 -0.075 	 -0.000 	  0.244
24 	 29 	 -0.084 	 -0.000 	  0.274
24 	 30 	 -0.089 	 -0.000 	  0.292

25 	 0 	 -0.209 	  0.000 	  0.282
25 	 1 	 -0.205 	  0.000 	  0.277
25 	 2 	 -0.192 	  0.000 	  0.260
25 	 3 	 -0.172 	  0.000 	  0.232
25 	 4 	 -0.144 	  0.000 	  0.195
25 	 5 	 -0.111 	  0.000 	  0.149
25 	 6 	 -0.073 	  0.000 	  0.098
25 	 7 	 -0.032 	  0.000 	  0.043
25 	 8 	  0.011 	  0.000 	 -0.014
25 	 9 	  0.052 	  0.000 	 -0.071
25 	 10 	  0.092 	  0.000 	 -0.124
25 	 11 	  0.128 	  0.000 	 -0.173
25 	 12 	  0.159 	  0.000 	 -0.214
25 	 13 	  0.183 	  0.000 	 -0.247
25 	 14 	  0.200 	  0.000 	 -0.269
25 	 15 	  0.208 	  0.000 	 -0.281
25 	 16 	  0.208 	 -0.000 	 -0.281
25 	 17 	  0.200 	 -0.000 	 -0.269
25 	 18 	  0.183 	 -0.000 	 -0.247
25 	 19 	  0.159 	 -0.000 	 -0.214
25 	 20 	  0.128 	 -0.000 	 -0.173
25 	 21 	  0.092 	 -0.000 	 -0.124
25 	 22 	  0.052 	 -0.000 	 -0.071
25 	 23 	  0.011 	 -0.000 	 -0.014
25 	 24 	 -0.032 	 -0.000 	  0.043
25 	 25 	 -0.073 	 -0.000 	  0.098
25 	 26 	 -0.111 	 -0.000 	  0.149
25 	 27 	 -0.144 	 -0.000 	  0.195
25 	 28 	 -0.172 	 -0.000 	  0.232
25 	 29 	 -0.192 	 -0.000 	  0.260
25 	 30 	 -0.205 	 -0.000 	  0.277

26 	 0 	 -0.319 	  0.000 	  0.256
26 	 1 	 -0.312 	  0.000 	  0.250
26 	 2 	 -0.293 	  0.000 	  0.235
26 	 3 	 -0.262 	  0.000 	  0.210
26 	 4 	 -0.220 	  0.000 	  0.176
26 	 5 	 -0.169 	  0.000 	  0.135
26 	 6 	 -0.111 	  0.000 	  0.089
26 	 7 	 -0.048 	  0.000 	  0.039
26 	 8 	  0.016 	  0.000 	 -0.013
26 	 9 	  0.080 	  0.000 	 -0.064
26 	 10 	  0.140 	  0.000 	 -0.113
26 	 11 	  0.195 	  0.000 	 -0.156
26 	 12 	  0.242 	  0.000 	 -0.194
26 	 13 	  0.279 	  0.000 	 -0.223
26 	 14 	  0.304 	  0.000 	 -0.244
26 	 15 	  0.317 	  0.000 	 -0.254
26 	 16 	  0.317 	 -0.000 	 -0.254
26 	 17 	  0.304 	 -0.000 	 -0.244
26 	 18 	  0.279 	 -0.000 	 -0.223
26 	 19 	  0.242 	 -0.000 	 -0.194
26 	 20 	  0.195 	 -0.000 	 -0.156
26 	 21 	  0.140 	 -0.000 	 -0.113
26 	 22 	  0.080 	 -0.000 	 -0.064
26 	 23 	  0.016 	 -0.000 	 -0.013
26 	 24 	 -0.048 	 -0.000 	  0.039
26 	 25 	 -0.111 	 -0.000 	  0.089
26 	 26 	 -0.169 	 -0.000 	  0.135
26 	 27 	 -0.220 	 -0.000 	  0.176
26 	 28 	 -0.262 	 -0.000 	  0.210
26 	 29 	 -0.293 	 -0.000 	  0.235
26 	 30 	 -0.312 	 -0.000 	  0.250

27 	 0 	 -0.415 	  0.000 	  0.218
27 	 1 	 -0.407 	  0.000 	  0.214
27 	 2 	 -0.381 	  0.000 	  0.201
27 	 3 	 -0.341 	  0.000 	  0.179
27 	 4 	 -0.286 	  0.000 	  0.150
27 	 5 	 -0.220 	  0.000 	  0.115
27 	 6 	 -0.144 	  0.000 	  0.076
27 	 7 	 -0.063 	  0.000 	  0.033
27 	 8 	  0.021 	  0.000 	 -0.011
27 	 9 	  0.104 	  0.000 	 -0.055
27 	 10 	  0.183 	  0.000 	 -0.096
27 	 11 	  0.254 	  0.000 	 -0.134
27 	 12 	  0.315 	  0.000 	 -0.166
27 	 13 	  0.363 	  0.000 	 -0.191
27 	 14 	  0.396 	  0.000 	 -0.208
27 	 15 	  0.413 	  0.000 	 -0.217
27 	 16 	  0.413 	 -0.000 	 -0.217
27 	 17 	  0.396 	 -0.000 	 -0.208
27 	 18 	  0.363 	 -0.000 	 -0.191
27 	 19 	  0.315 	 -0.000 	 -0.166
27 	 20 	  0.254 	 -0.000 	 -0.134
27 	 21 	  0.183 	 -0.000 	 -0.096
27 	 22 	  0.104 	 -0.000 	 -0.055
27 	 23 	  0.021 	 -0.000 	 -0.011
27 	 24 	 -0.063 	 -0.000 	  0.033
27 	 25 	 -0.144 	 -0.000 	  0.076
27 	 26 	 -0.220 	 -0.000 	  0.115
27 	 27 	 -0.286 	 -0.000 	  0.150
27 	 28 	 -0.341 	 -0.000 	  0.179
27 	 29 	 -0.381 	 -0.000 	  0.201
27 	 30 	 -0.407 	 -0.000 	  0.214

28 	 0 	 -0.494 	  0.000 	  0.172
28 	 1 	 -0.484 	  0.000 	  0.169
28 	 2 	 -0.454 	  0.000 	  0.158
28 	 3 	 -0.406 	  0.000 	  0.141
28 	 4 	 -0.341 	  0.000 	  0.119
28 	 5 	 -0.262 	  0.000 	  0.091
28 	 6 	 -0.172 	  0.000 	  0.060
28 	 7 	 -0.075 	  0.000 	  0.026
28 	 8 	  0.025 	  0.000 	 -0.009
28 	 9 	  0.124 	  0.000 	 -0.043
28 	 10 	  0.218 	  0.000 	 -0.076
28 	 11 	  0.303 	  0.000 	 -0.105
28 	 12 	  0.375 	  0.000 	 -0.131
28 	 13 	  0.432 	  0.000 	 -0.150
28 	 14 	  0.472 	  0.000 	 -0.164
28 	 15 	  0.492 	  0.000 	 -0.171
28 	 16 	  0.492 	 -0.000 	 -0.171
28 	 17 	  0.472 	 -0.000 	 -0.164
28 	 18 	  0.432 	 -0.000 	 -0.150
28 	 19 	  0.375 	 -0.000 	 -0.131
28 	 20 	  0.303 	 -0.000 	 -0.105
28 	 21 	  0.218 	 -0.000 	 -0.076
28 	 22 	  0.124 	 -0.000 	 -0.043
28 	 23 	  0.025 	 -0.000 	 -0.009
28 	 24 	 -0.075 	 -0.000 	  0.026
28 	 25 	 -0.172 	 -0.000 	  0.060
28 	 26 	 -0.262 	 -0.000 	  0.091
28 	 27 	 -0.341 	 -0.000 	  0.119
28 	 28 	 -0.406 	 -0.000 	  0.141
28 	 29 	 -0.454 	 -0.000 	  0.158
28 	 30 	 -0.484 	 -0.000 	  0.169

29 	 0 	 -0.554 	  0.000 	  0.119
29 	 1 	 -0.542 	  0.000 	  0.116
29 	 2 	 -0.509 	  0.000 	  0.109
29 	 3 	 -0.454 	  0.000 	  0.097
29 	 4 	 -0.381 	  0.000 	  0.082
29 	 5 	 -0.293 	  0.000 	  0.063
29 	 6 	 -0.192 	  0.000 	  0.041
29 	 7 	 -0.084 	  0.000 	  0.018
29 	 8 	  0.028 	  0.000 	 -0.006
29 	 9 	  0.139 	  0.000 	 -0.030
29 	 10 	  0.244 	  0.000 	 -0.052
29 	 11 	  0.339 	  0.000 	 -0.073
29 	 12 	  0.420 	  0.000 	 -0.090
29 	 13 	  0.484 	  0.000 	 -0.104
29 	 14 	  0.528 	  0.000 	 -0.113
29 	 15 	  0.551 	  0.000 	 -0.118
29 	 16 	  0.551 	 -0.000 	 -0.118
29 	 17 	  0.528 	 -0.000 	 -0.113
29 	 18 	  0.484 	 -0.000 	 -0.104
29 	 19 	  0.420 	 -0.000 	 -0.090
29 	 20 	  0.339 	 -0.000 	 -0.073
29 	 21 	  0.244 	 -0.000 	 -0.052
29 	 22 	  0.139 	 -0.000 	 -0.030
29 	 23 	  0.028 	 -0.000 	 -0.006
29 	 24 	 -0.084 	 -0.000 	  0.018
29 	 25 	 -0.192 	 -0.000 	  0.041
29 	 26 	 -0.293 	 -0.000 	  0.063
29 	 27 	 -0.381 	 -0.000 	  0.082
29 	 28 	 -0.454 	 -0.000 	  0.097
29 	 29 	 -0.509 	 -0.000 	  0.109
29 	 30 	 -0.542 	 -0.000 	  0.116

30 	 0 	 -0.590 	  0.000 	  0.061
30 	 1 	 -0.578 	  0.000 	  0.059
30 	 2 	 -0.542 	  0.000 	  0.056
30 	 3 	 -0.484 	  0.000 	  0.050
30 	 4 	 -0.407 	  0.000 	  0.042
30 	 5 	 -0.312 	  0.000 	  0.032
30 	 6 	 -0.205 	  0.000 	  0.021
30 	 7 	 -0.089 	  0.000 	  0.009
30 	 8 	  0.030 	  0.000 	 -0.003
30 	 9 	  0.148 	  0.000 	 -0.015
30 	 10 	  0.260 	  0.000 	 -0.027
30 	 11 	  0.361 	  0.000 	 -0.037
30 	 12 	  0.448 	  0.000 	 -0.046
30 	 13 	  0.516 	  0.000 	 -0.053
30 	 14 	  0.563 	  0.000 	 -0.058
30 	 15 	  0.587 	  0.000 	 -0.060
30 	 16 	  0.587 	 -0.000 	 -0.060
30 	 17 	  0.563 	 -0.000 	 -0.058
30 	 18 	  0.516 	 -0.000 	 -0.053
30 	 19 	  0.448 	 -0.000 	 -0.046
30 	 20 	  0.361 	 -0.000 	 -0.037
30 	 21 	  0.260 	 -0.000 	 -0.027
30 	 22 	  0.148 	 -0.000 	 -0.015
30 	 23 	  0.030 	 -0.000 	 -0.003
30 	 24 	 -0.089 	 -0.000 	  0.009
30 	 25 	 -0.205 	 -0.000 	  0.021
30 	 26 	 -0.312 	 -0.000 	  0.032
30 	 27 	 -0.407 	 -0.000 	  0.042
30 	 28 	 -0.484 	 -0.000 	  0.050
30 	 29 	 -0.542 	 -0.000 	  0.056
30 	 30 	 -0.578 	 -0.000 	  0.059

