0 	 0 	 -0.324 	  0.000 	 -0.000
0 	 1 	 -0.317 	  0.000 	 -0.000
0 	 2 	 -0.298 	  0.000 	 -0.000
0 	 3 	 -0.266 	  0.000 	 -0.000
0 	 4 	 -0.223 	  0.000 	 -0.000
0 	 5 	 -0.171 	  0.000 	 -0.000
0 	 6 	 -0.113 	  0.000 	 -0.000
0 	 7 	 -0.049 	  0.000 	 -0.000
0 	 8 	  0.016 	  0.000 	  0.000
0 	 9 	  0.081 	  0.000 	  0.000
0 	 10 	  0.143 	  0.000 	  0.000
0 	 11 	  0.198 	  0.000 	  0.000
0 	 12 	  0.246 	  0.000 	  0.000
0 	 13 	  0.283 	  0.000 	  0.000
0 	 14 	  0.309 	  0.000 	  0.000
0 	 15 	  0.322 	  0.000 	  0.000
0 	 16 	  0.322 	 -0.000 	  0.000
0 	 17 	  0.309 	 -0.000 	  0.000
0 	 18 	  0.283 	 -0.000 	  0.000
0 	 19 	  0.246 	 -0.000 	  0.000
0 	 20 	  0.198 	 -0.000 	  0.000
0 	 21 	  0.143 	 -0.000 	  0.000
0 	 22 	  0.081 	 -0.000 	  0.000
0 	 23 	  0.016 	 -0.000 	  0.000
0 	 24 	 -0.049 	 -0.000 	 -0.000
0 	 25 	 -0.113 	 -0.000 	 -0.000
0 	 26 	 -0.171 	 -0.000 	 -0.000
0 	 27 	 -0.223 	 -0.000 	 -0.000
0 	 28 	 -0.266 	 -0.000 	 -0.000
0 	 29 	 -0.298 	 -0.000 	 -0.000
0 	 30 	 -0.317 	 -0.000 	 -0.000

1 	 0 	 -0.317 	  0.000 	 -0.033
1 	 1 	 -0.311 	  0.000 	 -0.032
1 	 2 	 -0.292 	  0.000 	 -0.030
1 	 3 	 -0.261 	  0.000 	 -0.027
1 	 4 	 -0.219 	  0.000 	 -0.022
1 	 5 	 -0.168 	  0.000 	 -0.017
1 	 6 	 -0.110 	  0.000 	 -0.011
1 	 7 	 -0.048 	  0.000 	 -0.005
1 	 8 	  0.016 	  0.000 	  0.002
1 	 9 	  0.080 	  0.000 	  0.008
1 	 10 	  0.140 	  0.000 	  0.014
1 	 11 	  0.194 	  0.000 	  0.020
1 	 12 	  0.241 	  0.000 	  0.025
1 	 13 	  0.278 	  0.000 	  0.029
1 	 14 	  0.303 	  0.000 	  0.031
1 	 15 	  0.316 	  0.000 	  0.032
1 	 16 	  0.316 	 -0.000 	  0.032
1 	 17 	  0.303 	 -0.000 	  0.031
1 	 18 	  0.278 	 -0.000 	  0.029
1 	 19 	  0.241 	 -0.000 	  0.025
1 	 20 	  0.194 	 -0.000 	  0.020
1 	 21 	  0.140 	 -0.000 	  0.014
1 	 22 	  0.080 	 -0.000 	  0.008
1 	 23 	  0.016 	 -0.000 	  0.002
1 	 24 	 -0.048 	 -0.000 	 -0.005
1 	 25 	 -0.110 	 -0.000 	 -0.011
1 	 26 	 -0.168 	 -0.000 	 -0.017
1 	 27 	 -0.219 	 -0.000 	 -0.022
1 	 28 	 -0.261 	 -0.000 	 -0.027
1 	 29 	 -0.292 	 -0.000 	 -0.030
1 	 30 	 -0.311 	 -0.000 	 -0.032

2 	 0 	 -0.298 	  0.000 	 -0.064
2 	 1 	 -0.292 	  0.000 	 -0.063
2 	 2 	 -0.274 	  0.000 	 -0.059
2 	 3 	 -0.244 	  0.000 	 -0.052
2 	 4 	 -0.205 	  0.000 	 -0.044
2 	 5 	 -0.158 	  0.000 	 -0.034
2 	 6 	 -0.103 	  0.000 	 -0.022
2 	 7 	 -0.045 	  0.000 	 -0.010
2 	 8 	  0.015 	  0.000 	  0.003
2 	 9 	  0.075 	  0.000 	  0.016
2 	 10 	  0.131 	  0.000 	  0.028
2 	 11 	  0.182 	  0.000 	  0.039
2 	 12 	  0.226 	  0.000 	  0.048
2 	 13 	  0.260 	  0.000 	  0.056
2 	 14 	  0.284 	  0.000 	  0.061
2 	 15 	  0.296 	  0.000 	  0.064
2 	 16 	  0.296 	 -0.000 	  0.064
2 	 17 	  0.284 	 -0.000 	  0.061
2 	 18 	  0.260 	 -0.000 	  0.056
2 	 19 	  0.226 	 -0.000 	  0.048
2 	 20 	  0.182 	 -0.000 	  0.039
2 	 21 	  0.131 	 -0.000 	  0.028
2 	 22 	  0.075 	 -0.000 	  0.016
2 	 23 	  0.015 	 -0.000 	  0.003
2 	 24 	 -0.045 	 -0.000 	 -0.010
2 	 25 	 -0.103 	 -0.000 	 -0.022
2 	 26 	 -0.158 	 -0.000 	 -0.034
2 	 27 	 -0.205 	 -0.000 	 -0.044
2 	 28 	 -0.244 	 -0.000 	 -0.052
2 	 29 	 -0.274 	 -0.000 	 -0.059
2 	 30 	 -0.292 	 -0.000 	 -0.063

3 	 0 	 -0.266 	  0.000 	 -0.093
3 	 1 	 -0.261 	  0.000 	 -0.091
3 	 2 	 -0.244 	  0.000 	 -0.085
3 	 3 	 -0.218 	  0.000 	 -0.076
3 	 4 	 -0.183 	  0.000 	 -0.064
3 	 5 	 -0.141 	  0.000 	 -0.049
3 	 6 	 -0.092 	  0.000 	 -0.032
3 	 7 	 -0.040 	  0.000 	 -0.014
3 	 8 	  0.013 	  0.000 	  0.005
3 	 9 	  0.067 	  0.000 	  0.023
3 	 10 	  0.117 	  0.000 	  0.041
3 	 11 	  0.163 	  0.000 	  0.057
3 	 12 	  0.202 	  0.000 	  0.070
3 	 13 	  0.233 	  0.000 	  0.081
3 	 14 	  0.254 	  0.000 	  0.088
3 	 15 	  0.265 	  0.000 	  0.092
3 	 16 	  0.265 	 -0.000 	  0.092
3 	 17 	  0.254 	 -0.000 	  0.088
3 	 18 	  0.233 	 -0.000 	  0.081
3 	 19 	  0.202 	 -0.000 	  0.070
3 	 20 	  0.163 	 -0.000 	  0.057
3 	 21 	  0.117 	 -0.000 	  0.041
3 	 22 	  0.067 	 -0.000 	  0.023
3 	 23 	  0.013 	 -0.000 	  0.005
3 	 24 	 -0.040 	 -0.000 	 -0.014
3 	 25 	 -0.092 	 -0.000 	 -0.032
3 	 26 	 -0.141 	 -0.000 	 -0.049
3 	 27 	 -0.183 	 -0.000 	 -0.064
3 	 28 	 -0.218 	 -0.000 	 -0.076
3 	 29 	 -0.244 	 -0.000 	 -0.085
3 	 30 	 -0.261 	 -0.000 	 -0.091

4 	 0 	 -0.223 	  0.000 	 -0.117
4 	 1 	 -0.219 	  0.000 	 -0.115
4 	 2 	 -0.205 	  0.000 	 -0.108
4 	 3 	 -0.183 	  0.000 	 -0.096
4 	 4 	 -0.154 	  0.000 	 -0.081
4 	 5 	 -0.118 	  0.000 	 -0.062
4 	 6 	 -0.078 	  0.000 	 -0.041
4 	 7 	 -0.034 	  0.000 	 -0.018
4 	 8 	  0.011 	  0.000 	  0.006
4 	 9 	  0.056 	  0.000 	  0.029
4 	 10 	  0.098 	  0.000 	  0.052
4 	 11 	  0.137 	  0.000 	  0.072
4 	 12 	  0.169 	  0.000 	  0.089
4 	 13 	  0.195 	  0.000 	  0.103
4 	 14 	  0.213 	  0.000 	  0.112
4 	 15 	  0.222 	  0.000 	  0.117
4 	 16 	  0.222 	 -0.000 	  0.117
4 	 17 	  0.213 	 -0.000 	  0.112
4 	 18 	  0.195 	 -0.000 	  0.103
4 	 19 	  0.169 	 -0.000 	  0.089
4 	 20 	  0.137 	 -0.000 	  0.072
4 	 21 	  0.098 	 -0.000 	  0.052
4 	 22 	  0.056 	 -0.000 	  0.029
4 	 23 	  0.011 	 -0.000 	  0.006
4 	 24 	 -0.034 	 -0.000 	 -0.018
4 	 25 	 -0.078 	 -0.000 	 -0.041
4 	 26 	 -0.118 	 -0.000 	 -0.062
4 	 27 	 -0.154 	 -0.000 	 -0.081
4 	 28 	 -0.183 	 -0.000 	 -0.096
4 	 29 	 -0.205 	 -0.000 	 -0.108
4 	 30 	 -0.219 	 -0.000 	 -0.115

5 	 0 	 -0.171 	  0.000 	 -0.138
5 	 1 	 -0.168 	  0.000 	 -0.135
5 	 2 	 -0.158 	  0.000 	 -0.126
5 	 3 	 -0.141 	  0.000 	 -0.113
5 	 4 	 -0.118 	  0.000 	 -0.095
5 	 5 	 -0.091 	  0.000 	 -0.073
5 	 6 	 -0.060 	  0.000 	 -0.048
5 	 7 	 -0.026 	  0.000 	 -0.021
5 	 8 	  0.009 	  0.000 	  0.007
5 	 9 	  0.043 	  0.000 	  0.034
5 	 10 	  0.075 	  0.000 	  0.061
5 	 11 	  0.105 	  0.000 	  0.084
5 	 12 	  0.130 	  0.000 	  0.104
5 	 13 	  0.150 	  0.000 	  0.120
5 	 14 	  0.164 	  0.000 	  0.131
5 	 15 	  0.171 	  0.000 	  0.137
5 	 16 	  0.171 	 -0.000 	  0.137
5 	 17 	  0.164 	 -0.000 	  0.131
5 	 18 	  0.150 	 -0.000 	  0.120
5 	 19 	  0.130 	 -0.000 	  0.104
5 	 20 	  0.105 	 -0.000 	  0.084
5 	 21 	  0.075 	 -0.000 	  0.061
5 	 22 	  0.043 	 -0.000 	  0.034
5 	 23 	  0.009 	 -0.000 	  0.007
5 	 24 	 -0.026 	 -0.000 	 -0.021
5 	 25 	 -0.060 	 -0.000 	 -0.048
5 	 26 	 -0.091 	 -0.000 	 -0.073
5 	 27 	 -0.118 	 -0.000 	 -0.095
5 	 28 	 -0.141 	 -0.000 	 -0.113
5 	 29 	 -0.158 	 -0.000 	 -0.126
5 	 30 	 -0.168 	 -0.000 	 -0.135

6 	 0 	 -0.113 	  0.000 	 -0.152
6 	 1 	 -0.110 	  0.000 	 -0.149
6 	 2 	 -0.103 	  0.000 	 -0.140
6 	 3 	 -0.092 	  0.000 	 -0.125
6 	 4 	 -0.078 	  0.000 	 -0.105
6 	 5 	 -0.060 	  0.000 	 -0.080
6 	 6 	 -0.039 	  0.000 	 -0.053
6 	 7 	 -0.017 	  0.000 	 -0.023
6 	 8 	  0.006 	  0.000 	  0.008
6 	 9 	  0.028 	  0.000 	  0.038
6 	 10 	  0.050 	  0.000 	  0.067
6 	 11 	  0.069 	  0.000 	  0.093
6 	 12 	  0.085 	  0.000 	  0.115
6 	 13 	  0.098 	  0.000 	  0.133
6 	 14 	  0.107 	  0.000 	  0.145
6 	 15 	  0.112 	  0.000 	  0.151
6 	 16 	  0.112 	 -0.000 	  0.151
6 	 17 	  0.107 	 -0.000 	  0.145
6 	 18 	  0.098 	 -0.000 	  0.133
6 	 19 	  0.085 	 -0.000 	  0.115
6 	 20 	  0.069 	 -0.000 	  0.093
6 	 21 	  0.050 	 -0.000 	  0.067
6 	 22 	  0.028 	 -0.000 	  0.038
6 	 23 	  0.006 	 -0.000 	  0.008
6 	 24 	 -0.017 	 -0.000 	 -0.023
6 	 25 	 -0.039 	 -0.000 	 -0.053
6 	 26 	 -0.060 	 -0.000 	 -0.080
6 	 27 	 -0.078 	 -0.000 	 -0.105
6 	 28 	 -0.092 	 -0.000 	 -0.125
6 	 29 	 -0.103 	 -0.000 	 -0.140
6 	 30 	 -0.110 	 -0.000 	 -0.149

7 	 0 	 -0.049 	  0.000 	 -0.160
7 	 1 	 -0.048 	  0.000 	 -0.157
7 	 2 	 -0.045 	  0.000 	 -0.147
7 	 3 	 -0.040 	  0.000 	 -0.131
7 	 4 	 -0.034 	  0.000 	 -0.110
7 	 5 	 -0.026 	  0.000 	 -0.085
7 	 6 	 -0.017 	  0.000 	 -0.056
7 	 7 	 -0.007 	  0.000 	 -0.024
7 	 8 	  0.002 	  0.000 	  0.008
7 	 9 	  0.012 	  0.000 	  0.040
7 	 10 	  0.022 	  0.000 	  0.071
7 	 11 	  0.030 	  0.000 	  0.098
7 	 12 	  0.037 	  0.000 	  0.122
7 	 13 	  0.043 	  0.000 	  0.140
7 	 14 	  0.047 	  0.000 	  0.153
7 	 15 	  0.049 	  0.000 	  0.159
7 	 16 	  0.049 	 -0.000 	  0.159
7 	 17 	  0.047 	 -0.000 	  0.153
7 	 18 	  0.043 	 -0.000 	  0.140
7 	 19 	  0.037 	 -0.000 	  0.122
7 	 20 	  0.030 	 -0.000 	  0.098
7 	 21 	  0.022 	 -0.000 	  0.071
7 	 22 	  0.012 	 -0.000 	  0.040
7 	 23 	  0.002 	 -0.000 	  0.008
7 	 24 	 -0.007 	 -0.000 	 -0.024
7 	 25 	 -0.017 	 -0.000 	 -0.056
7 	 26 	 -0.026 	 -0.000 	 -0.085
7 	 27 	 -0.034 	 -0.000 	 -0.110
7 	 28 	 -0.040 	 -0.000 	 -0.131
7 	 29 	 -0.045 	 -0.000 	 -0.147
7 	 30 	 -0.048 	 -0.000 	 -0.157

8 	 0 	  0.016 	 -0.000 	 -0.162
8 	 1 	  0.016 	 -0.000 	 -0.159
8 	 2 	  0.015 	 -0.000 	 -0.149
8 	 3 	  0.013 	 -0.000 	 -0.133
8 	 4 	  0.011 	 -0.000 	 -0.111
8 	 5 	  0.009 	 -0.000 	 -0.086
8 	 6 	  0.006 	 -0.000 	 -0.056
8 	 7 	  0.002 	 -0.000 	 -0.025
8 	 8 	 -0.001 	 -0.000 	  0.008
8 	 9 	 -0.004 	 -0.000 	  0.041
8 	 10 	 -0.007 	 -0.000 	  0.071
8 	 11 	 -0.010 	 -0.000 	  0.099
8 	 12 	 -0.012 	 -0.000 	  0.123
8 	 13 	 -0.014 	 -0.000 	  0.141
8 	 14 	 -0.016 	 -0.000 	  0.154
8 	 15 	 -0.016 	 -0.000 	  0.161
8 	 16 	 -0.016 	  0.000 	  0.161
8 	 17 	 -0.016 	  0.000 	  0.154
8 	 18 	 -0.014 	  0.000 	  0.141
8 	 19 	 -0.012 	  0.000 	  0.123
8 	 20 	 -0.010 	  0.000 	  0.099
8 	 21 	 -0.007 	  0.000 	  0.071
8 	 22 	 -0.004 	  0.000 	  0.041
8 	 23 	 -0.001 	  0.000 	  0.008
8 	 24 	  0.002 	  0.000 	 -0.025
8 	 25 	  0.006 	  0.000 	 -0.056
8 	 26 	  0.009 	  0.000 	 -0.086
8 	 27 	  0.011 	  0.000 	 -0.111
8 	 28 	  0.013 	  0.000 	 -0.133
8 	 29 	  0.015 	  0.000 	 -0.149
8 	 30 	  0.016 	  0.000 	 -0.159

9 	 0 	  0.081 	 -0.000 	 -0.157
9 	 1 	  0.080 	 -0.000 	 -0.154
9 	 2 	  0.075 	 -0.000 	 -0.144
9 	 3 	  0.067 	 -0.000 	 -0.129
9 	 4 	  0.056 	 -0.000 	 -0.108
9 	 5 	  0.043 	 -0.000 	 -0.083
9 	 6 	  0.028 	 -0.000 	 -0.054
9 	 7 	  0.012 	 -0.000 	 -0.024
9 	 8 	 -0.004 	 -0.000 	  0.008
9 	 9 	 -0.020 	 -0.000 	  0.039
9 	 10 	 -0.036 	 -0.000 	  0.069
9 	 11 	 -0.050 	 -0.000 	  0.096
9 	 12 	 -0.062 	 -0.000 	  0.119
9 	 13 	 -0.071 	 -0.000 	  0.137
9 	 14 	 -0.077 	 -0.000 	  0.150
9 	 15 	 -0.081 	 -0.000 	  0.156
9 	 16 	 -0.081 	  0.000 	  0.156
9 	 17 	 -0.077 	  0.000 	  0.150
9 	 18 	 -0.071 	  0.000 	  0.137
9 	 19 	 -0.062 	  0.000 	  0.119
9 	 20 	 -0.050 	  0.000 	  0.096
9 	 21 	 -0.036 	  0.000 	  0.069
9 	 22 	 -0.020 	  0.000 	  0.039
9 	 23 	 -0.004 	  0.000 	  0.008
9 	 24 	  0.012 	  0.000 	 -0.024
9 	 25 	  0.028 	  0.000 	 -0.054
9 	 26 	  0.043 	  0.000 	 -0.083
9 	 27 	  0.056 	  0.000 	 -0.108
9 	 28 	  0.067 	  0.000 	 -0.129
9 	 29 	  0.075 	  0.000 	 -0.144
9 	 30 	  0.080 	  0.000 	 -0.154

10 	 0 	  0.143 	 -0.000 	 -0.145
10 	 1 	  0.140 	 -0.000 	 -0.142
10 	 2 	  0.131 	 -0.000 	 -0.134
10 	 3 	  0.117 	 -0.000 	 -0.119
10 	 4 	  0.098 	 -0.000 	 -0.100
10 	 5 	  0.075 	 -0.000 	 -0.077
10 	 6 	  0.050 	 -0.000 	 -0.051
10 	 7 	  0.022 	 -0.000 	 -0.022
10 	 8 	 -0.007 	 -0.000 	  0.007
10 	 9 	 -0.036 	 -0.000 	  0.036
10 	 10 	 -0.063 	 -0.000 	  0.064
10 	 11 	 -0.087 	 -0.000 	  0.089
10 	 12 	 -0.108 	 -0.000 	  0.110
10 	 13 	 -0.125 	 -0.000 	  0.127
10 	 14 	 -0.136 	 -0.000 	  0.139
10 	 15 	 -0.142 	 -0.000 	  0.145
10 	 16 	 -0.142 	  0.000 	  0.145
10 	 17 	 -0.136 	  0.000 	  0.139
10 	 18 	 -0.125 	  0.000 	  0.127
10 	 19 	 -0.108 	  0.000 	  0.110
10 	 20 	 -0.087 	  0.000 	  0.089
10 	 21 	 -0.063 	  0.000 	  0.064
10 	 22 	 -0.036 	  0.000 	  0.036
10 	 23 	 -0.007 	  0.000 	  0.007
10 	 24 	  0.022 	  0.000 	 -0.022
10 	 25 	  0.050 	  0.000 	 -0.051
10 	 26 	  0.075 	  0.000 	 -0.077
10 	 27 	  0.098 	  0.000 	 -0.100
10 	 28 	  0.117 	  0.000 	 -0.119
10 	 29 	  0.131 	  0.000 	 -0.134
10 	 30 	  0.140 	  0.000 	 -0.142

11 	 0 	  0.198 	 -0.000 	 -0.128
11 	 1 	  0.194 	 -0.000 	 -0.126
11 	 2 	  0.182 	 -0.000 	 -0.118
11 	 3 	  0.163 	 -0.000 	 -0.105
11 	 4 	  0.137 	 -0.000 	 -0.088
11 	 5 	  0.105 	 -0.000 	 -0.068
11 	 6 	  0.069 	 -0.000 	 -0.044
11 	 7 	  0.030 	 -0.000 	 -0.019
11 	 8 	 -0.010 	 -0.000 	  0.006
11 	 9 	 -0.050 	 -0.000 	  0.032
11 	 10 	 -0.087 	 -0.000 	  0.056
11 	 11 	 -0.121 	 -0.000 	  0.078
11 	 12 	 -0.151 	 -0.000 	  0.097
11 	 13 	 -0.173 	 -0.000 	  0.112
11 	 14 	 -0.189 	 -0.000 	  0.122
11 	 15 	 -0.197 	 -0.000 	  0.127
11 	 16 	 -0.197 	  0.000 	  0.127
11 	 17 	 -0.189 	  0.000 	  0.122
11 	 18 	 -0.173 	  0.000 	  0.112
11 	 19 	 -0.151 	  0.000 	  0.097
11 	 20 	 -0.121 	  0.000 	  0.078
11 	 21 	 -0.087 	  0.000 	  0.056
11 	 22 	 -0.050 	  0.000 	  0.032
11 	 23 	 -0.010 	  0.000 	  0.006
11 	 24 	  0.030 	  0.000 	 -0.019
11 	 25 	  0.069 	  0.000 	 -0.044
11 	 26 	  0.105 	  0.000 	 -0.068
11 	 27 	  0.137 	  0.000 	 -0.088
11 	 28 	  0.163 	  0.000 	 -0.105
11 	 29 	  0.182 	  0.000 	 -0.118
11 	 30 	  0.194 	  0.000 	 -0.126

12 	 0 	  0.246 	 -0.000 	 -0.106
12 	 1 	  0.241 	 -0.000 	 -0.103
12 	 2 	  0.226 	 -0.000 	 -0.097
12 	 3 	  0.202 	 -0.000 	 -0.087
12 	 4 	  0.169 	 -0.000 	 -0.073
12 	 5 	  0.130 	 -0.000 	 -0.056
12 	 6 	  0.085 	 -0.000 	 -0.037
12 	 7 	  0.037 	 -0.000 	 -0.016
12 	 8 	 -0.012 	 -0.000 	  0.005
12 	 9 	 -0.062 	 -0.000 	  0.026
12 	 10 	 -0.108 	 -0.000 	  0.046
12 	 11 	 -0.151 	 -0.000 	  0.065
12 	 12 	 -0.187 	 -0.000 	  0.080
12 	 13 	 -0.215 	 -0.000 	  0.092
12 	 14 	 -0.235 	 -0.000 	  0.101
12 	 15 	 -0.245 	 -0.000 	  0.105
12 	 16 	 -0.245 	  0.000 	  0.105
12 	 17 	 -0.235 	  0.000 	  0.101
12 	 18 	 -0.215 	  0.000 	  0.092
12 	 19 	 -0.187 	  0.000 	  0.080
12 	 20 	 -0.151 	  0.000 	  0.065
12 	 21 	 -0.108 	  0.000 	  0.046
12 	 22 	 -0.062 	  0.000 	  0.026
12 	 23 	 -0.012 	  0.000 	  0.005
12 	 24 	  0.037 	  0.000 	 -0.016
12 	 25 	  0.085 	  0.000 	 -0.037
12 	 26 	  0.130 	  0.000 	 -0.056
12 	 27 	  0.169 	  0.000 	 -0.073
12 	 28 	  0.202 	  0.000 	 -0.087
12 	 29 	  0.226 	  0.000 	 -0.097
12 	 30 	  0.241 	  0.000 	 -0.103

13 	 0 	  0.283 	 -0.000 	 -0.079
13 	 1 	  0.278 	 -0.000 	 -0.077
13 	 2 	  0.260 	 -0.000 	 -0.072
13 	 3 	  0.233 	 -0.000 	 -0.065
13 	 4 	  0.195 	 -0.000 	 -0.054
13 	 5 	  0.150 	 -0.000 	 -0.042
13 	 6 	  0.098 	 -0.000 	 -0.027
13 	 7 	  0.043 	 -0.000 	 -0.012
13 	 8 	 -0.014 	 -0.000 	  0.004
13 	 9 	 -0.071 	 -0.000 	  0.020
13 	 10 	 -0.125 	 -0.000 	  0.035
13 	 11 	 -0.173 	 -0.000 	  0.048
13 	 12 	 -0.215 	 -0.000 	  0.060
13 	 13 	 -0.248 	 -0.000 	  0.069
13 	 14 	 -0.270 	 -0.000 	  0.075
13 	 15 	 -0.282 	 -0.000 	  0.078
13 	 16 	 -0.282 	  0.000 	  0.078
13 	 17 	 -0.270 	  0.000 	  0.075
13 	 18 	 -0.248 	  0.000 	  0.069
13 	 19 	 -0.215 	  0.000 	  0.060
13 	 20 	 -0.173 	  0.000 	  0.048
13 	 21 	 -0.125 	  0.000 	  0.035
13 	 22 	 -0.071 	  0.000 	  0.020
13 	 23 	 -0.014 	  0.000 	  0.004
13 	 24 	  0.043 	  0.000 	 -0.012
13 	 25 	  0.098 	  0.000 	 -0.027
13 	 26 	  0.150 	  0.000 	 -0.042
13 	 27 	  0.195 	  0.000 	 -0.054
13 	 28 	  0.233 	  0.000 	 -0.065
13 	 29 	  0.260 	  0.000 	 -0.072
13 	 30 	  0.278 	  0.000 	 -0.077

14 	 0 	  0.309 	 -0.000 	 -0.049
14 	 1 	  0.303 	 -0.000 	 -0.048
14 	 2 	  0.284 	 -0.000 	 -0.045
14 	 3 	  0.254 	 -0.000 	 -0.040
14 	 4 	  0.213 	 -0.000 	 -0.033
14 	 5 	  0.164 	 -0.000 	 -0.026
14 	 6 	  0.107 	 -0.000 	 -0.017
14 	 7 	  0.047 	 -0.000 	 -0.007
14 	 8 	 -0.016 	 -0.000 	  0.002
14 	 9 	 -0.077 	 -0.000 	  0.012
14 	 10 	 -0.136 	 -0.000 	  0.021
14 	 11 	 -0.189 	 -0.000 	  0.030
14 	 12 	 -0.235 	 -0.000 	  0.037
14 	 13 	 -0.270 	 -0.000 	  0.042
14 	 14 	 -0.295 	 -0.000 	  0.046
14 	 15 	 -0.308 	 -0.000 	  0.048
14 	 16 	 -0.308 	  0.000 	  0.048
14 	 17 	 -0.295 	  0.000 	  0.046
14 	 18 	 -0.270 	  0.000 	  0.042
14 	 19 	 -0.235 	  0.000 	  0.037
14 	 20 	 -0.189 	  0.000 	  0.030
14 	 21 	 -0.136 	  0.000 	  0.021
14 	 22 	 -0.077 	  0.000 	  0.012
14 	 23 	 -0.016 	  0.000 	  0.002
14 	 24 	  0.047 	  0.000 	 -0.007
14 	 25 	  0.107 	  0.000 	 -0.017
14 	 26 	  0.164 	  0.000 	 -0.026
14 	 27 	  0.213 	  0.000 	 -0.033
14 	 28 	  0.254 	  0.000 	 -0.040
14 	 29 	  0.284 	  0.000 	 -0.045
14 	 30 	  0.303 	  0.000 	 -0.048

15 	 0 	  0.322 	 -0.000 	 -0.016
15 	 1 	  0.316 	 -0.000 	 -0.016
15 	 2 	  0.296 	 -0.000 	 -0.015
15 	 3 	  0.265 	 -0.000 	 -0.013
15 	 4 	  0.222 	 -0.000 	 -0.011
15 	 5 	  0.171 	 -0.000 	 -0.009
15 	 6 	  0.112 	 -0.000 	 -0.006
15 	 7 	  0.049 	 -0.000 	 -0.002
15 	 8 	 -0.016 	 -0.000 	  0.001
15 	 9 	 -0.081 	 -0.000 	  0.004
15 	 10 	 -0.142 	 -0.000 	  0.007
15 	 11 	 -0.197 	 -0.000 	  0.010
15 	 12 	 -0.245 	 -0.000 	  0.012
15 	 13 	 -0.282 	 -0.000 	  0.014
15 	 14 	 -0.308 	 -0.000 	  0.016
15 	 15 	 -0.321 	 -0.000 	  0.016
15 	 16 	 -0.321 	  0.000 	  0.016
15 	 17 	 -0.308 	  0.000 	  0.016
15 	 18 	 -0.282 	  0.000 	  0.014
15 	 19 	 -0.245 	  0.000 	  0.012
15 	 20 	 -0.197 	  0.000 	  0.010
15 	 21 	 -0.142 	  0.000 	  0.007
15 	 22 	 -0.081 	  0.000 	  0.004
15 	 23 	 -0.016 	  0.000 	  0.001
15 	 24 	  0.049 	  0.000 	 -0.002
15 	 25 	  0.112 	  0.000 	 -0.006
15 	 26 	  0.171 	  0.000 	 -0.009
15 	 27 	  0.222 	  0.000 	 -0.011
15 	 28 	  0.265 	  0.000 	 -0.013
15 	 29 	  0.296 	  0.000 	 -0.015
15 	 30 	  0.316 	  0.000 	 -0.016

16 	 0 	  0.322 	 -0.000 	  0.016
16 	 1 	  0.316 	 -0.000 	  0.016
16 	 2 	  0.296 	 -0.000 	  0.015
16 	 3 	  0.265 	 -0.000 	  0.013
16 	 4 	  0.222 	 -0.000 	  0.011
16 	 5 	  0.171 	 -0.000 	  0.009
16 	 6 	  0.112 	 -0.000 	  0.006
16 	 7 	  0.049 	 -0.000 	  0.002
16 	 8 	 -0.016 	 -0.000 	 -0.001
16 	 9 	 -0.081 	 -0.000 	 -0.004
16 	 10 	 -0.142 	 -0.000 	 -0.007
16 	 11 	 -0.197 	 -0.000 	 -0.010
16 	 12 	 -0.245 	 -0.000 	 -0.012
16 	 13 	 -0.282 	 -0.000 	 -0.014
16 	 14 	 -0.308 	 -0.000 	 -0.016
16 	 15 	 -0.321 	 -0.000 	 -0.016
16 	 16 	 -0.321 	  0.000 	 -0.016
16 	 17 	 -0.308 	  0.000 	 -0.016
16 	 18 	 -0.282 	  0.000 	 -0.014
16 	 19 	 -0.245 	  0.000 	 -0.012
16 	 20 	 -0.197 	  0.000 	 -0.010
16 	 21 	 -0.142 	  0.000 	 -0.007
16 	 22 	 -0.081 	  0.000 	 -0.004
16 	 23 	 -0.016 	  0.000 	 -0.001
16 	 24 	  0.049 	  0.000 	  0.002
16 	 25 	  0.112 	  0.000 	  0.006
16 	 26 	  0.171 	  0.000 	  0.009
16 	 27 	  0.222 	  0.000 	  0.011
16 	 28 	  0.265 	  0.000 	  0.013
16 	 29 	  0.296 	  0.000 	  0.015
16 	 30 	  0.316 	  0.000 	  0.016

17 	 0 	  0.309 	 -0.000 	  0.049
17 	 1 	  0.303 	 -0.000 	  0.048
17 	 2 	  0.284 	 -0.000 	  0.045
17 	 3 	  0.254 	 -0.000 	  0.040
17 	 4 	  0.213 	 -0.000 	  0.033
17 	 5 	  0.164 	 -0.000 	  0.026
17 	 6 	  0.107 	 -0.000 	  0.017
17 	 7 	  0.047 	 -0.000 	  0.007
17 	 8 	 -0.016 	 -0.000 	 -0.002
17 	 9 	 -0.077 	 -0.000 	 -0.012
17 	 10 	 -0.136 	 -0.000 	 -0.021
17 	 11 	 -0.189 	 -0.000 	 -0.030
17 	 12 	 -0.235 	 -0.000 	 -0.037
17 	 13 	 -0.270 	 -0.000 	 -0.042
17 	 14 	 -0.295 	 -0.000 	 -0.046
17 	 15 	 -0.308 	 -0.000 	 -0.048
17 	 16 	 -0.308 	  0.000 	 -0.048
17 	 17 	 -0.295 	  0.000 	 -0.046
17 	 18 	 -0.270 	  0.000 	 -0.042
17 	 19 	 -0.235 	  0.000 	 -0.037
17 	 20 	 -0.189 	  0.000 	 -0.030
17 	 21 	 -0.136 	  0.000 	 -0.021
17 	 22 	 -0.077 	  0.000 	 -0.012
17 	 23 	 -0.016 	  0.000 	 -0.002
17 	 24 	  0.047 	  0.000 	  0.007
17 	 25 	  0.107 	  0.000 	  0.017
17 	 26 	  0.164 	  0.000 	  0.026
17 	 27 	  0.213 	  0.000 	  0.033
17 	 28 	  0.254 	  0.000 	  0.040
17 	 29 	  0.284 	  0.000 	  0.045
17 	 30 	  0.303 	  0.000 	  0.048

18 	 0 	  0.283 	 -0.000 	  0.079
18 	 1 	  0.278 	 -0.000 	  0.077
18 	 2 	  0.260 	 -0.000 	  0.072
18 	 3 	  0.233 	 -0.000 	  0.065
18 	 4 	  0.195 	 -0.000 	  0.054
18 	 5 	  0.150 	 -0.000 	  0.042
18 	 6 	  0.098 	 -0.000 	  0.027
18 	 7 	  0.043 	 -0.000 	  0.012
18 	 8 	 -0.014 	 -0.000 	 -0.004
18 	 9 	 -0.071 	 -0.000 	 -0.020
18 	 10 	 -0.125 	 -0.000 	 -0.035
18 	 11 	 -0.173 	 -0.000 	 -0.048
18 	 12 	 -0.215 	 -0.000 	 -0.060
18 	 13 	 -0.248 	 -0.000 	 -0.069
18 	 14 	 -0.270 	 -0.000 	 -0.075
18 	 15 	 -0.282 	 -0.000 	 -0.078
18 	 16 	 -0.282 	  0.000 	 -0.078
18 	 17 	 -0.270 	  0.000 	 -0.075
18 	 18 	 -0.248 	  0.000 	 -0.069
18 	 19 	 -0.215 	  0.000 	 -0.060
18 	 20 	 -0.173 	  0.000 	 -0.048
18 	 21 	 -0.125 	  0.000 	 -0.035
18 	 22 	 -0.071 	  0.000 	 -0.020
18 	 23 	 -0.014 	  0.000 	 -0.004
18 	 24 	  0.043 	  0.000 	  0.012
18 	 25 	  0.098 	  0.000 	  0.027
18 	 26 	  0.150 	  0.000 	  0.042
18 	 27 	  0.195 	  0.000 	  0.054
18 	 28 	  0.233 	  0.000 	  0.065
18 	 29 	  0.260 	  0.000 	  0.072
18 	 30 	  0.278 	  0.000 	  0.077

19 	 0 	  0.246 	 -0.000 	  0.106
19 	 1 	  0.241 	 -0.000 	  0.103
19 	 2 	  0.226 	 -0.000 	  0.097
19 	 3 	  0.202 	 -0.000 	  0.087
19 	 4 	  0.169 	 -0.000 	  0.073
19 	 5 	  0.130 	 -0.000 	  0.056
19 	 6 	  0.085 	 -0.000 	  0.037
19 	 7 	  0.037 	 -0.000 	  0.016
19 	 8 	 -0.012 	 -0.000 	 -0.005
19 	 9 	 -0.062 	 -0.000 	 -0.026
19 	 10 	 -0.108 	 -0.000 	 -0.046
19 	 11 	 -0.151 	 -0.000 	 -0.065
19 	 12 	 -0.187 	 -0.000 	 -0.080
19 	 13 	 -0.215 	 -0.000 	 -0.092
19 	 14 	 -0.235 	 -0.000 	 -0.101
19 	 15 	 -0.245 	 -0.000 	 -0.105
19 	 16 	 -0.245 	  0.000 	 -0.105
19 	 17 	 -0.235 	  0.000 	 -0.101
19 	 18 	 -0.215 	  0.000 	 -0.092
19 	 19 	 -0.187 	  0.000 	 -0.080
19 	 20 	 -0.151 	  0.000 	 -0.065
19 	 21 	 -0.108 	  0.000 	 -0.046
19 	 22 	 -0.062 	  0.000 	 -0.026
19 	 23 	 -0.012 	  0.000 	 -0.005
19 	 24 	  0.037 	  0.000 	  0.016
19 	 25 	  0.085 	  0.000 	  0.037
19 	 26 	  0.130 	  0.000 	  0.056
19 	 27 	  0.169 	  0.000 	  0.073
19 	 28 	  0.202 	  0.000 	  0.087
19 	 29 	  0.226 	  0.000 	  0.097
19 	 30 	  0.241 	  0.000 	  0.103

20 	 0 	  0.198 	 -0.000 	  0.128
20 	 1 	  0.194 	 -0.000 	  0.126
20 	 2 	  0.182 	 -0.000 	  0.118
20 	 3 	  0.163 	 -0.000 	  0.105
20 	 4 	  0.137 	 -0.000 	  0.088
20 	 5 	  0.105 	 -0.000 	  0.068
20 	 6 	  0.069 	 -0.000 	  0.044
20 	 7 	  0.030 	 -0.000 	  0.019
20 	 8 	 -0.010 	 -0.000 	 -0.006
20 	 9 	 -0.050 	 -0.000 	 -0.032
20 	 10 	 -0.087 	 -0.000 	 -0.056
20 	 11 	 -0.121 	 -0.000 	 -0.078
20 	 12 	 -0.151 	 -0.000 	 -0.097
20 	 13 	 -0.173 	 -0.000 	 -0.112
20 	 14 	 -0.189 	 -0.000 	 -0.122
20 	 15 	 -0.197 	 -0.000 	 -0.127
20 	 16 	 -0.197 	  0.000 	 -0.127
20 	 17 	 -0.189 	  0.000 	 -0.122
20 	 18 	 -0.173 	  0.000 	 -0.112
20 	 19 	 -0.151 	  0.000 	 -0.097
20 	 20 	 -0.121 	  0.000 	 -0.078
20 	 21 	 -0.087 	  0.000 	 -0.056
20 	 22 	 -0.050 	  0.000 	 -0.032
20 	 23 	 -0.010 	  0.000 	 -0.006
20 	 24 	  0.030 	  0.000 	  0.019
20 	 25 	  0.069 	  0.000 	  0.044
20 	 26 	  0.105 	  0.000 	  0.068
20 	 27 	  0.137 	  0.000 	  0.088
20 	 28 	  0.163 	  0.000 	  0.105
20 	 29 	  0.182 	  0.000 	  0.118
20 	 30 	  0.194 	  0.000 	  0.126

21 	 0 	  0.143 	 -0.000 	  0.145
21 	 1 	  0.140 	 -0.000 	  0.142
21 	 2 	  0.131 	 -0.000 	  0.134
21 	 3 	  0.117 	 -0.000 	  0.119
21 	 4 	  0.098 	 -0.000 	  0.100
21 	 5 	  0.075 	 -0.000 	  0.077
21 	 6 	  0.050 	 -0.000 	  0.051
21 	 7 	  0.022 	 -0.000 	  0.022
21 	 8 	 -0.007 	 -0.000 	 -0.007
21 	 9 	 -0.036 	 -0.000 	 -0.036
21 	 10 	 -0.063 	 -0.000 	 -0.064
21 	 11 	 -0.087 	 -0.000 	 -0.089
21 	 12 	 -0.108 	 -0.000 	 -0.110
21 	 13 	 -0.125 	 -0.000 	 -0.127
21 	 14 	 -0.136 	 -0.000 	 -0.139
21 	 15 	 -0.142 	 -0.000 	 -0.145
21 	 16 	 -0.142 	  0.000 	 -0.145
21 	 17 	 -0.136 	  0.000 	 -0.139
21 	 18 	 -0.125 	  0.000 	 -0.127
21 	 19 	 -0.108 	  0.000 	 -0.110
21 	 20 	 -0.087 	  0.000 	 -0.089
21 	 21 	 -0.063 	  0.000 	 -0.064
21 	 22 	 -0.036 	  0.000 	 -0.036
21 	 23 	 -0.007 	  0.000 	 -0.007
21 	 24 	  0.022 	  0.000 	  0.022
21 	 25 	  0.050 	  0.000 	  0.051
21 	 26 	  0.075 	  0.000 	  0.077
21 	 27 	  0.098 	  0.000 	  0.100
21 	 28 	  0.117 	  0.000 	  0.119
21 	 29 	  0.131 	  0.000 	  0.134
21 	 30 	  0.140 	  0.000 	  0.142

22 	 0 	  0.081 	 -0.000 	  0.157
22 	 1 	  0.080 	 -0.000 	  0.154
22 	 2 	  0.075 	 -0.000 	  0.144
22 	 3 	  0.067 	 -0.000 	  0.129
22 	 4 	  0.056 	 -0.000 	  0.108
22 	 5 	  0.043 	 -0.000 	  0.083
22 	 6 	  0.028 	 -0.000 	  0.054
22 	 7 	  0.012 	 -0.000 	  0.024
22 	 8 	 -0.004 	 -0.000 	 -0.008
22 	 9 	 -0.020 	 -0.000 	 -0.039
22 	 10 	 -0.036 	 -0.000 	 -0.069
22 	 11 	 -0.050 	 -0.000 	 -0.096
22 	 12 	 -0.062 	 -0.000 	 -0.119
22 	 13 	 -0.071 	 -0.000 	 -0.137
22 	 14 	 -0.077 	 -0.000 	 -0.150
22 	 15 	 -0.081 	 -0.000 	 -0.156
22 	 16 	 -0.081 	  0.000 	 -0.156
22 	 17 	 -0.077 	  0.000 	 -0.150
22 	 18 	 -0.071 	  0.000 	 -0.137
22 	 19 	 -0.062 	  0.000 	 -0.119
22 	 20 	 -0.050 	  0.000 	 -0.096
22 	 21 	 -0.036 	  0.000 	 -0.069
22 	 22 	 -0.020 	  0.000 	 -0.039
22 	 23 	 -0.004 	  0.000 	 -0.008
22 	 24 	  0.012 	  0.000 	  0.024
22 	 25 	  0.028 	  0.000 	  0.054
22 	 26 	  0.043 	  0.000 	  0.083
22 	 27 	  0.056 	  0.000 	  0.108
22 	 28 	  0.067 	  0.000 	  0.129
22 	 29 	  0.075 	  0.000 	  0.144
22 	 30 	  0.080 	  0.000 	  0.154

23 	 0 	  0.016 	 -0.000 	  0.162
23 	 1 	  0.016 	 -0.000 	  0.159
23 	 2 	  0.015 	 -0.000 	  0.149
23 	 3 	  0.013 	 -0.000 	  0.133
23 	 4 	  0.011 	 -0.000 	  0.111
23 	 5 	  0.009 	 -0.000 	  0.086
23 	 6 	  0.006 	 -0.000 	  0.056
23 	 7 	  0.002 	 -0.000 	  0.025
23 	 8 	 -0.001 	 -0.000 	 -0.008
23 	 9 	 -0.004 	 -0.000 	 -0.041
23 	 10 	 -0.007 	 -0.000 	 -0.071
23 	 11 	 -0.010 	 -0.000 	 -0.099
23 	 12 	 -0.012 	 -0.000 	 -0.123
23 	 13 	 -0.014 	 -0.000 	 -0.141
23 	 14 	 -0.016 	 -0.000 	 -0.154
23 	 15 	 -0.016 	 -0.000 	 -0.161
23 	 16 	 -0.016 	  0.000 	 -0.161
23 	 17 	 -0.016 	  0.000 	 -0.154
23 	 18 	 -0.014 	  0.000 	 -0.141
23 	 19 	 -0.012 	  0.000 	 -0.123
23 	 20 	 -0.010 	  0.000 	 -0.099
23 	 21 	 -0.007 	  0.000 	 -0.071
23 	 22 	 -0.004 	  0.000 	 -0.041
23 	 23 	 -0.001 	  0.000 	 -0.008
23 	 24 	  0.002 	  0.000 	  0.025
23 	 25 	  0.006 	  0.000 	  0.056
23 	 26 	  0.009 	  0.000 	  0.086
23 	 27 	  0.011 	  0.000 	  0.111
23 	 28 	  0.013 	  0.000 	  0.133
23 	 29 	  0.015 	  0.000 	  0.149
23 	 30 	  0.016 	  0.000 	  0.159

24 	 0 	 -0.049 	  0.000 	  0.160
24 	 1 	 -0.048 	  0.000 	  0.157
24 	 2 	 -0.045 	  0.000 	  0.147
24 	 3 	 -0.040 	  0.000 	  0.131
24 	 4 	 -0.034 	  0.000 	  0.110
24 	 5 	 -0.026 	  0.000 	  0.085
24 	 6 	 -0.017 	  0.000 	  0.056
24 	 7 	 -0.007 	  0.000 	  0.024
24 	 8 	  0.002 	  0.000 	 -0.008
24 	 9 	  0.012 	  0.000 	 -0.040
24 	 10 	  0.022 	  0.000 	 -0.071
24 	 11 	  0.030 	  0.000 	 -0.098
24 	 12 	  0.037 	  0.000 	 -0.122
24 	 13 	  0.043 	  0.000 	 -0.140
24 	 14 	  0.047 	  0.000 	 -0.153
24 	 15 	  0.049 	  0.000 	 -0.159
24 	 16 	  0.049 	 -0.000 	 -0.159
24 	 17 	  0.047 	 -0.000 	 -0.153
24 	 18 	  0.043 	 -0.000 	 -0.140
24 	 19 	  0.037 	 -0.000 	 -0.122
24 	 20 	  0.030 	 -0.000 	 -0.098
24 	 21 	  0.022 	 -0.000 	 -0.071
24 	 22 	  0.012 	 -0.000 	 -0.040
24 	 23 	  0.002 	 -0.000 	 -0.008
24 	 24 	 -0.007 	 -0.000 	  0.024
24 	 25 	 -0.017 	 -0.000 	  0.056
24 	 26 	 -0.026 	 -0.000 	  0.085
24 	 27 	 -0.034 	 -0.000 	  0.110
24 	 28 	 -0.040 	 -0.000 	  0.131
24 	 29 	 -0.045 	 -0.000 	  0.147
24 	 30 	 -0.048 	 -0.000 	  0.157

25 	 0 	 -0.113 	  0.000 	  0.152
25 	 1 	 -0.110 	  0.000 	  0.149
25 	 2 	 -0.103 	  0.000 	  0.140
25 	 3 	 -0.092 	  0.000 	  0.125
25 	 4 	 -0.078 	  0.000 	  0.105
25 	 5 	 -0.060 	  0.000 	  0.080
25 	 6 	 -0.039 	  0.000 	  0.053
25 	 7 	 -0.017 	  0.000 	  0.023
25 	 8 	  0.006 	  0.000 	 -0.008
25 	 9 	  0.028 	  0.000 	 -0.038
25 	 10 	  0.050 	  0.000 	 -0.067
25 	 11 	  0.069 	  0.000 	 -0.093
25 	 12 	  0.085 	  0.000 	 -0.115
25 	 13 	  0.098 	  0.000 	 -0.133
25 	 14 	  0.107 	  0.000 	 -0.145
25 	 15 	  0.112 	  0.000 	 -0.151
25 	 16 	  0.112 	 -0.000 	 -0.151
25 	 17 	  0.107 	 -0.000 	 -0.145
25 	 18 	  0.098 	 -0.000 	 -0.133
25 	 19 	  0.085 	 -0.000 	 -0.115
25 	 20 	  0.069 	 -0.000 	 -0.093
25 	 21 	  0.050 	 -0.000 	 -0.067
25 	 22 	  0.028 	 -0.000 	 -0.038
25 	 23 	  0.006 	 -0.000 	 -0.008
25 	 24 	 -0.017 	 -0.000 	  0.023
25 	 25 	 -0.039 	 -0.000 	  0.053
25 	 26 	 -0.060 	 -0.000 	  0.080
25 	 27 	 -0.078 	 -0.000 	  0.105
25 	 28 	 -0.092 	 -0.000 	  0.125
25 	 29 	 -0.103 	 -0.000 	  0.140
25 	 30 	 -0.110 	 -0.000 	  0.149

26 	 0 	 -0.171 	  0.000 	  0.138
26 	 1 	 -0.168 	  0.000 	  0.135
26 	 2 	 -0.158 	  0.000 	  0.126
26 	 3 	 -0.141 	  0.000 	  0.113
26 	 4 	 -0.118 	  0.000 	  0.095
26 	 5 	 -0.091 	  0.000 	  0.073
26 	 6 	 -0.060 	  0.000 	  0.048
26 	 7 	 -0.026 	  0.000 	  0.021
26 	 8 	  0.009 	  0.000 	 -0.007
26 	 9 	  0.043 	  0.000 	 -0.034
26 	 10 	  0.075 	  0.000 	 -0.061
26 	 11 	  0.105 	  0.000 	 -0.084
26 	 12 	  0.130 	  0.000 	 -0.104
26 	 13 	  0.150 	  0.000 	 -0.120
26 	 14 	  0.164 	  0.000 	 -0.131
26 	 15 	  0.171 	  0.000 	 -0.137
26 	 16 	  0.171 	 -0.000 	 -0.137
26 	 17 	  0.164 	 -0.000 	 -0.131
26 	 18 	  0.150 	 -0.000 	 -0.120
26 	 19 	  0.130 	 -0.000 	 -0.104
26 	 20 	  0.105 	 -0.000 	 -0.084
26 	 21 	  0.075 	 -0.000 	 -0.061
26 	 22 	  0.043 	 -0.000 	 -0.034
26 	 23 	  0.009 	 -0.000 	 -0.007
26 	 24 	 -0.026 	 -0.000 	  0.021
26 	 25 	 -0.060 	 -0.000 	  0.048
26 	 26 	 -0.091 	 -0.000 	  0.073
26 	 27 	 -0.118 	 -0.000 	  0.095
26 	 28 	 -0.141 	 -0.000 	  0.113
26 	 29 	 -0.158 	 -0.000 	  0.126
26 	 30 	 -0.168 	 -0.000 	  0.135

27 	 0 	 -0.223 	  0.000 	  0.117
27 	 1 	 -0.219 	  0.000 	  0.115
27 	 2 	 -0.205 	  0.000 	  0.108
27 	 3 	 -0.183 	  0.000 	  0.096
27 	 4 	 -0.154 	  0.000 	  0.081
27 	 5 	 -0.118 	  0.000 	  0.062
27 	 6 	 -0.078 	  0.000 	  0.041
27 	 7 	 -0.034 	  0.000 	  0.018
27 	 8 	  0.011 	  0.000 	 -0.006
27 	 9 	  0.056 	  0.000 	 -0.029
27 	 10 	  0.098 	  0.000 	 -0.052
27 	 11 	  0.137 	  0.000 	 -0.072
27 	 12 	  0.169 	  0.000 	 -0.089
27 	 13 	  0.195 	  0.000 	 -0.103
27 	 14 	  0.213 	  0.000 	 -0.112
27 	 15 	  0.222 	  0.000 	 -0.117
27 	 16 	  0.222 	 -0.000 	 -0.117
27 	 17 	  0.213 	 -0.000 	 -0.112
27 	 18 	  0.195 	 -0.000 	 -0.103
27 	 19 	  0.169 	 -0.000 	 -0.089
27 	 20 	  0.137 	 -0.000 	 -0.072
27 	 21 	  0.098 	 -0.000 	 -0.052
27 	 22 	  0.056 	 -0.000 	 -0.029
27 	 23 	  0.011 	 -0.000 	 -0.006
27 	 24 	 -0.034 	 -0.000 	  0.018
27 	 25 	 -0.078 	 -0.000 	  0.041
27 	 26 	 -0.118 	 -0.000 	  0.062
27 	 27 	 -0.154 	 -0.000 	  0.081
27 	 28 	 -0.183 	 -0.000 	  0.096
27 	 29 	 -0.205 	 -0.000 	  0.108
27 	 30 	 -0.219 	 -0.000 	  0.115

28 	 0 	 -0.266 	  0.000 	  0.093
28 	 1 	 -0.261 	  0.000 	  0.091
28 	 2 	 -0.244 	  0.000 	  0.085
28 	 3 	 -0.218 	  0.000 	  0.076
28 	 4 	 -0.183 	  0.000 	  0.064
28 	 5 	 -0.141 	  0.000 	  0.049
28 	 6 	 -0.092 	  0.000 	  0.032
28 	 7 	 -0.040 	  0.000 	  0.014
28 	 8 	  0.013 	  0.000 	 -0.005
28 	 9 	  0.067 	  0.000 	 -0.023
28 	 10 	  0.117 	  0.000 	 -0.041
28 	 11 	  0.163 	  0.000 	 -0.057
28 	 12 	  0.202 	  0.000 	 -0.070
28 	 13 	  0.233 	  0.000 	 -0.081
28 	 14 	  0.254 	  0.000 	 -0.088
28 	 15 	  0.265 	  0.000 	 -0.092
28 	 16 	  0.265 	 -0.000 	 -0.092
28 	 17 	  0.254 	 -0.000 	 -0.088
28 	 18 	  0.233 	 -0.000 	 -0.081
28 	 19 	  0.202 	 -0.000 	 -0.070
28 	 20 	  0.163 	 -0.000 	 -0.057
28 	 21 	  0.117 	 -0.000 	 -0.041
28 	 22 	  0.067 	 -0.000 	 -0.023
28 	 23 	  0.013 	 -0.000 	 -0.005
28 	 24 	 -0.040 	 -0.000 	  0.014
28 	 25 	 -0.092 	 -0.000 	  0.032
28 	 26 	 -0.141 	 -0.000 	  0.049
28 	 27 	 -0.183 	 -0.000 	  0.064
28 	 28 	 -0.218 	 -0.000 	  0.076
28 	 29 	 -0.244 	 -0.000 	  0.085
28 	 30 	 -0.261 	 -0.000 	  0.091

29 	 0 	 -0.298 	  0.000 	  0.064
29 	 1 	 -0.292 	  0.000 	  0.063
29 	 2 	 -0.274 	  0.000 	  0.059
29 	 3 	 -0.244 	  0.000 	  0.052
29 	 4 	 -0.205 	  0.000 	  0.044
29 	 5 	 -0.158 	  0.000 	  0.034
29 	 6 	 -0.103 	  0.000 	  0.022
29 	 7 	 -0.045 	  0.000 	  0.010
29 	 8 	  0.015 	  0.000 	 -0.003
29 	 9 	  0.075 	  0.000 	 -0.016
29 	 10 	  0.131 	  0.000 	 -0.028
29 	 11 	  0.182 	  0.000 	 -0.039
29 	 12 	  0.226 	  0.000 	 -0.048
29 	 13 	  0.260 	  0.000 	 -0.056
29 	 14 	  0.284 	  0.000 	 -0.061
29 	 15 	  0.296 	  0.000 	 -0.064
29 	 16 	  0.296 	 -0.000 	 -0.064
29 	 17 	  0.284 	 -0.000 	 -0.061
29 	 18 	  0.260 	 -0.000 	 -0.056
29 	 19 	  0.226 	 -0.000 	 -0.048
29 	 20 	  0.182 	 -0.000 	 -0.039
29 	 21 	  0.131 	 -0.000 	 -0.028
29 	 22 	  0.075 	 -0.000 	 -0.016
29 	 23 	  0.015 	 -0.000 	 -0.003
29 	 24 	 -0.045 	 -0.000 	  0.010
29 	 25 	 -0.103 	 -0.000 	  0.022
29 	 26 	 -0.158 	 -0.000 	  0.034
29 	 27 	 -0.205 	 -0.000 	  0.044
29 	 28 	 -0.244 	 -0.000 	  0.052
29 	 29 	 -0.274 	 -0.000 	  0.059
29 	 30 	 -0.292 	 -0.000 	  0.063

30 	 0 	 -0.317 	  0.000 	  0.033
30 	 1 	 -0.311 	  0.000 	  0.032
30 	 2 	 -0.292 	  0.000 	  0.030
30 	 3 	 -0.261 	  0.000 	  0.027
30 	 4 	 -0.219 	  0.000 	  0.022
30 	 5 	 -0.168 	  0.000 	  0.017
30 	 6 	 -0.110 	  0.000 	  0.011
30 	 7 	 -0.048 	  0.000 	  0.005
30 	 8 	  0.016 	  0.000 	 -0.002
30 	 9 	  0.080 	  0.000 	 -0.008
30 	 10 	  0.140 	  0.000 	 -0.014
30 	 11 	  0.194 	  0.000 	 -0.020
30 	 12 	  0.241 	  0.000 	 -0.025
30 	 13 	  0.278 	  0.000 	 -0.029
30 	 14 	  0.303 	  0.000 	 -0.031
30 	 15 	  0.316 	  0.000 	 -0.032
30 	 16 	  0.316 	 -0.000 	 -0.032
30 	 17 	  0.303 	 -0.000 	 -0.031
30 	 18 	  0.278 	 -0.000 	 -0.029
30 	 19 	  0.241 	 -0.000 	 -0.025
30 	 20 	  0.194 	 -0.000 	 -0.020
30 	 21 	  0.140 	 -0.000 	 -0.014
30 	 22 	  0.080 	 -0.000 	 -0.008
30 	 23 	  0.016 	 -0.000 	 -0.002
30 	 24 	 -0.048 	 -0.000 	  0.005
30 	 25 	 -0.110 	 -0.000 	  0.011
30 	 26 	 -0.168 	 -0.000 	  0.017
30 	 27 	 -0.219 	 -0.000 	  0.022
30 	 28 	 -0.261 	 -0.000 	  0.027
30 	 29 	 -0.292 	 -0.000 	  0.030
30 	 30 	 -0.311 	 -0.000 	  0.032

