0 	 0 	 -0.351 	  0.000 	 -0.000
0 	 1 	 -0.344 	  0.000 	 -0.000
0 	 2 	 -0.323 	  0.000 	 -0.000
0 	 3 	 -0.288 	  0.000 	 -0.000
0 	 4 	 -0.242 	  0.000 	 -0.000
0 	 5 	 -0.186 	  0.000 	 -0.000
0 	 6 	 -0.122 	  0.000 	 -0.000
0 	 7 	 -0.053 	  0.000 	 -0.000
0 	 8 	  0.018 	  0.000 	  0.000
0 	 9 	  0.088 	  0.000 	  0.000
0 	 10 	  0.155 	  0.000 	  0.000
0 	 11 	  0.215 	  0.000 	  0.000
0 	 12 	  0.266 	  0.000 	  0.000
0 	 13 	  0.307 	  0.000 	  0.000
0 	 14 	  0.335 	  0.000 	  0.000
0 	 15 	  0.349 	  0.000 	  0.000
0 	 16 	  0.349 	 -0.000 	  0.000
0 	 17 	  0.335 	 -0.000 	  0.000
0 	 18 	  0.307 	 -0.000 	  0.000
0 	 19 	  0.266 	 -0.000 	  0.000
0 	 20 	  0.215 	 -0.000 	  0.000
0 	 21 	  0.155 	 -0.000 	  0.000
0 	 22 	  0.088 	 -0.000 	  0.000
0 	 23 	  0.018 	 -0.000 	  0.000
0 	 24 	 -0.053 	 -0.000 	 -0.000
0 	 25 	 -0.122 	 -0.000 	 -0.000
0 	 26 	 -0.186 	 -0.000 	 -0.000
0 	 27 	 -0.242 	 -0.000 	 -0.000
0 	 28 	 -0.288 	 -0.000 	 -0.000
0 	 29 	 -0.323 	 -0.000 	 -0.000
0 	 30 	 -0.344 	 -0.000 	 -0.000

1 	 0 	 -0.344 	  0.000 	 -0.035
1 	 1 	 -0.337 	  0.000 	 -0.035
1 	 2 	 -0.316 	  0.000 	 -0.032
1 	 3 	 -0.282 	  0.000 	 -0.029
1 	 4 	 -0.237 	  0.000 	 -0.024
1 	 5 	 -0.182 	  0.000 	 -0.019
1 	 6 	 -0.119 	  0.000 	 -0.012
1 	 7 	 -0.052 	  0.000 	 -0.005
1 	 8 	  0.017 	  0.000 	  0.002
1 	 9 	  0.086 	  0.000 	  0.009
1 	 10 	  0.151 	  0.000 	  0.016
1 	 11 	  0.210 	  0.000 	  0.022
1 	 12 	  0.261 	  0.000 	  0.027
1 	 13 	  0.301 	  0.000 	  0.031
1 	 14 	  0.328 	  0.000 	  0.034
1 	 15 	  0.342 	  0.000 	  0.035
1 	 16 	  0.342 	 -0.000 	  0.035
1 	 17 	  0.328 	 -0.000 	  0.034
1 	 18 	  0.301 	 -0.000 	  0.031
1 	 19 	  0.261 	 -0.000 	  0.027
1 	 20 	  0.210 	 -0.000 	  0.022
1 	 21 	  0.151 	 -0.000 	  0.016
1 	 22 	  0.086 	 -0.000 	  0.009
1 	 23 	  0.017 	 -0.000 	  0.002
1 	 24 	 -0.052 	 -0.000 	 -0.005
1 	 25 	 -0.119 	 -0.000 	 -0.012
1 	 26 	 -0.182 	 -0.000 	 -0.019
1 	 27 	 -0.237 	 -0.000 	 -0.024
1 	 28 	 -0.282 	 -0.000 	 -0.029
1 	 29 	 -0.316 	 -0.000 	 -0.032
1 	 30 	 -0.337 	 -0.000 	 -0.035

2 	 0 	 -0.323 	  0.000 	 -0.069
2 	 1 	 -0.316 	  0.000 	 -0.068
2 	 2 	 -0.296 	  0.000 	 -0.064
2 	 3 	 -0.265 	  0.000 	 -0.057
2 	 4 	 -0.222 	  0.000 	 -0.048
2 	 5 	 -0.171 	  0.000 	 -0.037
2 	 6 	 -0.112 	  0.000 	 -0.024
2 	 7 	 -0.049 	  0.000 	 -0.010
2 	 8 	  0.016 	  0.000 	  0.004
2 	 9 	  0.081 	  0.000 	  0.017
2 	 10 	  0.142 	  0.000 	  0.030
2 	 11 	  0.197 	  0.000 	  0.042
2 	 12 	  0.245 	  0.000 	  0.053
2 	 13 	  0.282 	  0.000 	  0.061
2 	 14 	  0.308 	  0.000 	  0.066
2 	 15 	  0.321 	  0.000 	  0.069
2 	 16 	  0.321 	 -0.000 	  0.069
2 	 17 	  0.308 	 -0.000 	  0.066
2 	 18 	  0.282 	 -0.000 	  0.061
2 	 19 	  0.245 	 -0.000 	  0.053
2 	 20 	  0.197 	 -0.000 	  0.042
2 	 21 	  0.142 	 -0.000 	  0.030
2 	 22 	  0.081 	 -0.000 	  0.017
2 	 23 	  0.016 	 -0.000 	  0.004
2 	 24 	 -0.049 	 -0.000 	 -0.010
2 	 25 	 -0.112 	 -0.000 	 -0.024
2 	 26 	 -0.171 	 -0.000 	 -0.037
2 	 27 	 -0.222 	 -0.000 	 -0.048
2 	 28 	 -0.265 	 -0.000 	 -0.057
2 	 29 	 -0.296 	 -0.000 	 -0.064
2 	 30 	 -0.316 	 -0.000 	 -0.068

3 	 0 	 -0.288 	  0.000 	 -0.100
3 	 1 	 -0.282 	  0.000 	 -0.098
3 	 2 	 -0.265 	  0.000 	 -0.092
3 	 3 	 -0.236 	  0.000 	 -0.082
3 	 4 	 -0.199 	  0.000 	 -0.069
3 	 5 	 -0.152 	  0.000 	 -0.053
3 	 6 	 -0.100 	  0.000 	 -0.035
3 	 7 	 -0.044 	  0.000 	 -0.015
3 	 8 	  0.015 	  0.000 	  0.005
3 	 9 	  0.072 	  0.000 	  0.025
3 	 10 	  0.127 	  0.000 	  0.044
3 	 11 	  0.176 	  0.000 	  0.061
3 	 12 	  0.219 	  0.000 	  0.076
3 	 13 	  0.252 	  0.000 	  0.088
3 	 14 	  0.275 	  0.000 	  0.096
3 	 15 	  0.287 	  0.000 	  0.100
3 	 16 	  0.287 	 -0.000 	  0.100
3 	 17 	  0.275 	 -0.000 	  0.096
3 	 18 	  0.252 	 -0.000 	  0.088
3 	 19 	  0.219 	 -0.000 	  0.076
3 	 20 	  0.176 	 -0.000 	  0.061
3 	 21 	  0.127 	 -0.000 	  0.044
3 	 22 	  0.072 	 -0.000 	  0.025
3 	 23 	  0.015 	 -0.000 	  0.005
3 	 24 	 -0.044 	 -0.000 	 -0.015
3 	 25 	 -0.100 	 -0.000 	 -0.035
3 	 26 	 -0.152 	 -0.000 	 -0.053
3 	 27 	 -0.199 	 -0.000 	 -0.069
3 	 28 	 -0.236 	 -0.000 	 -0.082
3 	 29 	 -0.265 	 -0.000 	 -0.092
3 	 30 	 -0.282 	 -0.000 	 -0.098

4 	 0 	 -0.242 	  0.000 	 -0.127
4 	 1 	 -0.237 	  0.000 	 -0.125
4 	 2 	 -0.222 	  0.000 	 -0.117
4 	 3 	 -0.199 	  0.000 	 -0.104
4 	 4 	 -0.167 	  0.000 	 -0.088
4 	 5 	 -0.128 	  0.000 	 -0.067
4 	 6 	 -0.084 	  0.000 	 -0.044
4 	 7 	 -0.037 	  0.000 	 -0.019
4 	 8 	  0.012 	  0.000 	  0.006
4 	 9 	  0.061 	  0.000 	  0.032
4 	 10 	  0.107 	  0.000 	  0.056
4 	 11 	  0.148 	  0.000 	  0.078
4 	 12 	  0.184 	  0.000 	  0.097
4 	 13 	  0.211 	  0.000 	  0.111
4 	 14 	  0.231 	  0.000 	  0.121
4 	 15 	  0.241 	  0.000 	  0.127
4 	 16 	  0.241 	 -0.000 	  0.127
4 	 17 	  0.231 	 -0.000 	  0.121
4 	 18 	  0.211 	 -0.000 	  0.111
4 	 19 	  0.184 	 -0.000 	  0.097
4 	 20 	  0.148 	 -0.000 	  0.078
4 	 21 	  0.107 	 -0.000 	  0.056
4 	 22 	  0.061 	 -0.000 	  0.032
4 	 23 	  0.012 	 -0.000 	  0.006
4 	 24 	 -0.037 	 -0.000 	 -0.019
4 	 25 	 -0.084 	 -0.000 	 -0.044
4 	 26 	 -0.128 	 -0.000 	 -0.067
4 	 27 	 -0.167 	 -0.000 	 -0.088
4 	 28 	 -0.199 	 -0.000 	 -0.104
4 	 29 	 -0.222 	 -0.000 	 -0.117
4 	 30 	 -0.237 	 -0.000 	 -0.125

5 	 0 	 -0.186 	  0.000 	 -0.149
5 	 1 	 -0.182 	  0.000 	 -0.146
5 	 2 	 -0.171 	  0.000 	 -0.137
5 	 3 	 -0.152 	  0.000 	 -0.122
5 	 4 	 -0.128 	  0.000 	 -0.103
5 	 5 	 -0.098 	  0.000 	 -0.079
5 	 6 	 -0.064 	  0.000 	 -0.052
5 	 7 	 -0.028 	  0.000 	 -0.023
5 	 8 	  0.009 	  0.000 	  0.008
5 	 9 	  0.047 	  0.000 	  0.037
5 	 10 	  0.082 	  0.000 	  0.066
5 	 11 	  0.114 	  0.000 	  0.091
5 	 12 	  0.141 	  0.000 	  0.113
5 	 13 	  0.162 	  0.000 	  0.130
5 	 14 	  0.177 	  0.000 	  0.142
5 	 15 	  0.185 	  0.000 	  0.148
5 	 16 	  0.185 	 -0.000 	  0.148
5 	 17 	  0.177 	 -0.000 	  0.142
5 	 18 	  0.162 	 -0.000 	  0.130
5 	 19 	  0.141 	 -0.000 	  0.113
5 	 20 	  0.114 	 -0.000 	  0.091
5 	 21 	  0.082 	 -0.000 	  0.066
5 	 22 	  0.047 	 -0.000 	  0.037
5 	 23 	  0.009 	 -0.000 	  0.008
5 	 24 	 -0.028 	 -0.000 	 -0.023
5 	 25 	 -0.064 	 -0.000 	 -0.052
5 	 26 	 -0.098 	 -0.000 	 -0.079
5 	 27 	 -0.128 	 -0.000 	 -0.103
5 	 28 	 -0.152 	 -0.000 	 -0.122
5 	 29 	 -0.171 	 -0.000 	 -0.137
5 	 30 	 -0.182 	 -0.000 	 -0.146

6 	 0 	 -0.122 	  0.000 	 -0.165
6 	 1 	 -0.119 	  0.000 	 -0.161
6 	 2 	 -0.112 	  0.000 	 -0.151
6 	 3 	 -0.100 	  0.000 	 -0.135
6 	 4 	 -0.084 	  0.000 	 -0.113
6 	 5 	 -0.064 	  0.000 	 -0.087
6 	 6 	 -0.042 	  0.000 	 -0.057
6 	 7 	 -0.018 	  0.000 	 -0.025
6 	 8 	  0.006 	  0.000 	  0.008
6 	 9 	  0.031 	  0.000 	  0.041
6 	 10 	  0.054 	  0.000 	  0.072
6 	 11 	  0.075 	  0.000 	  0.101
6 	 12 	  0.093 	  0.000 	  0.125
6 	 13 	  0.107 	  0.000 	  0.144
6 	 14 	  0.116 	  0.000 	  0.157
6 	 15 	  0.121 	  0.000 	  0.164
6 	 16 	  0.121 	 -0.000 	  0.164
6 	 17 	  0.116 	 -0.000 	  0.157
6 	 18 	  0.107 	 -0.000 	  0.144
6 	 19 	  0.093 	 -0.000 	  0.125
6 	 20 	  0.075 	 -0.000 	  0.101
6 	 21 	  0.054 	 -0.000 	  0.072
6 	 22 	  0.031 	 -0.000 	  0.041
6 	 23 	  0.006 	 -0.000 	  0.008
6 	 24 	 -0.018 	 -0.000 	 -0.025
6 	 25 	 -0.042 	 -0.000 	 -0.057
6 	 26 	 -0.064 	 -0.000 	 -0.087
6 	 27 	 -0.084 	 -0.000 	 -0.113
6 	 28 	 -0.100 	 -0.000 	 -0.135
6 	 29 	 -0.112 	 -0.000 	 -0.151
6 	 30 	 -0.119 	 -0.000 	 -0.161

7 	 0 	 -0.053 	  0.000 	 -0.173
7 	 1 	 -0.052 	  0.000 	 -0.170
7 	 2 	 -0.049 	  0.000 	 -0.159
7 	 3 	 -0.044 	  0.000 	 -0.142
7 	 4 	 -0.037 	  0.000 	 -0.120
7 	 5 	 -0.028 	  0.000 	 -0.092
7 	 6 	 -0.018 	  0.000 	 -0.060
7 	 7 	 -0.008 	  0.000 	 -0.026
7 	 8 	  0.003 	  0.000 	  0.009
7 	 9 	  0.013 	  0.000 	  0.043
7 	 10 	  0.023 	  0.000 	  0.076
7 	 11 	  0.033 	  0.000 	  0.106
7 	 12 	  0.040 	  0.000 	  0.132
7 	 13 	  0.046 	  0.000 	  0.152
7 	 14 	  0.051 	  0.000 	  0.166
7 	 15 	  0.053 	  0.000 	  0.173
7 	 16 	  0.053 	 -0.000 	  0.173
7 	 17 	  0.051 	 -0.000 	  0.166
7 	 18 	  0.046 	 -0.000 	  0.152
7 	 19 	  0.040 	 -0.000 	  0.132
7 	 20 	  0.033 	 -0.000 	  0.106
7 	 21 	  0.023 	 -0.000 	  0.076
7 	 22 	  0.013 	 -0.000 	  0.043
7 	 23 	  0.003 	 -0.000 	  0.009
7 	 24 	 -0.008 	 -0.000 	 -0.026
7 	 25 	 -0.018 	 -0.000 	 -0.060
7 	 26 	 -0.028 	 -0.000 	 -0.092
7 	 27 	 -0.037 	 -0.000 	 -0.120
7 	 28 	 -0.044 	 -0.000 	 -0.142
7 	 29 	 -0.049 	 -0.000 	 -0.159
7 	 30 	 -0.052 	 -0.000 	 -0.170

8 	 0 	  0.018 	 -0.000 	 -0.175
8 	 1 	  0.017 	 -0.000 	 -0.172
8 	 2 	  0.016 	 -0.000 	 -0.161
8 	 3 	  0.015 	 -0.000 	 -0.144
8 	 4 	  0.012 	 -0.000 	 -0.121
8 	 5 	  0.009 	 -0.000 	 -0.093
8 	 6 	  0.006 	 -0.000 	 -0.061
8 	 7 	  0.003 	 -0.000 	 -0.027
8 	 8 	 -0.001 	 -0.000 	  0.009
8 	 9 	 -0.004 	 -0.000 	  0.044
8 	 10 	 -0.008 	 -0.000 	  0.077
8 	 11 	 -0.011 	 -0.000 	  0.107
8 	 12 	 -0.013 	 -0.000 	  0.133
8 	 13 	 -0.016 	 -0.000 	  0.153
8 	 14 	 -0.017 	 -0.000 	  0.167
8 	 15 	 -0.018 	 -0.000 	  0.174
8 	 16 	 -0.018 	  0.000 	  0.174
8 	 17 	 -0.017 	  0.000 	  0.167
8 	 18 	 -0.016 	  0.000 	  0.153
8 	 19 	 -0.013 	  0.000 	  0.133
8 	 20 	 -0.011 	  0.000 	  0.107
8 	 21 	 -0.008 	  0.000 	  0.077
8 	 22 	 -0.004 	  0.000 	  0.044
8 	 23 	 -0.001 	  0.000 	  0.009
8 	 24 	  0.003 	  0.000 	 -0.027
8 	 25 	  0.006 	  0.000 	 -0.061
8 	 26 	  0.009 	  0.000 	 -0.093
8 	 27 	  0.012 	  0.000 	 -0.121
8 	 28 	  0.015 	  0.000 	 -0.144
8 	 29 	  0.016 	  0.000 	 -0.161
8 	 30 	  0.017 	  0.000 	 -0.172

9 	 0 	  0.088 	 -0.000 	 -0.170
9 	 1 	  0.086 	 -0.000 	 -0.166
9 	 2 	  0.081 	 -0.000 	 -0.156
9 	 3 	  0.072 	 -0.000 	 -0.139
9 	 4 	  0.061 	 -0.000 	 -0.117
9 	 5 	  0.047 	 -0.000 	 -0.090
9 	 6 	  0.031 	 -0.000 	 -0.059
9 	 7 	  0.013 	 -0.000 	 -0.026
9 	 8 	 -0.004 	 -0.000 	  0.009
9 	 9 	 -0.022 	 -0.000 	  0.043
9 	 10 	 -0.039 	 -0.000 	  0.075
9 	 11 	 -0.054 	 -0.000 	  0.104
9 	 12 	 -0.067 	 -0.000 	  0.129
9 	 13 	 -0.077 	 -0.000 	  0.149
9 	 14 	 -0.084 	 -0.000 	  0.162
9 	 15 	 -0.088 	 -0.000 	  0.169
9 	 16 	 -0.088 	  0.000 	  0.169
9 	 17 	 -0.084 	  0.000 	  0.162
9 	 18 	 -0.077 	  0.000 	  0.149
9 	 19 	 -0.067 	  0.000 	  0.129
9 	 20 	 -0.054 	  0.000 	  0.104
9 	 21 	 -0.039 	  0.000 	  0.075
9 	 22 	 -0.022 	  0.000 	  0.043
9 	 23 	 -0.004 	  0.000 	  0.009
9 	 24 	  0.013 	  0.000 	 -0.026
9 	 25 	  0.031 	  0.000 	 -0.059
9 	 26 	  0.047 	  0.000 	 -0.090
9 	 27 	  0.061 	  0.000 	 -0.117
9 	 28 	  0.072 	  0.000 	 -0.139
9 	 29 	  0.081 	  0.000 	 -0.156
9 	 30 	  0.086 	  0.000 	 -0.166

10 	 0 	  0.155 	 -0.000 	 -0.158
10 	 1 	  0.151 	 -0.000 	 -0.154
10 	 2 	  0.142 	 -0.000 	 -0.145
10 	 3 	  0.127 	 -0.000 	 -0.129
10 	 4 	  0.107 	 -0.000 	 -0.109
10 	 5 	  0.082 	 -0.000 	 -0.083
10 	 6 	  0.054 	 -0.000 	 -0.055
10 	 7 	  0.023 	 -0.000 	 -0.024
10 	 8 	 -0.008 	 -0.000 	  0.008
10 	 9 	 -0.039 	 -0.000 	  0.039
10 	 10 	 -0.068 	 -0.000 	  0.069
10 	 11 	 -0.095 	 -0.000 	  0.096
10 	 12 	 -0.117 	 -0.000 	  0.120
10 	 13 	 -0.135 	 -0.000 	  0.138
10 	 14 	 -0.148 	 -0.000 	  0.150
10 	 15 	 -0.154 	 -0.000 	  0.157
10 	 16 	 -0.154 	  0.000 	  0.157
10 	 17 	 -0.148 	  0.000 	  0.150
10 	 18 	 -0.135 	  0.000 	  0.138
10 	 19 	 -0.117 	  0.000 	  0.120
10 	 20 	 -0.095 	  0.000 	  0.096
10 	 21 	 -0.068 	  0.000 	  0.069
10 	 22 	 -0.039 	  0.000 	  0.039
10 	 23 	 -0.008 	  0.000 	  0.008
10 	 24 	  0.023 	  0.000 	 -0.024
10 	 25 	  0.054 	  0.000 	 -0.055
10 	 26 	  0.082 	  0.000 	 -0.083
10 	 27 	  0.107 	  0.000 	 -0.109
10 	 28 	  0.127 	  0.000 	 -0.129
10 	 29 	  0.142 	  0.000 	 -0.145
10 	 30 	  0.151 	  0.000 	 -0.154

11 	 0 	  0.215 	 -0.000 	 -0.139
11 	 1 	  0.210 	 -0.000 	 -0.136
11 	 2 	  0.197 	 -0.000 	 -0.128
11 	 3 	  0.176 	 -0.000 	 -0.114
11 	 4 	  0.148 	 -0.000 	 -0.096
11 	 5 	  0.114 	 -0.000 	 -0.073
11 	 6 	  0.075 	 -0.000 	 -0.048
11 	 7 	  0.033 	 -0.000 	 -0.021
11 	 8 	 -0.011 	 -0.000 	  0.007
11 	 9 	 -0.054 	 -0.000 	  0.035
11 	 10 	 -0.095 	 -0.000 	  0.061
11 	 11 	 -0.132 	 -0.000 	  0.085
11 	 12 	 -0.163 	 -0.000 	  0.105
11 	 13 	 -0.188 	 -0.000 	  0.121
11 	 14 	 -0.205 	 -0.000 	  0.132
11 	 15 	 -0.214 	 -0.000 	  0.138
11 	 16 	 -0.214 	  0.000 	  0.138
11 	 17 	 -0.205 	  0.000 	  0.132
11 	 18 	 -0.188 	  0.000 	  0.121
11 	 19 	 -0.163 	  0.000 	  0.105
11 	 20 	 -0.132 	  0.000 	  0.085
11 	 21 	 -0.095 	  0.000 	  0.061
11 	 22 	 -0.054 	  0.000 	  0.035
11 	 23 	 -0.011 	  0.000 	  0.007
11 	 24 	  0.033 	  0.000 	 -0.021
11 	 25 	  0.075 	  0.000 	 -0.048
11 	 26 	  0.114 	  0.000 	 -0.073
11 	 27 	  0.148 	  0.000 	 -0.096
11 	 28 	  0.176 	  0.000 	 -0.114
11 	 29 	  0.197 	  0.000 	 -0.128
11 	 30 	  0.210 	  0.000 	 -0.136

12 	 0 	  0.266 	 -0.000 	 -0.114
12 	 1 	  0.261 	 -0.000 	 -0.112
12 	 2 	  0.245 	 -0.000 	 -0.105
12 	 3 	  0.219 	 -0.000 	 -0.094
12 	 4 	  0.184 	 -0.000 	 -0.079
12 	 5 	  0.141 	 -0.000 	 -0.060
12 	 6 	  0.093 	 -0.000 	 -0.040
12 	 7 	  0.040 	 -0.000 	 -0.017
12 	 8 	 -0.013 	 -0.000 	  0.006
12 	 9 	 -0.067 	 -0.000 	  0.029
12 	 10 	 -0.117 	 -0.000 	  0.050
12 	 11 	 -0.163 	 -0.000 	  0.070
12 	 12 	 -0.202 	 -0.000 	  0.087
12 	 13 	 -0.233 	 -0.000 	  0.100
12 	 14 	 -0.254 	 -0.000 	  0.109
12 	 15 	 -0.265 	 -0.000 	  0.114
12 	 16 	 -0.265 	  0.000 	  0.114
12 	 17 	 -0.254 	  0.000 	  0.109
12 	 18 	 -0.233 	  0.000 	  0.100
12 	 19 	 -0.202 	  0.000 	  0.087
12 	 20 	 -0.163 	  0.000 	  0.070
12 	 21 	 -0.117 	  0.000 	  0.050
12 	 22 	 -0.067 	  0.000 	  0.029
12 	 23 	 -0.013 	  0.000 	  0.006
12 	 24 	  0.040 	  0.000 	 -0.017
12 	 25 	  0.093 	  0.000 	 -0.040
12 	 26 	  0.141 	  0.000 	 -0.060
12 	 27 	  0.184 	  0.000 	 -0.079
12 	 28 	  0.219 	  0.000 	 -0.094
12 	 29 	  0.245 	  0.000 	 -0.105
12 	 30 	  0.261 	  0.000 	 -0.112

13 	 0 	  0.307 	 -0.000 	 -0.085
13 	 1 	  0.301 	 -0.000 	 -0.083
13 	 2 	  0.282 	 -0.000 	 -0.078
13 	 3 	  0.252 	 -0.000 	 -0.070
13 	 4 	  0.211 	 -0.000 	 -0.059
13 	 5 	  0.162 	 -0.000 	 -0.045
13 	 6 	  0.107 	 -0.000 	 -0.030
13 	 7 	  0.046 	 -0.000 	 -0.013
13 	 8 	 -0.016 	 -0.000 	  0.004
13 	 9 	 -0.077 	 -0.000 	  0.021
13 	 10 	 -0.135 	 -0.000 	  0.038
13 	 11 	 -0.188 	 -0.000 	  0.052
13 	 12 	 -0.233 	 -0.000 	  0.065
13 	 13 	 -0.268 	 -0.000 	  0.074
13 	 14 	 -0.293 	 -0.000 	  0.081
13 	 15 	 -0.305 	 -0.000 	  0.085
13 	 16 	 -0.305 	  0.000 	  0.085
13 	 17 	 -0.293 	  0.000 	  0.081
13 	 18 	 -0.268 	  0.000 	  0.074
13 	 19 	 -0.233 	  0.000 	  0.065
13 	 20 	 -0.188 	  0.000 	  0.052
13 	 21 	 -0.135 	  0.000 	  0.038
13 	 22 	 -0.077 	  0.000 	  0.021
13 	 23 	 -0.016 	  0.000 	  0.004
13 	 24 	  0.046 	  0.000 	 -0.013
13 	 25 	  0.107 	  0.000 	 -0.030
13 	 26 	  0.162 	  0.000 	 -0.045
13 	 27 	  0.211 	  0.000 	 -0.059
13 	 28 	  0.252 	  0.000 	 -0.070
13 	 29 	  0.282 	  0.000 	 -0.078
13 	 30 	  0.301 	  0.000 	 -0.083

14 	 0 	  0.335 	 -0.000 	 -0.053
14 	 1 	  0.328 	 -0.000 	 -0.051
14 	 2 	  0.308 	 -0.000 	 -0.048
14 	 3 	  0.275 	 -0.000 	 -0.043
14 	 4 	  0.231 	 -0.000 	 -0.036
14 	 5 	  0.177 	 -0.000 	 -0.028
14 	 6 	  0.116 	 -0.000 	 -0.018
14 	 7 	  0.051 	 -0.000 	 -0.008
14 	 8 	 -0.017 	 -0.000 	  0.003
14 	 9 	 -0.084 	 -0.000 	  0.013
14 	 10 	 -0.148 	 -0.000 	  0.023
14 	 11 	 -0.205 	 -0.000 	  0.032
14 	 12 	 -0.254 	 -0.000 	  0.040
14 	 13 	 -0.293 	 -0.000 	  0.046
14 	 14 	 -0.320 	 -0.000 	  0.050
14 	 15 	 -0.333 	 -0.000 	  0.052
14 	 16 	 -0.333 	  0.000 	  0.052
14 	 17 	 -0.320 	  0.000 	  0.050
14 	 18 	 -0.293 	  0.000 	  0.046
14 	 19 	 -0.254 	  0.000 	  0.040
14 	 20 	 -0.205 	  0.000 	  0.032
14 	 21 	 -0.148 	  0.000 	  0.023
14 	 22 	 -0.084 	  0.000 	  0.013
14 	 23 	 -0.017 	  0.000 	  0.003
14 	 24 	  0.051 	  0.000 	 -0.008
14 	 25 	  0.116 	  0.000 	 -0.018
14 	 26 	  0.177 	  0.000 	 -0.028
14 	 27 	  0.231 	  0.000 	 -0.036
14 	 28 	  0.275 	  0.000 	 -0.043
14 	 29 	  0.308 	  0.000 	 -0.048
14 	 30 	  0.328 	  0.000 	 -0.051

15 	 0 	  0.349 	 -0.000 	 -0.018
15 	 1 	  0.342 	 -0.000 	 -0.017
15 	 2 	  0.321 	 -0.000 	 -0.016
15 	 3 	  0.287 	 -0.000 	 -0.015
15 	 4 	  0.241 	 -0.000 	 -0.012
15 	 5 	  0.185 	 -0.000 	 -0.009
15 	 6 	  0.121 	 -0.000 	 -0.006
15 	 7 	  0.053 	 -0.000 	 -0.003
15 	 8 	 -0.018 	 -0.000 	  0.001
15 	 9 	 -0.088 	 -0.000 	  0.004
15 	 10 	 -0.154 	 -0.000 	  0.008
15 	 11 	 -0.214 	 -0.000 	  0.011
15 	 12 	 -0.265 	 -0.000 	  0.013
15 	 13 	 -0.305 	 -0.000 	  0.016
15 	 14 	 -0.333 	 -0.000 	  0.017
15 	 15 	 -0.347 	 -0.000 	  0.018
15 	 16 	 -0.347 	  0.000 	  0.018
15 	 17 	 -0.333 	  0.000 	  0.017
15 	 18 	 -0.305 	  0.000 	  0.016
15 	 19 	 -0.265 	  0.000 	  0.013
15 	 20 	 -0.214 	  0.000 	  0.011
15 	 21 	 -0.154 	  0.000 	  0.008
15 	 22 	 -0.088 	  0.000 	  0.004
15 	 23 	 -0.018 	  0.000 	  0.001
15 	 24 	  0.053 	  0.000 	 -0.003
15 	 25 	  0.121 	  0.000 	 -0.006
15 	 26 	  0.185 	  0.000 	 -0.009
15 	 27 	  0.241 	  0.000 	 -0.012
15 	 28 	  0.287 	  0.000 	 -0.015
15 	 29 	  0.321 	  0.000 	 -0.016
15 	 30 	  0.342 	  0.000 	 -0.017

16 	 0 	  0.349 	 -0.000 	  0.018
16 	 1 	  0.342 	 -0.000 	  0.017
16 	 2 	  0.321 	 -0.000 	  0.016
16 	 3 	  0.287 	 -0.000 	  0.015
16 	 4 	  0.241 	 -0.000 	  0.012
16 	 5 	  0.185 	 -0.000 	  0.009
16 	 6 	  0.121 	 -0.000 	  0.006
16 	 7 	  0.053 	 -0.000 	  0.003
16 	 8 	 -0.018 	 -0.000 	 -0.001
16 	 9 	 -0.088 	 -0.000 	 -0.004
16 	 10 	 -0.154 	 -0.000 	 -0.008
16 	 11 	 -0.214 	 -0.000 	 -0.011
16 	 12 	 -0.265 	 -0.000 	 -0.013
16 	 13 	 -0.305 	 -0.000 	 -0.016
16 	 14 	 -0.333 	 -0.000 	 -0.017
16 	 15 	 -0.347 	 -0.000 	 -0.018
16 	 16 	 -0.347 	  0.000 	 -0.018
16 	 17 	 -0.333 	  0.000 	 -0.017
16 	 18 	 -0.305 	  0.000 	 -0.016
16 	 19 	 -0.265 	  0.000 	 -0.013
16 	 20 	 -0.214 	  0.000 	 -0.011
16 	 21 	 -0.154 	  0.000 	 -0.008
16 	 22 	 -0.088 	  0.000 	 -0.004
16 	 23 	 -0.018 	  0.000 	 -0.001
16 	 24 	  0.053 	  0.000 	  0.003
16 	 25 	  0.121 	  0.000 	  0.006
16 	 26 	  0.185 	  0.000 	  0.009
16 	 27 	  0.241 	  0.000 	  0.012
16 	 28 	  0.287 	  0.000 	  0.015
16 	 29 	  0.321 	  0.000 	  0.016
16 	 30 	  0.342 	  0.000 	  0.017

17 	 0 	  0.335 	 -0.000 	  0.053
17 	 1 	  0.328 	 -0.000 	  0.051
17 	 2 	  0.308 	 -0.000 	  0.048
17 	 3 	  0.275 	 -0.000 	  0.043
17 	 4 	  0.231 	 -0.000 	  0.036
17 	 5 	  0.177 	 -0.000 	  0.028
17 	 6 	  0.116 	 -0.000 	  0.018
17 	 7 	  0.051 	 -0.000 	  0.008
17 	 8 	 -0.017 	 -0.000 	 -0.003
17 	 9 	 -0.084 	 -0.000 	 -0.013
17 	 10 	 -0.148 	 -0.000 	 -0.023
17 	 11 	 -0.205 	 -0.000 	 -0.032
17 	 12 	 -0.254 	 -0.000 	 -0.040
17 	 13 	 -0.293 	 -0.000 	 -0.046
17 	 14 	 -0.320 	 -0.000 	 -0.050
17 	 15 	 -0.333 	 -0.000 	 -0.052
17 	 16 	 -0.333 	  0.000 	 -0.052
17 	 17 	 -0.320 	  0.000 	 -0.050
17 	 18 	 -0.293 	  0.000 	 -0.046
17 	 19 	 -0.254 	  0.000 	 -0.040
17 	 20 	 -0.205 	  0.000 	 -0.032
17 	 21 	 -0.148 	  0.000 	 -0.023
17 	 22 	 -0.084 	  0.000 	 -0.013
17 	 23 	 -0.017 	  0.000 	 -0.003
17 	 24 	  0.051 	  0.000 	  0.008
17 	 25 	  0.116 	  0.000 	  0.018
17 	 26 	  0.177 	  0.000 	  0.028
17 	 27 	  0.231 	  0.000 	  0.036
17 	 28 	  0.275 	  0.000 	  0.043
17 	 29 	  0.308 	  0.000 	  0.048
17 	 30 	  0.328 	  0.000 	  0.051

18 	 0 	  0.307 	 -0.000 	  0.085
18 	 1 	  0.301 	 -0.000 	  0.083
18 	 2 	  0.282 	 -0.000 	  0.078
18 	 3 	  0.252 	 -0.000 	  0.070
18 	 4 	  0.211 	 -0.000 	  0.059
18 	 5 	  0.162 	 -0.000 	  0.045
18 	 6 	  0.107 	 -0.000 	  0.030
18 	 7 	  0.046 	 -0.000 	  0.013
18 	 8 	 -0.016 	 -0.000 	 -0.004
18 	 9 	 -0.077 	 -0.000 	 -0.021
18 	 10 	 -0.135 	 -0.000 	 -0.038
18 	 11 	 -0.188 	 -0.000 	 -0.052
18 	 12 	 -0.233 	 -0.000 	 -0.065
18 	 13 	 -0.268 	 -0.000 	 -0.074
18 	 14 	 -0.293 	 -0.000 	 -0.081
18 	 15 	 -0.305 	 -0.000 	 -0.085
18 	 16 	 -0.305 	  0.000 	 -0.085
18 	 17 	 -0.293 	  0.000 	 -0.081
18 	 18 	 -0.268 	  0.000 	 -0.074
18 	 19 	 -0.233 	  0.000 	 -0.065
18 	 20 	 -0.188 	  0.000 	 -0.052
18 	 21 	 -0.135 	  0.000 	 -0.038
18 	 22 	 -0.077 	  0.000 	 -0.021
18 	 23 	 -0.016 	  0.000 	 -0.004
18 	 24 	  0.046 	  0.000 	  0.013
18 	 25 	  0.107 	  0.000 	  0.030
18 	 26 	  0.162 	  0.000 	  0.045
18 	 27 	  0.211 	  0.000 	  0.059
18 	 28 	  0.252 	  0.000 	  0.070
18 	 29 	  0.282 	  0.000 	  0.078
18 	 30 	  0.301 	  0.000 	  0.083

19 	 0 	  0.266 	 -0.000 	  0.114
19 	 1 	  0.261 	 -0.000 	  0.112
19 	 2 	  0.245 	 -0.000 	  0.105
19 	 3 	  0.219 	 -0.000 	  0.094
19 	 4 	  0.184 	 -0.000 	  0.079
19 	 5 	  0.141 	 -0.000 	  0.060
19 	 6 	  0.093 	 -0.000 	  0.040
19 	 7 	  0.040 	 -0.000 	  0.017
19 	 8 	 -0.013 	 -0.000 	 -0.006
19 	 9 	 -0.067 	 -0.000 	 -0.029
19 	 10 	 -0.117 	 -0.000 	 -0.050
19 	 11 	 -0.163 	 -0.000 	 -0.070
19 	 12 	 -0.202 	 -0.000 	 -0.087
19 	 13 	 -0.233 	 -0.000 	 -0.100
19 	 14 	 -0.254 	 -0.000 	 -0.109
19 	 15 	 -0.265 	 -0.000 	 -0.114
19 	 16 	 -0.265 	  0.000 	 -0.114
19 	 17 	 -0.254 	  0.000 	 -0.109
19 	 18 	 -0.233 	  0.000 	 -0.100
19 	 19 	 -0.202 	  0.000 	 -0.087
19 	 20 	 -0.163 	  0.000 	 -0.070
19 	 21 	 -0.117 	  0.000 	 -0.050
19 	 22 	 -0.067 	  0.000 	 -0.029
19 	 23 	 -0.013 	  0.000 	 -0.006
19 	 24 	  0.040 	  0.000 	  0.017
19 	 25 	  0.093 	  0.000 	  0.040
19 	 26 	  0.141 	  0.000 	  0.060
19 	 27 	  0.184 	  0.000 	  0.079
19 	 28 	  0.219 	  0.000 	  0.094
19 	 29 	  0.245 	  0.000 	  0.105
19 	 30 	  0.261 	  0.000 	  0.112

20 	 0 	  0.215 	 -0.000 	  0.139
20 	 1 	  0.210 	 -0.000 	  0.136
20 	 2 	  0.197 	 -0.000 	  0.128
20 	 3 	  0.176 	 -0.000 	  0.114
20 	 4 	  0.148 	 -0.000 	  0.096
20 	 5 	  0.114 	 -0.000 	  0.073
20 	 6 	  0.075 	 -0.000 	  0.048
20 	 7 	  0.033 	 -0.000 	  0.021
20 	 8 	 -0.011 	 -0.000 	 -0.007
20 	 9 	 -0.054 	 -0.000 	 -0.035
20 	 10 	 -0.095 	 -0.000 	 -0.061
20 	 11 	 -0.132 	 -0.000 	 -0.085
20 	 12 	 -0.163 	 -0.000 	 -0.105
20 	 13 	 -0.188 	 -0.000 	 -0.121
20 	 14 	 -0.205 	 -0.000 	 -0.132
20 	 15 	 -0.214 	 -0.000 	 -0.138
20 	 16 	 -0.214 	  0.000 	 -0.138
20 	 17 	 -0.205 	  0.000 	 -0.132
20 	 18 	 -0.188 	  0.000 	 -0.121
20 	 19 	 -0.163 	  0.000 	 -0.105
20 	 20 	 -0.132 	  0.000 	 -0.085
20 	 21 	 -0.095 	  0.000 	 -0.061
20 	 22 	 -0.054 	  0.000 	 -0.035
20 	 23 	 -0.011 	  0.000 	 -0.007
20 	 24 	  0.033 	  0.000 	  0.021
20 	 25 	  0.075 	  0.000 	  0.048
20 	 26 	  0.114 	  0.000 	  0.073
20 	 27 	  0.148 	  0.000 	  0.096
20 	 28 	  0.176 	  0.000 	  0.114
20 	 29 	  0.197 	  0.000 	  0.128
20 	 30 	  0.210 	  0.000 	  0.136

21 	 0 	  0.155 	 -0.000 	  0.158
21 	 1 	  0.151 	 -0.000 	  0.154
21 	 2 	  0.142 	 -0.000 	  0.145
21 	 3 	  0.127 	 -0.000 	  0.129
21 	 4 	  0.107 	 -0.000 	  0.109
21 	 5 	  0.082 	 -0.000 	  0.083
21 	 6 	  0.054 	 -0.000 	  0.055
21 	 7 	  0.023 	 -0.000 	  0.024
21 	 8 	 -0.008 	 -0.000 	 -0.008
21 	 9 	 -0.039 	 -0.000 	 -0.039
21 	 10 	 -0.068 	 -0.000 	 -0.069
21 	 11 	 -0.095 	 -0.000 	 -0.096
21 	 12 	 -0.117 	 -0.000 	 -0.120
21 	 13 	 -0.135 	 -0.000 	 -0.138
21 	 14 	 -0.148 	 -0.000 	 -0.150
21 	 15 	 -0.154 	 -0.000 	 -0.157
21 	 16 	 -0.154 	  0.000 	 -0.157
21 	 17 	 -0.148 	  0.000 	 -0.150
21 	 18 	 -0.135 	  0.000 	 -0.138
21 	 19 	 -0.117 	  0.000 	 -0.120
21 	 20 	 -0.095 	  0.000 	 -0.096
21 	 21 	 -0.068 	  0.000 	 -0.069
21 	 22 	 -0.039 	  0.000 	 -0.039
21 	 23 	 -0.008 	  0.000 	 -0.008
21 	 24 	  0.023 	  0.000 	  0.024
21 	 25 	  0.054 	  0.000 	  0.055
21 	 26 	  0.082 	  0.000 	  0.083
21 	 27 	  0.107 	  0.000 	  0.109
21 	 28 	  0.127 	  0.000 	  0.129
21 	 29 	  0.142 	  0.000 	  0.145
21 	 30 	  0.151 	  0.000 	  0.154

22 	 0 	  0.088 	 -0.000 	  0.170
22 	 1 	  0.086 	 -0.000 	  0.166
22 	 2 	  0.081 	 -0.000 	  0.156
22 	 3 	  0.072 	 -0.000 	  0.139
22 	 4 	  0.061 	 -0.000 	  0.117
22 	 5 	  0.047 	 -0.000 	  0.090
22 	 6 	  0.031 	 -0.000 	  0.059
22 	 7 	  0.013 	 -0.000 	  0.026
22 	 8 	 -0.004 	 -0.000 	 -0.009
22 	 9 	 -0.022 	 -0.000 	 -0.043
22 	 10 	 -0.039 	 -0.000 	 -0.075
22 	 11 	 -0.054 	 -0.000 	 -0.104
22 	 12 	 -0.067 	 -0.000 	 -0.129
22 	 13 	 -0.077 	 -0.000 	 -0.149
22 	 14 	 -0.084 	 -0.000 	 -0.162
22 	 15 	 -0.088 	 -0.000 	 -0.169
22 	 16 	 -0.088 	  0.000 	 -0.169
22 	 17 	 -0.084 	  0.000 	 -0.162
22 	 18 	 -0.077 	  0.000 	 -0.149
22 	 19 	 -0.067 	  0.000 	 -0.129
22 	 20 	 -0.054 	  0.000 	 -0.104
22 	 21 	 -0.039 	  0.000 	 -0.075
22 	 22 	 -0.022 	  0.000 	 -0.043
22 	 23 	 -0.004 	  0.000 	 -0.009
22 	 24 	  0.013 	  0.000 	  0.026
22 	 25 	  0.031 	  0.000 	  0.059
22 	 26 	  0.047 	  0.000 	  0.090
22 	 27 	  0.061 	  0.000 	  0.117
22 	 28 	  0.072 	  0.000 	  0.139
22 	 29 	  0.081 	  0.000 	  0.156
22 	 30 	  0.086 	  0.000 	  0.166

23 	 0 	  0.018 	 -0.000 	  0.175
23 	 1 	  0.017 	 -0.000 	  0.172
23 	 2 	  0.016 	 -0.000 	  0.161
23 	 3 	  0.015 	 -0.000 	  0.144
23 	 4 	  0.012 	 -0.000 	  0.121
23 	 5 	  0.009 	 -0.000 	  0.093
23 	 6 	  0.006 	 -0.000 	  0.061
23 	 7 	  0.003 	 -0.000 	  0.027
23 	 8 	 -0.001 	 -0.000 	 -0.009
23 	 9 	 -0.004 	 -0.000 	 -0.044
23 	 10 	 -0.008 	 -0.000 	 -0.077
23 	 11 	 -0.011 	 -0.000 	 -0.107
23 	 12 	 -0.013 	 -0.000 	 -0.133
23 	 13 	 -0.016 	 -0.000 	 -0.153
23 	 14 	 -0.017 	 -0.000 	 -0.167
23 	 15 	 -0.018 	 -0.000 	 -0.174
23 	 16 	 -0.018 	  0.000 	 -0.174
23 	 17 	 -0.017 	  0.000 	 -0.167
23 	 18 	 -0.016 	  0.000 	 -0.153
23 	 19 	 -0.013 	  0.000 	 -0.133
23 	 20 	 -0.011 	  0.000 	 -0.107
23 	 21 	 -0.008 	  0.000 	 -0.077
23 	 22 	 -0.004 	  0.000 	 -0.044
23 	 23 	 -0.001 	  0.000 	 -0.009
23 	 24 	  0.003 	  0.000 	  0.027
23 	 25 	  0.006 	  0.000 	  0.061
23 	 26 	  0.009 	  0.000 	  0.093
23 	 27 	  0.012 	  0.000 	  0.121
23 	 28 	  0.015 	  0.000 	  0.144
23 	 29 	  0.016 	  0.000 	  0.161
23 	 30 	  0.017 	  0.000 	  0.172

24 	 0 	 -0.053 	  0.000 	  0.173
24 	 1 	 -0.052 	  0.000 	  0.170
24 	 2 	 -0.049 	  0.000 	  0.159
24 	 3 	 -0.044 	  0.000 	  0.142
24 	 4 	 -0.037 	  0.000 	  0.120
24 	 5 	 -0.028 	  0.000 	  0.092
24 	 6 	 -0.018 	  0.000 	  0.060
24 	 7 	 -0.008 	  0.000 	  0.026
24 	 8 	  0.003 	  0.000 	 -0.009
24 	 9 	  0.013 	  0.000 	 -0.043
24 	 10 	  0.023 	  0.000 	 -0.076
24 	 11 	  0.033 	  0.000 	 -0.106
24 	 12 	  0.040 	  0.000 	 -0.132
24 	 13 	  0.046 	  0.000 	 -0.152
24 	 14 	  0.051 	  0.000 	 -0.166
24 	 15 	  0.053 	  0.000 	 -0.173
24 	 16 	  0.053 	 -0.000 	 -0.173
24 	 17 	  0.051 	 -0.000 	 -0.166
24 	 18 	  0.046 	 -0.000 	 -0.152
24 	 19 	  0.040 	 -0.000 	 -0.132
24 	 20 	  0.033 	 -0.000 	 -0.106
24 	 21 	  0.023 	 -0.000 	 -0.076
24 	 22 	  0.013 	 -0.000 	 -0.043
24 	 23 	  0.003 	 -0.000 	 -0.009
24 	 24 	 -0.008 	 -0.000 	  0.026
24 	 25 	 -0.018 	 -0.000 	  0.060
24 	 26 	 -0.028 	 -0.000 	  0.092
24 	 27 	 -0.037 	 -0.000 	  0.120
24 	 28 	 -0.044 	 -0.000 	  0.142
24 	 29 	 -0.049 	 -0.000 	  0.159
24 	 30 	 -0.052 	 -0.000 	  0.170

25 	 0 	 -0.122 	  0.000 	  0.165
25 	 1 	 -0.119 	  0.000 	  0.161
25 	 2 	 -0.112 	  0.000 	  0.151
25 	 3 	 -0.100 	  0.000 	  0.135
25 	 4 	 -0.084 	  0.000 	  0.113
25 	 5 	 -0.064 	  0.000 	  0.087
25 	 6 	 -0.042 	  0.000 	  0.057
25 	 7 	 -0.018 	  0.000 	  0.025
25 	 8 	  0.006 	  0.000 	 -0.008
25 	 9 	  0.031 	  0.000 	 -0.041
25 	 10 	  0.054 	  0.000 	 -0.072
25 	 11 	  0.075 	  0.000 	 -0.101
25 	 12 	  0.093 	  0.000 	 -0.125
25 	 13 	  0.107 	  0.000 	 -0.144
25 	 14 	  0.116 	  0.000 	 -0.157
25 	 15 	  0.121 	  0.000 	 -0.164
25 	 16 	  0.121 	 -0.000 	 -0.164
25 	 17 	  0.116 	 -0.000 	 -0.157
25 	 18 	  0.107 	 -0.000 	 -0.144
25 	 19 	  0.093 	 -0.000 	 -0.125
25 	 20 	  0.075 	 -0.000 	 -0.101
25 	 21 	  0.054 	 -0.000 	 -0.072
25 	 22 	  0.031 	 -0.000 	 -0.041
25 	 23 	  0.006 	 -0.000 	 -0.008
25 	 24 	 -0.018 	 -0.000 	  0.025
25 	 25 	 -0.042 	 -0.000 	  0.057
25 	 26 	 -0.064 	 -0.000 	  0.087
25 	 27 	 -0.084 	 -0.000 	  0.113
25 	 28 	 -0.100 	 -0.000 	  0.135
25 	 29 	 -0.112 	 -0.000 	  0.151
25 	 30 	 -0.119 	 -0.000 	  0.161

26 	 0 	 -0.186 	  0.000 	  0.149
26 	 1 	 -0.182 	  0.000 	  0.146
26 	 2 	 -0.171 	  0.000 	  0.137
26 	 3 	 -0.152 	  0.000 	  0.122
26 	 4 	 -0.128 	  0.000 	  0.103
26 	 5 	 -0.098 	  0.000 	  0.079
26 	 6 	 -0.064 	  0.000 	  0.052
26 	 7 	 -0.028 	  0.000 	  0.023
26 	 8 	  0.009 	  0.000 	 -0.008
26 	 9 	  0.047 	  0.000 	 -0.037
26 	 10 	  0.082 	  0.000 	 -0.066
26 	 11 	  0.114 	  0.000 	 -0.091
26 	 12 	  0.141 	  0.000 	 -0.113
26 	 13 	  0.162 	  0.000 	 -0.130
26 	 14 	  0.177 	  0.000 	 -0.142
26 	 15 	  0.185 	  0.000 	 -0.148
26 	 16 	  0.185 	 -0.000 	 -0.148
26 	 17 	  0.177 	 -0.000 	 -0.142
26 	 18 	  0.162 	 -0.000 	 -0.130
26 	 19 	  0.141 	 -0.000 	 -0.113
26 	 20 	  0.114 	 -0.000 	 -0.091
26 	 21 	  0.082 	 -0.000 	 -0.066
26 	 22 	  0.047 	 -0.000 	 -0.037
26 	 23 	  0.009 	 -0.000 	 -0.008
26 	 24 	 -0.028 	 -0.000 	  0.023
26 	 25 	 -0.064 	 -0.000 	  0.052
26 	 26 	 -0.098 	 -0.000 	  0.079
26 	 27 	 -0.128 	 -0.000 	  0.103
26 	 28 	 -0.152 	 -0.000 	  0.122
26 	 29 	 -0.171 	 -0.000 	  0.137
26 	 30 	 -0.182 	 -0.000 	  0.146

27 	 0 	 -0.242 	  0.000 	  0.127
27 	 1 	 -0.237 	  0.000 	  0.125
27 	 2 	 -0.222 	  0.000 	  0.117
27 	 3 	 -0.199 	  0.000 	  0.104
27 	 4 	 -0.167 	  0.000 	  0.088
27 	 5 	 -0.128 	  0.000 	  0.067
27 	 6 	 -0.084 	  0.000 	  0.044
27 	 7 	 -0.037 	  0.000 	  0.019
27 	 8 	  0.012 	  0.000 	 -0.006
27 	 9 	  0.061 	  0.000 	 -0.032
27 	 10 	  0.107 	  0.000 	 -0.056
27 	 11 	  0.148 	  0.000 	 -0.078
27 	 12 	  0.184 	  0.000 	 -0.097
27 	 13 	  0.211 	  0.000 	 -0.111
27 	 14 	  0.231 	  0.000 	 -0.121
27 	 15 	  0.241 	  0.000 	 -0.127
27 	 16 	  0.241 	 -0.000 	 -0.127
27 	 17 	  0.231 	 -0.000 	 -0.121
27 	 18 	  0.211 	 -0.000 	 -0.111
27 	 19 	  0.184 	 -0.000 	 -0.097
27 	 20 	  0.148 	 -0.000 	 -0.078
27 	 21 	  0.107 	 -0.000 	 -0.056
27 	 22 	  0.061 	 -0.000 	 -0.032
27 	 23 	  0.012 	 -0.000 	 -0.006
27 	 24 	 -0.037 	 -0.000 	  0.019
27 	 25 	 -0.084 	 -0.000 	  0.044
27 	 26 	 -0.128 	 -0.000 	  0.067
27 	 27 	 -0.167 	 -0.000 	  0.088
27 	 28 	 -0.199 	 -0.000 	  0.104
27 	 29 	 -0.222 	 -0.000 	  0.117
27 	 30 	 -0.237 	 -0.000 	  0.125

28 	 0 	 -0.288 	  0.000 	  0.100
28 	 1 	 -0.282 	  0.000 	  0.098
28 	 2 	 -0.265 	  0.000 	  0.092
28 	 3 	 -0.236 	  0.000 	  0.082
28 	 4 	 -0.199 	  0.000 	  0.069
28 	 5 	 -0.152 	  0.000 	  0.053
28 	 6 	 -0.100 	  0.000 	  0.035
28 	 7 	 -0.044 	  0.000 	  0.015
28 	 8 	  0.015 	  0.000 	 -0.005
28 	 9 	  0.072 	  0.000 	 -0.025
28 	 10 	  0.127 	  0.000 	 -0.044
28 	 11 	  0.176 	  0.000 	 -0.061
28 	 12 	  0.219 	  0.000 	 -0.076
28 	 13 	  0.252 	  0.000 	 -0.088
28 	 14 	  0.275 	  0.000 	 -0.096
28 	 15 	  0.287 	  0.000 	 -0.100
28 	 16 	  0.287 	 -0.000 	 -0.100
28 	 17 	  0.275 	 -0.000 	 -0.096
28 	 18 	  0.252 	 -0.000 	 -0.088
28 	 19 	  0.219 	 -0.000 	 -0.076
28 	 20 	  0.176 	 -0.000 	 -0.061
28 	 21 	  0.127 	 -0.000 	 -0.044
28 	 22 	  0.072 	 -0.000 	 -0.025
28 	 23 	  0.015 	 -0.000 	 -0.005
28 	 24 	 -0.044 	 -0.000 	  0.015
28 	 25 	 -0.100 	 -0.000 	  0.035
28 	 26 	 -0.152 	 -0.000 	  0.053
28 	 27 	 -0.199 	 -0.000 	  0.069
28 	 28 	 -0.236 	 -0.000 	  0.082
28 	 29 	 -0.265 	 -0.000 	  0.092
28 	 30 	 -0.282 	 -0.000 	  0.098

29 	 0 	 -0.323 	  0.000 	  0.069
29 	 1 	 -0.316 	  0.000 	  0.068
29 	 2 	 -0.296 	  0.000 	  0.064
29 	 3 	 -0.265 	  0.000 	  0.057
29 	 4 	 -0.222 	  0.000 	  0.048
29 	 5 	 -0.171 	  0.000 	  0.037
29 	 6 	 -0.112 	  0.000 	  0.024
29 	 7 	 -0.049 	  0.000 	  0.010
29 	 8 	  0.016 	  0.000 	 -0.004
29 	 9 	  0.081 	  0.000 	 -0.017
29 	 10 	  0.142 	  0.000 	 -0.030
29 	 11 	  0.197 	  0.000 	 -0.042
29 	 12 	  0.245 	  0.000 	 -0.053
29 	 13 	  0.282 	  0.000 	 -0.061
29 	 14 	  0.308 	  0.000 	 -0.066
29 	 15 	  0.321 	  0.000 	 -0.069
29 	 16 	  0.321 	 -0.000 	 -0.069
29 	 17 	  0.308 	 -0.000 	 -0.066
29 	 18 	  0.282 	 -0.000 	 -0.061
29 	 19 	  0.245 	 -0.000 	 -0.053
29 	 20 	  0.197 	 -0.000 	 -0.042
29 	 21 	  0.142 	 -0.000 	 -0.030
29 	 22 	  0.081 	 -0.000 	 -0.017
29 	 23 	  0.016 	 -0.000 	 -0.004
29 	 24 	 -0.049 	 -0.000 	  0.010
29 	 25 	 -0.112 	 -0.000 	  0.024
29 	 26 	 -0.171 	 -0.000 	  0.037
29 	 27 	 -0.222 	 -0.000 	  0.048
29 	 28 	 -0.265 	 -0.000 	  0.057
29 	 29 	 -0.296 	 -0.000 	  0.064
29 	 30 	 -0.316 	 -0.000 	  0.068

30 	 0 	 -0.344 	  0.000 	  0.035
30 	 1 	 -0.337 	  0.000 	  0.035
30 	 2 	 -0.316 	  0.000 	  0.032
30 	 3 	 -0.282 	  0.000 	  0.029
30 	 4 	 -0.237 	  0.000 	  0.024
30 	 5 	 -0.182 	  0.000 	  0.019
30 	 6 	 -0.119 	  0.000 	  0.012
30 	 7 	 -0.052 	  0.000 	  0.005
30 	 8 	  0.017 	  0.000 	 -0.002
30 	 9 	  0.086 	  0.000 	 -0.009
30 	 10 	  0.151 	  0.000 	 -0.016
30 	 11 	  0.210 	  0.000 	 -0.022
30 	 12 	  0.261 	  0.000 	 -0.027
30 	 13 	  0.301 	  0.000 	 -0.031
30 	 14 	  0.328 	  0.000 	 -0.034
30 	 15 	  0.342 	  0.000 	 -0.035
30 	 16 	  0.342 	 -0.000 	 -0.035
30 	 17 	  0.328 	 -0.000 	 -0.034
30 	 18 	  0.301 	 -0.000 	 -0.031
30 	 19 	  0.261 	 -0.000 	 -0.027
30 	 20 	  0.210 	 -0.000 	 -0.022
30 	 21 	  0.151 	 -0.000 	 -0.016
30 	 22 	  0.086 	 -0.000 	 -0.009
30 	 23 	  0.017 	 -0.000 	 -0.002
30 	 24 	 -0.052 	 -0.000 	  0.005
30 	 25 	 -0.119 	 -0.000 	  0.012
30 	 26 	 -0.182 	 -0.000 	  0.019
30 	 27 	 -0.237 	 -0.000 	  0.024
30 	 28 	 -0.282 	 -0.000 	  0.029
30 	 29 	 -0.316 	 -0.000 	  0.032
30 	 30 	 -0.337 	 -0.000 	  0.035

