0 	 0 	 -1.013 	  0.000 	 -0.000
0 	 1 	 -0.992 	  0.000 	 -0.000
0 	 2 	 -0.931 	  0.000 	 -0.000
0 	 3 	 -0.832 	  0.000 	 -0.000
0 	 4 	 -0.698 	  0.000 	 -0.000
0 	 5 	 -0.536 	  0.000 	 -0.000
0 	 6 	 -0.352 	  0.000 	 -0.000
0 	 7 	 -0.153 	  0.000 	 -0.000
0 	 8 	  0.051 	  0.000 	  0.000
0 	 9 	  0.254 	  0.000 	  0.000
0 	 10 	  0.446 	  0.000 	  0.000
0 	 11 	  0.620 	  0.000 	  0.000
0 	 12 	  0.769 	  0.000 	  0.000
0 	 13 	  0.886 	  0.000 	  0.000
0 	 14 	  0.967 	  0.000 	  0.000
0 	 15 	  1.008 	  0.000 	  0.000
0 	 16 	  1.008 	 -0.000 	  0.000
0 	 17 	  0.967 	 -0.000 	  0.000
0 	 18 	  0.886 	 -0.000 	  0.000
0 	 19 	  0.769 	 -0.000 	  0.000
0 	 20 	  0.620 	 -0.000 	  0.000
0 	 21 	  0.446 	 -0.000 	  0.000
0 	 22 	  0.254 	 -0.000 	  0.000
0 	 23 	  0.051 	 -0.000 	  0.000
0 	 24 	 -0.153 	 -0.000 	 -0.000
0 	 25 	 -0.352 	 -0.000 	 -0.000
0 	 26 	 -0.536 	 -0.000 	 -0.000
0 	 27 	 -0.698 	 -0.000 	 -0.000
0 	 28 	 -0.832 	 -0.000 	 -0.000
0 	 29 	 -0.931 	 -0.000 	 -0.000
0 	 30 	 -0.992 	 -0.000 	 -0.000

1 	 0 	 -0.992 	  0.000 	 -0.102
1 	 1 	 -0.972 	  0.000 	 -0.100
1 	 2 	 -0.912 	  0.000 	 -0.094
1 	 3 	 -0.815 	  0.000 	 -0.084
1 	 4 	 -0.684 	  0.000 	 -0.070
1 	 5 	 -0.525 	  0.000 	 -0.054
1 	 6 	 -0.345 	  0.000 	 -0.035
1 	 7 	 -0.150 	  0.000 	 -0.015
1 	 8 	  0.050 	  0.000 	  0.005
1 	 9 	  0.249 	  0.000 	  0.026
1 	 10 	  0.437 	  0.000 	  0.045
1 	 11 	  0.608 	  0.000 	  0.062
1 	 12 	  0.753 	  0.000 	  0.077
1 	 13 	  0.868 	  0.000 	  0.089
1 	 14 	  0.947 	  0.000 	  0.097
1 	 15 	  0.987 	  0.000 	  0.101
1 	 16 	  0.987 	 -0.000 	  0.101
1 	 17 	  0.947 	 -0.000 	  0.097
1 	 18 	  0.868 	 -0.000 	  0.089
1 	 19 	  0.753 	 -0.000 	  0.077
1 	 20 	  0.608 	 -0.000 	  0.062
1 	 21 	  0.437 	 -0.000 	  0.045
1 	 22 	  0.249 	 -0.000 	  0.026
1 	 23 	  0.050 	 -0.000 	  0.005
1 	 24 	 -0.150 	 -0.000 	 -0.015
1 	 25 	 -0.345 	 -0.000 	 -0.035
1 	 26 	 -0.525 	 -0.000 	 -0.054
1 	 27 	 -0.684 	 -0.000 	 -0.070
1 	 28 	 -0.815 	 -0.000 	 -0.084
1 	 29 	 -0.912 	 -0.000 	 -0.094
1 	 30 	 -0.972 	 -0.000 	 -0.100

2 	 0 	 -0.931 	  0.000 	 -0.200
2 	 1 	 -0.912 	  0.000 	 -0.196
2 	 2 	 -0.856 	  0.000 	 -0.184
2 	 3 	 -0.764 	  0.000 	 -0.164
2 	 4 	 -0.642 	  0.000 	 -0.138
2 	 5 	 -0.493 	  0.000 	 -0.106
2 	 6 	 -0.323 	  0.000 	 -0.069
2 	 7 	 -0.141 	  0.000 	 -0.030
2 	 8 	  0.047 	  0.000 	  0.010
2 	 9 	  0.233 	  0.000 	  0.050
2 	 10 	  0.410 	  0.000 	  0.088
2 	 11 	  0.570 	  0.000 	  0.122
2 	 12 	  0.706 	  0.000 	  0.152
2 	 13 	  0.814 	  0.000 	  0.175
2 	 14 	  0.888 	  0.000 	  0.191
2 	 15 	  0.926 	  0.000 	  0.199
2 	 16 	  0.926 	 -0.000 	  0.199
2 	 17 	  0.888 	 -0.000 	  0.191
2 	 18 	  0.814 	 -0.000 	  0.175
2 	 19 	  0.706 	 -0.000 	  0.152
2 	 20 	  0.570 	 -0.000 	  0.122
2 	 21 	  0.410 	 -0.000 	  0.088
2 	 22 	  0.233 	 -0.000 	  0.050
2 	 23 	  0.047 	 -0.000 	  0.010
2 	 24 	 -0.141 	 -0.000 	 -0.030
2 	 25 	 -0.323 	 -0.000 	 -0.069
2 	 26 	 -0.493 	 -0.000 	 -0.106
2 	 27 	 -0.642 	 -0.000 	 -0.138
2 	 28 	 -0.764 	 -0.000 	 -0.164
2 	 29 	 -0.856 	 -0.000 	 -0.184
2 	 30 	 -0.912 	 -0.000 	 -0.196

3 	 0 	 -0.832 	  0.000 	 -0.289
3 	 1 	 -0.815 	  0.000 	 -0.283
3 	 2 	 -0.764 	  0.000 	 -0.266
3 	 3 	 -0.683 	  0.000 	 -0.238
3 	 4 	 -0.573 	  0.000 	 -0.199
3 	 5 	 -0.440 	  0.000 	 -0.153
3 	 6 	 -0.289 	  0.000 	 -0.101
3 	 7 	 -0.126 	  0.000 	 -0.044
3 	 8 	  0.042 	  0.000 	  0.015
3 	 9 	  0.208 	  0.000 	  0.073
3 	 10 	  0.366 	  0.000 	  0.127
3 	 11 	  0.509 	  0.000 	  0.177
3 	 12 	  0.631 	  0.000 	  0.220
3 	 13 	  0.727 	  0.000 	  0.253
3 	 14 	  0.793 	  0.000 	  0.276
3 	 15 	  0.827 	  0.000 	  0.288
3 	 16 	  0.827 	 -0.000 	  0.288
3 	 17 	  0.793 	 -0.000 	  0.276
3 	 18 	  0.727 	 -0.000 	  0.253
3 	 19 	  0.631 	 -0.000 	  0.220
3 	 20 	  0.509 	 -0.000 	  0.177
3 	 21 	  0.366 	 -0.000 	  0.127
3 	 22 	  0.208 	 -0.000 	  0.073
3 	 23 	  0.042 	 -0.000 	  0.015
3 	 24 	 -0.126 	 -0.000 	 -0.044
3 	 25 	 -0.289 	 -0.000 	 -0.101
3 	 26 	 -0.440 	 -0.000 	 -0.153
3 	 27 	 -0.573 	 -0.000 	 -0.199
3 	 28 	 -0.683 	 -0.000 	 -0.238
3 	 29 	 -0.764 	 -0.000 	 -0.266
3 	 30 	 -0.815 	 -0.000 	 -0.283

4 	 0 	 -0.698 	  0.000 	 -0.367
4 	 1 	 -0.684 	  0.000 	 -0.360
4 	 2 	 -0.642 	  0.000 	 -0.337
4 	 3 	 -0.573 	  0.000 	 -0.301
4 	 4 	 -0.481 	  0.000 	 -0.253
4 	 5 	 -0.369 	  0.000 	 -0.194
4 	 6 	 -0.242 	  0.000 	 -0.128
4 	 7 	 -0.106 	  0.000 	 -0.056
4 	 8 	  0.035 	  0.000 	  0.019
4 	 9 	  0.175 	  0.000 	  0.092
4 	 10 	  0.307 	  0.000 	  0.162
4 	 11 	  0.427 	  0.000 	  0.225
4 	 12 	  0.530 	  0.000 	  0.279
4 	 13 	  0.610 	  0.000 	  0.321
4 	 14 	  0.666 	  0.000 	  0.350
4 	 15 	  0.695 	  0.000 	  0.365
4 	 16 	  0.695 	 -0.000 	  0.365
4 	 17 	  0.666 	 -0.000 	  0.350
4 	 18 	  0.610 	 -0.000 	  0.321
4 	 19 	  0.530 	 -0.000 	  0.279
4 	 20 	  0.427 	 -0.000 	  0.225
4 	 21 	  0.307 	 -0.000 	  0.162
4 	 22 	  0.175 	 -0.000 	  0.092
4 	 23 	  0.035 	 -0.000 	  0.019
4 	 24 	 -0.106 	 -0.000 	 -0.056
4 	 25 	 -0.242 	 -0.000 	 -0.128
4 	 26 	 -0.369 	 -0.000 	 -0.194
4 	 27 	 -0.481 	 -0.000 	 -0.253
4 	 28 	 -0.573 	 -0.000 	 -0.301
4 	 29 	 -0.642 	 -0.000 	 -0.337
4 	 30 	 -0.684 	 -0.000 	 -0.360

5 	 0 	 -0.536 	  0.000 	 -0.430
5 	 1 	 -0.525 	  0.000 	 -0.421
5 	 2 	 -0.493 	  0.000 	 -0.395
5 	 3 	 -0.440 	  0.000 	 -0.353
5 	 4 	 -0.369 	  0.000 	 -0.296
5 	 5 	 -0.284 	  0.000 	 -0.227
5 	 6 	 -0.186 	  0.000 	 -0.149
5 	 7 	 -0.081 	  0.000 	 -0.065
5 	 8 	  0.027 	  0.000 	  0.022
5 	 9 	  0.134 	  0.000 	  0.108
5 	 10 	  0.236 	  0.000 	  0.189
5 	 11 	  0.328 	  0.000 	  0.263
5 	 12 	  0.407 	  0.000 	  0.326
5 	 13 	  0.469 	  0.000 	  0.376
5 	 14 	  0.511 	  0.000 	  0.410
5 	 15 	  0.533 	  0.000 	  0.428
5 	 16 	  0.533 	 -0.000 	  0.428
5 	 17 	  0.511 	 -0.000 	  0.410
5 	 18 	  0.469 	 -0.000 	  0.376
5 	 19 	  0.407 	 -0.000 	  0.326
5 	 20 	  0.328 	 -0.000 	  0.263
5 	 21 	  0.236 	 -0.000 	  0.189
5 	 22 	  0.134 	 -0.000 	  0.108
5 	 23 	  0.027 	 -0.000 	  0.022
5 	 24 	 -0.081 	 -0.000 	 -0.065
5 	 25 	 -0.186 	 -0.000 	 -0.149
5 	 26 	 -0.284 	 -0.000 	 -0.227
5 	 27 	 -0.369 	 -0.000 	 -0.296
5 	 28 	 -0.440 	 -0.000 	 -0.353
5 	 29 	 -0.493 	 -0.000 	 -0.395
5 	 30 	 -0.525 	 -0.000 	 -0.421

6 	 0 	 -0.352 	  0.000 	 -0.475
6 	 1 	 -0.345 	  0.000 	 -0.465
6 	 2 	 -0.323 	  0.000 	 -0.437
6 	 3 	 -0.289 	  0.000 	 -0.390
6 	 4 	 -0.242 	  0.000 	 -0.327
6 	 5 	 -0.186 	  0.000 	 -0.251
6 	 6 	 -0.122 	  0.000 	 -0.165
6 	 7 	 -0.053 	  0.000 	 -0.072
6 	 8 	  0.018 	  0.000 	  0.024
6 	 9 	  0.088 	  0.000 	  0.119
6 	 10 	  0.155 	  0.000 	  0.209
6 	 11 	  0.215 	  0.000 	  0.291
6 	 12 	  0.267 	  0.000 	  0.360
6 	 13 	  0.308 	  0.000 	  0.415
6 	 14 	  0.336 	  0.000 	  0.453
6 	 15 	  0.350 	  0.000 	  0.473
6 	 16 	  0.350 	 -0.000 	  0.473
6 	 17 	  0.336 	 -0.000 	  0.453
6 	 18 	  0.308 	 -0.000 	  0.415
6 	 19 	  0.267 	 -0.000 	  0.360
6 	 20 	  0.215 	 -0.000 	  0.291
6 	 21 	  0.155 	 -0.000 	  0.209
6 	 22 	  0.088 	 -0.000 	  0.119
6 	 23 	  0.018 	 -0.000 	  0.024
6 	 24 	 -0.053 	 -0.000 	 -0.072
6 	 25 	 -0.122 	 -0.000 	 -0.165
6 	 26 	 -0.186 	 -0.000 	 -0.251
6 	 27 	 -0.242 	 -0.000 	 -0.327
6 	 28 	 -0.289 	 -0.000 	 -0.390
6 	 29 	 -0.323 	 -0.000 	 -0.437
6 	 30 	 -0.345 	 -0.000 	 -0.465

7 	 0 	 -0.153 	  0.000 	 -0.501
7 	 1 	 -0.150 	  0.000 	 -0.491
7 	 2 	 -0.141 	  0.000 	 -0.460
7 	 3 	 -0.126 	  0.000 	 -0.411
7 	 4 	 -0.106 	  0.000 	 -0.345
7 	 5 	 -0.081 	  0.000 	 -0.265
7 	 6 	 -0.053 	  0.000 	 -0.174
7 	 7 	 -0.023 	  0.000 	 -0.076
7 	 8 	  0.008 	  0.000 	  0.025
7 	 9 	  0.038 	  0.000 	  0.126
7 	 10 	  0.068 	  0.000 	  0.221
7 	 11 	  0.094 	  0.000 	  0.307
7 	 12 	  0.116 	  0.000 	  0.380
7 	 13 	  0.134 	  0.000 	  0.438
7 	 14 	  0.146 	  0.000 	  0.478
7 	 15 	  0.153 	  0.000 	  0.498
7 	 16 	  0.153 	 -0.000 	  0.498
7 	 17 	  0.146 	 -0.000 	  0.478
7 	 18 	  0.134 	 -0.000 	  0.438
7 	 19 	  0.116 	 -0.000 	  0.380
7 	 20 	  0.094 	 -0.000 	  0.307
7 	 21 	  0.068 	 -0.000 	  0.221
7 	 22 	  0.038 	 -0.000 	  0.126
7 	 23 	  0.008 	 -0.000 	  0.025
7 	 24 	 -0.023 	 -0.000 	 -0.076
7 	 25 	 -0.053 	 -0.000 	 -0.174
7 	 26 	 -0.081 	 -0.000 	 -0.265
7 	 27 	 -0.106 	 -0.000 	 -0.345
7 	 28 	 -0.126 	 -0.000 	 -0.411
7 	 29 	 -0.141 	 -0.000 	 -0.460
7 	 30 	 -0.150 	 -0.000 	 -0.491

8 	 0 	  0.051 	 -0.000 	 -0.506
8 	 1 	  0.050 	 -0.000 	 -0.496
8 	 2 	  0.047 	 -0.000 	 -0.465
8 	 3 	  0.042 	 -0.000 	 -0.415
8 	 4 	  0.035 	 -0.000 	 -0.349
8 	 5 	  0.027 	 -0.000 	 -0.268
8 	 6 	  0.018 	 -0.000 	 -0.176
8 	 7 	  0.008 	 -0.000 	 -0.077
8 	 8 	 -0.003 	 -0.000 	  0.026
8 	 9 	 -0.013 	 -0.000 	  0.127
8 	 10 	 -0.023 	 -0.000 	  0.223
8 	 11 	 -0.031 	 -0.000 	  0.310
8 	 12 	 -0.039 	 -0.000 	  0.384
8 	 13 	 -0.045 	 -0.000 	  0.442
8 	 14 	 -0.049 	 -0.000 	  0.483
8 	 15 	 -0.051 	 -0.000 	  0.503
8 	 16 	 -0.051 	  0.000 	  0.503
8 	 17 	 -0.049 	  0.000 	  0.483
8 	 18 	 -0.045 	  0.000 	  0.442
8 	 19 	 -0.039 	  0.000 	  0.384
8 	 20 	 -0.031 	  0.000 	  0.310
8 	 21 	 -0.023 	  0.000 	  0.223
8 	 22 	 -0.013 	  0.000 	  0.127
8 	 23 	 -0.003 	  0.000 	  0.026
8 	 24 	  0.008 	  0.000 	 -0.077
8 	 25 	  0.018 	  0.000 	 -0.176
8 	 26 	  0.027 	  0.000 	 -0.268
8 	 27 	  0.035 	  0.000 	 -0.349
8 	 28 	  0.042 	  0.000 	 -0.415
8 	 29 	  0.047 	  0.000 	 -0.465
8 	 30 	  0.050 	  0.000 	 -0.496

9 	 0 	  0.254 	 -0.000 	 -0.490
9 	 1 	  0.249 	 -0.000 	 -0.480
9 	 2 	  0.233 	 -0.000 	 -0.451
9 	 3 	  0.208 	 -0.000 	 -0.403
9 	 4 	  0.175 	 -0.000 	 -0.338
9 	 5 	  0.134 	 -0.000 	 -0.259
9 	 6 	  0.088 	 -0.000 	 -0.170
9 	 7 	  0.038 	 -0.000 	 -0.074
9 	 8 	 -0.013 	 -0.000 	  0.025
9 	 9 	 -0.064 	 -0.000 	  0.123
9 	 10 	 -0.112 	 -0.000 	  0.216
9 	 11 	 -0.155 	 -0.000 	  0.300
9 	 12 	 -0.193 	 -0.000 	  0.372
9 	 13 	 -0.222 	 -0.000 	  0.429
9 	 14 	 -0.242 	 -0.000 	  0.468
9 	 15 	 -0.253 	 -0.000 	  0.488
9 	 16 	 -0.253 	  0.000 	  0.488
9 	 17 	 -0.242 	  0.000 	  0.468
9 	 18 	 -0.222 	  0.000 	  0.429
9 	 19 	 -0.193 	  0.000 	  0.372
9 	 20 	 -0.155 	  0.000 	  0.300
9 	 21 	 -0.112 	  0.000 	  0.216
9 	 22 	 -0.064 	  0.000 	  0.123
9 	 23 	 -0.013 	  0.000 	  0.025
9 	 24 	  0.038 	  0.000 	 -0.074
9 	 25 	  0.088 	  0.000 	 -0.170
9 	 26 	  0.134 	  0.000 	 -0.259
9 	 27 	  0.175 	  0.000 	 -0.338
9 	 28 	  0.208 	  0.000 	 -0.403
9 	 29 	  0.233 	  0.000 	 -0.451
9 	 30 	  0.249 	  0.000 	 -0.480

10 	 0 	  0.446 	 -0.000 	 -0.455
10 	 1 	  0.437 	 -0.000 	 -0.446
10 	 2 	  0.410 	 -0.000 	 -0.418
10 	 3 	  0.366 	 -0.000 	 -0.373
10 	 4 	  0.307 	 -0.000 	 -0.313
10 	 5 	  0.236 	 -0.000 	 -0.241
10 	 6 	  0.155 	 -0.000 	 -0.158
10 	 7 	  0.068 	 -0.000 	 -0.069
10 	 8 	 -0.023 	 -0.000 	  0.023
10 	 9 	 -0.112 	 -0.000 	  0.114
10 	 10 	 -0.197 	 -0.000 	  0.200
10 	 11 	 -0.273 	 -0.000 	  0.278
10 	 12 	 -0.339 	 -0.000 	  0.345
10 	 13 	 -0.390 	 -0.000 	  0.398
10 	 14 	 -0.426 	 -0.000 	  0.434
10 	 15 	 -0.444 	 -0.000 	  0.453
10 	 16 	 -0.444 	  0.000 	  0.453
10 	 17 	 -0.426 	  0.000 	  0.434
10 	 18 	 -0.390 	  0.000 	  0.398
10 	 19 	 -0.339 	  0.000 	  0.345
10 	 20 	 -0.273 	  0.000 	  0.278
10 	 21 	 -0.197 	  0.000 	  0.200
10 	 22 	 -0.112 	  0.000 	  0.114
10 	 23 	 -0.023 	  0.000 	  0.023
10 	 24 	  0.068 	  0.000 	 -0.069
10 	 25 	  0.155 	  0.000 	 -0.158
10 	 26 	  0.236 	  0.000 	 -0.241
10 	 27 	  0.307 	  0.000 	 -0.313
10 	 28 	  0.366 	  0.000 	 -0.373
10 	 29 	  0.410 	  0.000 	 -0.418
10 	 30 	  0.437 	  0.000 	 -0.446

11 	 0 	  0.620 	 -0.000 	 -0.401
11 	 1 	  0.608 	 -0.000 	 -0.392
11 	 2 	  0.570 	 -0.000 	 -0.368
11 	 3 	  0.509 	 -0.000 	 -0.329
11 	 4 	  0.427 	 -0.000 	 -0.276
11 	 5 	  0.328 	 -0.000 	 -0.212
11 	 6 	  0.215 	 -0.000 	 -0.139
11 	 7 	  0.094 	 -0.000 	 -0.061
11 	 8 	 -0.031 	 -0.000 	  0.020
11 	 9 	 -0.155 	 -0.000 	  0.100
11 	 10 	 -0.273 	 -0.000 	  0.176
11 	 11 	 -0.380 	 -0.000 	  0.245
11 	 12 	 -0.471 	 -0.000 	  0.304
11 	 13 	 -0.542 	 -0.000 	  0.350
11 	 14 	 -0.592 	 -0.000 	  0.382
11 	 15 	 -0.617 	 -0.000 	  0.399
11 	 16 	 -0.617 	  0.000 	  0.399
11 	 17 	 -0.592 	  0.000 	  0.382
11 	 18 	 -0.542 	  0.000 	  0.350
11 	 19 	 -0.471 	  0.000 	  0.304
11 	 20 	 -0.380 	  0.000 	  0.245
11 	 21 	 -0.273 	  0.000 	  0.176
11 	 22 	 -0.155 	  0.000 	  0.100
11 	 23 	 -0.031 	  0.000 	  0.020
11 	 24 	  0.094 	  0.000 	 -0.061
11 	 25 	  0.215 	  0.000 	 -0.139
11 	 26 	  0.328 	  0.000 	 -0.212
11 	 27 	  0.427 	  0.000 	 -0.276
11 	 28 	  0.509 	  0.000 	 -0.329
11 	 29 	  0.570 	  0.000 	 -0.368
11 	 30 	  0.608 	  0.000 	 -0.392

12 	 0 	  0.769 	 -0.000 	 -0.330
12 	 1 	  0.753 	 -0.000 	 -0.323
12 	 2 	  0.706 	 -0.000 	 -0.303
12 	 3 	  0.631 	 -0.000 	 -0.271
12 	 4 	  0.530 	 -0.000 	 -0.227
12 	 5 	  0.407 	 -0.000 	 -0.175
12 	 6 	  0.267 	 -0.000 	 -0.115
12 	 7 	  0.116 	 -0.000 	 -0.050
12 	 8 	 -0.039 	 -0.000 	  0.017
12 	 9 	 -0.193 	 -0.000 	  0.083
12 	 10 	 -0.339 	 -0.000 	  0.145
12 	 11 	 -0.471 	 -0.000 	  0.202
12 	 12 	 -0.583 	 -0.000 	  0.250
12 	 13 	 -0.672 	 -0.000 	  0.289
12 	 14 	 -0.734 	 -0.000 	  0.315
12 	 15 	 -0.765 	 -0.000 	  0.328
12 	 16 	 -0.765 	  0.000 	  0.328
12 	 17 	 -0.734 	  0.000 	  0.315
12 	 18 	 -0.672 	  0.000 	  0.289
12 	 19 	 -0.583 	  0.000 	  0.250
12 	 20 	 -0.471 	  0.000 	  0.202
12 	 21 	 -0.339 	  0.000 	  0.145
12 	 22 	 -0.193 	  0.000 	  0.083
12 	 23 	 -0.039 	  0.000 	  0.017
12 	 24 	  0.116 	  0.000 	 -0.050
12 	 25 	  0.267 	  0.000 	 -0.115
12 	 26 	  0.407 	  0.000 	 -0.175
12 	 27 	  0.530 	  0.000 	 -0.227
12 	 28 	  0.631 	  0.000 	 -0.271
12 	 29 	  0.706 	  0.000 	 -0.303
12 	 30 	  0.753 	  0.000 	 -0.323

13 	 0 	  0.886 	 -0.000 	 -0.246
13 	 1 	  0.868 	 -0.000 	 -0.241
13 	 2 	  0.814 	 -0.000 	 -0.226
13 	 3 	  0.727 	 -0.000 	 -0.202
13 	 4 	  0.610 	 -0.000 	 -0.169
13 	 5 	  0.469 	 -0.000 	 -0.130
13 	 6 	  0.308 	 -0.000 	 -0.085
13 	 7 	  0.134 	 -0.000 	 -0.037
13 	 8 	 -0.045 	 -0.000 	  0.012
13 	 9 	 -0.222 	 -0.000 	  0.062
13 	 10 	 -0.390 	 -0.000 	  0.108
13 	 11 	 -0.542 	 -0.000 	  0.150
13 	 12 	 -0.672 	 -0.000 	  0.187
13 	 13 	 -0.775 	 -0.000 	  0.215
13 	 14 	 -0.845 	 -0.000 	  0.235
13 	 15 	 -0.881 	 -0.000 	  0.245
13 	 16 	 -0.881 	  0.000 	  0.245
13 	 17 	 -0.845 	  0.000 	  0.235
13 	 18 	 -0.775 	  0.000 	  0.215
13 	 19 	 -0.672 	  0.000 	  0.187
13 	 20 	 -0.542 	  0.000 	  0.150
13 	 21 	 -0.390 	  0.000 	  0.108
13 	 22 	 -0.222 	  0.000 	  0.062
13 	 23 	 -0.045 	  0.000 	  0.012
13 	 24 	  0.134 	  0.000 	 -0.037
13 	 25 	  0.308 	  0.000 	 -0.085
13 	 26 	  0.469 	  0.000 	 -0.130
13 	 27 	  0.610 	  0.000 	 -0.169
13 	 28 	  0.727 	  0.000 	 -0.202
13 	 29 	  0.814 	  0.000 	 -0.226
13 	 30 	  0.868 	  0.000 	 -0.241

14 	 0 	  0.967 	 -0.000 	 -0.152
14 	 1 	  0.947 	 -0.000 	 -0.149
14 	 2 	  0.888 	 -0.000 	 -0.139
14 	 3 	  0.793 	 -0.000 	 -0.124
14 	 4 	  0.666 	 -0.000 	 -0.104
14 	 5 	  0.511 	 -0.000 	 -0.080
14 	 6 	  0.336 	 -0.000 	 -0.053
14 	 7 	  0.146 	 -0.000 	 -0.023
14 	 8 	 -0.049 	 -0.000 	  0.008
14 	 9 	 -0.242 	 -0.000 	  0.038
14 	 10 	 -0.426 	 -0.000 	  0.067
14 	 11 	 -0.592 	 -0.000 	  0.093
14 	 12 	 -0.734 	 -0.000 	  0.115
14 	 13 	 -0.845 	 -0.000 	  0.133
14 	 14 	 -0.922 	 -0.000 	  0.145
14 	 15 	 -0.962 	 -0.000 	  0.151
14 	 16 	 -0.962 	  0.000 	  0.151
14 	 17 	 -0.922 	  0.000 	  0.145
14 	 18 	 -0.845 	  0.000 	  0.133
14 	 19 	 -0.734 	  0.000 	  0.115
14 	 20 	 -0.592 	  0.000 	  0.093
14 	 21 	 -0.426 	  0.000 	  0.067
14 	 22 	 -0.242 	  0.000 	  0.038
14 	 23 	 -0.049 	  0.000 	  0.008
14 	 24 	  0.146 	  0.000 	 -0.023
14 	 25 	  0.336 	  0.000 	 -0.053
14 	 26 	  0.511 	  0.000 	 -0.080
14 	 27 	  0.666 	  0.000 	 -0.104
14 	 28 	  0.793 	  0.000 	 -0.124
14 	 29 	  0.888 	  0.000 	 -0.139
14 	 30 	  0.947 	  0.000 	 -0.149

15 	 0 	  1.008 	 -0.000 	 -0.051
15 	 1 	  0.987 	 -0.000 	 -0.050
15 	 2 	  0.926 	 -0.000 	 -0.047
15 	 3 	  0.827 	 -0.000 	 -0.042
15 	 4 	  0.695 	 -0.000 	 -0.035
15 	 5 	  0.533 	 -0.000 	 -0.027
15 	 6 	  0.350 	 -0.000 	 -0.018
15 	 7 	  0.153 	 -0.000 	 -0.008
15 	 8 	 -0.051 	 -0.000 	  0.003
15 	 9 	 -0.253 	 -0.000 	  0.013
15 	 10 	 -0.444 	 -0.000 	  0.023
15 	 11 	 -0.617 	 -0.000 	  0.031
15 	 12 	 -0.765 	 -0.000 	  0.039
15 	 13 	 -0.881 	 -0.000 	  0.045
15 	 14 	 -0.962 	 -0.000 	  0.049
15 	 15 	 -1.003 	 -0.000 	  0.051
15 	 16 	 -1.003 	  0.000 	  0.051
15 	 17 	 -0.962 	  0.000 	  0.049
15 	 18 	 -0.881 	  0.000 	  0.045
15 	 19 	 -0.765 	  0.000 	  0.039
15 	 20 	 -0.617 	  0.000 	  0.031
15 	 21 	 -0.444 	  0.000 	  0.023
15 	 22 	 -0.253 	  0.000 	  0.013
15 	 23 	 -0.051 	  0.000 	  0.003
15 	 24 	  0.153 	  0.000 	 -0.008
15 	 25 	  0.350 	  0.000 	 -0.018
15 	 26 	  0.533 	  0.000 	 -0.027
15 	 27 	  0.695 	  0.000 	 -0.035
15 	 28 	  0.827 	  0.000 	 -0.042
15 	 29 	  0.926 	  0.000 	 -0.047
15 	 30 	  0.987 	  0.000 	 -0.050

16 	 0 	  1.008 	 -0.000 	  0.051
16 	 1 	  0.987 	 -0.000 	  0.050
16 	 2 	  0.926 	 -0.000 	  0.047
16 	 3 	  0.827 	 -0.000 	  0.042
16 	 4 	  0.695 	 -0.000 	  0.035
16 	 5 	  0.533 	 -0.000 	  0.027
16 	 6 	  0.350 	 -0.000 	  0.018
16 	 7 	  0.153 	 -0.000 	  0.008
16 	 8 	 -0.051 	 -0.000 	 -0.003
16 	 9 	 -0.253 	 -0.000 	 -0.013
16 	 10 	 -0.444 	 -0.000 	 -0.023
16 	 11 	 -0.617 	 -0.000 	 -0.031
16 	 12 	 -0.765 	 -0.000 	 -0.039
16 	 13 	 -0.881 	 -0.000 	 -0.045
16 	 14 	 -0.962 	 -0.000 	 -0.049
16 	 15 	 -1.003 	 -0.000 	 -0.051
16 	 16 	 -1.003 	  0.000 	 -0.051
16 	 17 	 -0.962 	  0.000 	 -0.049
16 	 18 	 -0.881 	  0.000 	 -0.045
16 	 19 	 -0.765 	  0.000 	 -0.039
16 	 20 	 -0.617 	  0.000 	 -0.031
16 	 21 	 -0.444 	  0.000 	 -0.023
16 	 22 	 -0.253 	  0.000 	 -0.013
16 	 23 	 -0.051 	  0.000 	 -0.003
16 	 24 	  0.153 	  0.000 	  0.008
16 	 25 	  0.350 	  0.000 	  0.018
16 	 26 	  0.533 	  0.000 	  0.027
16 	 27 	  0.695 	  0.000 	  0.035
16 	 28 	  0.827 	  0.000 	  0.042
16 	 29 	  0.926 	  0.000 	  0.047
16 	 30 	  0.987 	  0.000 	  0.050

17 	 0 	  0.967 	 -0.000 	  0.152
17 	 1 	  0.947 	 -0.000 	  0.149
17 	 2 	  0.888 	 -0.000 	  0.139
17 	 3 	  0.793 	 -0.000 	  0.124
17 	 4 	  0.666 	 -0.000 	  0.104
17 	 5 	  0.511 	 -0.000 	  0.080
17 	 6 	  0.336 	 -0.000 	  0.053
17 	 7 	  0.146 	 -0.000 	  0.023
17 	 8 	 -0.049 	 -0.000 	 -0.008
17 	 9 	 -0.242 	 -0.000 	 -0.038
17 	 10 	 -0.426 	 -0.000 	 -0.067
17 	 11 	 -0.592 	 -0.000 	 -0.093
17 	 12 	 -0.734 	 -0.000 	 -0.115
17 	 13 	 -0.845 	 -0.000 	 -0.133
17 	 14 	 -0.922 	 -0.000 	 -0.145
17 	 15 	 -0.962 	 -0.000 	 -0.151
17 	 16 	 -0.962 	  0.000 	 -0.151
17 	 17 	 -0.922 	  0.000 	 -0.145
17 	 18 	 -0.845 	  0.000 	 -0.133
17 	 19 	 -0.734 	  0.000 	 -0.115
17 	 20 	 -0.592 	  0.000 	 -0.093
17 	 21 	 -0.426 	  0.000 	 -0.067
17 	 22 	 -0.242 	  0.000 	 -0.038
17 	 23 	 -0.049 	  0.000 	 -0.008
17 	 24 	  0.146 	  0.000 	  0.023
17 	 25 	  0.336 	  0.000 	  0.053
17 	 26 	  0.511 	  0.000 	  0.080
17 	 27 	  0.666 	  0.000 	  0.104
17 	 28 	  0.793 	  0.000 	  0.124
17 	 29 	  0.888 	  0.000 	  0.139
17 	 30 	  0.947 	  0.000 	  0.149

18 	 0 	  0.886 	 -0.000 	  0.246
18 	 1 	  0.868 	 -0.000 	  0.241
18 	 2 	  0.814 	 -0.000 	  0.226
18 	 3 	  0.727 	 -0.000 	  0.202
18 	 4 	  0.610 	 -0.000 	  0.169
18 	 5 	  0.469 	 -0.000 	  0.130
18 	 6 	  0.308 	 -0.000 	  0.085
18 	 7 	  0.134 	 -0.000 	  0.037
18 	 8 	 -0.045 	 -0.000 	 -0.012
18 	 9 	 -0.222 	 -0.000 	 -0.062
18 	 10 	 -0.390 	 -0.000 	 -0.108
18 	 11 	 -0.542 	 -0.000 	 -0.150
18 	 12 	 -0.672 	 -0.000 	 -0.187
18 	 13 	 -0.775 	 -0.000 	 -0.215
18 	 14 	 -0.845 	 -0.000 	 -0.235
18 	 15 	 -0.881 	 -0.000 	 -0.245
18 	 16 	 -0.881 	  0.000 	 -0.245
18 	 17 	 -0.845 	  0.000 	 -0.235
18 	 18 	 -0.775 	  0.000 	 -0.215
18 	 19 	 -0.672 	  0.000 	 -0.187
18 	 20 	 -0.542 	  0.000 	 -0.150
18 	 21 	 -0.390 	  0.000 	 -0.108
18 	 22 	 -0.222 	  0.000 	 -0.062
18 	 23 	 -0.045 	  0.000 	 -0.012
18 	 24 	  0.134 	  0.000 	  0.037
18 	 25 	  0.308 	  0.000 	  0.085
18 	 26 	  0.469 	  0.000 	  0.130
18 	 27 	  0.610 	  0.000 	  0.169
18 	 28 	  0.727 	  0.000 	  0.202
18 	 29 	  0.814 	  0.000 	  0.226
18 	 30 	  0.868 	  0.000 	  0.241

19 	 0 	  0.769 	 -0.000 	  0.330
19 	 1 	  0.753 	 -0.000 	  0.323
19 	 2 	  0.706 	 -0.000 	  0.303
19 	 3 	  0.631 	 -0.000 	  0.271
19 	 4 	  0.530 	 -0.000 	  0.227
19 	 5 	  0.407 	 -0.000 	  0.175
19 	 6 	  0.267 	 -0.000 	  0.115
19 	 7 	  0.116 	 -0.000 	  0.050
19 	 8 	 -0.039 	 -0.000 	 -0.017
19 	 9 	 -0.193 	 -0.000 	 -0.083
19 	 10 	 -0.339 	 -0.000 	 -0.145
19 	 11 	 -0.471 	 -0.000 	 -0.202
19 	 12 	 -0.583 	 -0.000 	 -0.250
19 	 13 	 -0.672 	 -0.000 	 -0.289
19 	 14 	 -0.734 	 -0.000 	 -0.315
19 	 15 	 -0.765 	 -0.000 	 -0.328
19 	 16 	 -0.765 	  0.000 	 -0.328
19 	 17 	 -0.734 	  0.000 	 -0.315
19 	 18 	 -0.672 	  0.000 	 -0.289
19 	 19 	 -0.583 	  0.000 	 -0.250
19 	 20 	 -0.471 	  0.000 	 -0.202
19 	 21 	 -0.339 	  0.000 	 -0.145
19 	 22 	 -0.193 	  0.000 	 -0.083
19 	 23 	 -0.039 	  0.000 	 -0.017
19 	 24 	  0.116 	  0.000 	  0.050
19 	 25 	  0.267 	  0.000 	  0.115
19 	 26 	  0.407 	  0.000 	  0.175
19 	 27 	  0.530 	  0.000 	  0.227
19 	 28 	  0.631 	  0.000 	  0.271
19 	 29 	  0.706 	  0.000 	  0.303
19 	 30 	  0.753 	  0.000 	  0.323

20 	 0 	  0.620 	 -0.000 	  0.401
20 	 1 	  0.608 	 -0.000 	  0.392
20 	 2 	  0.570 	 -0.000 	  0.368
20 	 3 	  0.509 	 -0.000 	  0.329
20 	 4 	  0.427 	 -0.000 	  0.276
20 	 5 	  0.328 	 -0.000 	  0.212
20 	 6 	  0.215 	 -0.000 	  0.139
20 	 7 	  0.094 	 -0.000 	  0.061
20 	 8 	 -0.031 	 -0.000 	 -0.020
20 	 9 	 -0.155 	 -0.000 	 -0.100
20 	 10 	 -0.273 	 -0.000 	 -0.176
20 	 11 	 -0.380 	 -0.000 	 -0.245
20 	 12 	 -0.471 	 -0.000 	 -0.304
20 	 13 	 -0.542 	 -0.000 	 -0.350
20 	 14 	 -0.592 	 -0.000 	 -0.382
20 	 15 	 -0.617 	 -0.000 	 -0.399
20 	 16 	 -0.617 	  0.000 	 -0.399
20 	 17 	 -0.592 	  0.000 	 -0.382
20 	 18 	 -0.542 	  0.000 	 -0.350
20 	 19 	 -0.471 	  0.000 	 -0.304
20 	 20 	 -0.380 	  0.000 	 -0.245
20 	 21 	 -0.273 	  0.000 	 -0.176
20 	 22 	 -0.155 	  0.000 	 -0.100
20 	 23 	 -0.031 	  0.000 	 -0.020
20 	 24 	  0.094 	  0.000 	  0.061
20 	 25 	  0.215 	  0.000 	  0.139
20 	 26 	  0.328 	  0.000 	  0.212
20 	 27 	  0.427 	  0.000 	  0.276
20 	 28 	  0.509 	  0.000 	  0.329
20 	 29 	  0.570 	  0.000 	  0.368
20 	 30 	  0.608 	  0.000 	  0.392

21 	 0 	  0.446 	 -0.000 	  0.455
21 	 1 	  0.437 	 -0.000 	  0.446
21 	 2 	  0.410 	 -0.000 	  0.418
21 	 3 	  0.366 	 -0.000 	  0.373
21 	 4 	  0.307 	 -0.000 	  0.313
21 	 5 	  0.236 	 -0.000 	  0.241
21 	 6 	  0.155 	 -0.000 	  0.158
21 	 7 	  0.068 	 -0.000 	  0.069
21 	 8 	 -0.023 	 -0.000 	 -0.023
21 	 9 	 -0.112 	 -0.000 	 -0.114
21 	 10 	 -0.197 	 -0.000 	 -0.200
21 	 11 	 -0.273 	 -0.000 	 -0.278
21 	 12 	 -0.339 	 -0.000 	 -0.345
21 	 13 	 -0.390 	 -0.000 	 -0.398
21 	 14 	 -0.426 	 -0.000 	 -0.434
21 	 15 	 -0.444 	 -0.000 	 -0.453
21 	 16 	 -0.444 	  0.000 	 -0.453
21 	 17 	 -0.426 	  0.000 	 -0.434
21 	 18 	 -0.390 	  0.000 	 -0.398
21 	 19 	 -0.339 	  0.000 	 -0.345
21 	 20 	 -0.273 	  0.000 	 -0.278
21 	 21 	 -0.197 	  0.000 	 -0.200
21 	 22 	 -0.112 	  0.000 	 -0.114
21 	 23 	 -0.023 	  0.000 	 -0.023
21 	 24 	  0.068 	  0.000 	  0.069
21 	 25 	  0.155 	  0.000 	  0.158
21 	 26 	  0.236 	  0.000 	  0.241
21 	 27 	  0.307 	  0.000 	  0.313
21 	 28 	  0.366 	  0.000 	  0.373
21 	 29 	  0.410 	  0.000 	  0.418
21 	 30 	  0.437 	  0.000 	  0.446

22 	 0 	  0.254 	 -0.000 	  0.490
22 	 1 	  0.249 	 -0.000 	  0.480
22 	 2 	  0.233 	 -0.000 	  0.451
22 	 3 	  0.208 	 -0.000 	  0.403
22 	 4 	  0.175 	 -0.000 	  0.338
22 	 5 	  0.134 	 -0.000 	  0.259
22 	 6 	  0.088 	 -0.000 	  0.170
22 	 7 	  0.038 	 -0.000 	  0.074
22 	 8 	 -0.013 	 -0.000 	 -0.025
22 	 9 	 -0.064 	 -0.000 	 -0.123
22 	 10 	 -0.112 	 -0.000 	 -0.216
22 	 11 	 -0.155 	 -0.000 	 -0.300
22 	 12 	 -0.193 	 -0.000 	 -0.372
22 	 13 	 -0.222 	 -0.000 	 -0.429
22 	 14 	 -0.242 	 -0.000 	 -0.468
22 	 15 	 -0.253 	 -0.000 	 -0.488
22 	 16 	 -0.253 	  0.000 	 -0.488
22 	 17 	 -0.242 	  0.000 	 -0.468
22 	 18 	 -0.222 	  0.000 	 -0.429
22 	 19 	 -0.193 	  0.000 	 -0.372
22 	 20 	 -0.155 	  0.000 	 -0.300
22 	 21 	 -0.112 	  0.000 	 -0.216
22 	 22 	 -0.064 	  0.000 	 -0.123
22 	 23 	 -0.013 	  0.000 	 -0.025
22 	 24 	  0.038 	  0.000 	  0.074
22 	 25 	  0.088 	  0.000 	  0.170
22 	 26 	  0.134 	  0.000 	  0.259
22 	 27 	  0.175 	  0.000 	  0.338
22 	 28 	  0.208 	  0.000 	  0.403
22 	 29 	  0.233 	  0.000 	  0.451
22 	 30 	  0.249 	  0.000 	  0.480

23 	 0 	  0.051 	 -0.000 	  0.506
23 	 1 	  0.050 	 -0.000 	  0.496
23 	 2 	  0.047 	 -0.000 	  0.465
23 	 3 	  0.042 	 -0.000 	  0.415
23 	 4 	  0.035 	 -0.000 	  0.349
23 	 5 	  0.027 	 -0.000 	  0.268
23 	 6 	  0.018 	 -0.000 	  0.176
23 	 7 	  0.008 	 -0.000 	  0.077
23 	 8 	 -0.003 	 -0.000 	 -0.026
23 	 9 	 -0.013 	 -0.000 	 -0.127
23 	 10 	 -0.023 	 -0.000 	 -0.223
23 	 11 	 -0.031 	 -0.000 	 -0.310
23 	 12 	 -0.039 	 -0.000 	 -0.384
23 	 13 	 -0.045 	 -0.000 	 -0.442
23 	 14 	 -0.049 	 -0.000 	 -0.483
23 	 15 	 -0.051 	 -0.000 	 -0.503
23 	 16 	 -0.051 	  0.000 	 -0.503
23 	 17 	 -0.049 	  0.000 	 -0.483
23 	 18 	 -0.045 	  0.000 	 -0.442
23 	 19 	 -0.039 	  0.000 	 -0.384
23 	 20 	 -0.031 	  0.000 	 -0.310
23 	 21 	 -0.023 	  0.000 	 -0.223
23 	 22 	 -0.013 	  0.000 	 -0.127
23 	 23 	 -0.003 	  0.000 	 -0.026
23 	 24 	  0.008 	  0.000 	  0.077
23 	 25 	  0.018 	  0.000 	  0.176
23 	 26 	  0.027 	  0.000 	  0.268
23 	 27 	  0.035 	  0.000 	  0.349
23 	 28 	  0.042 	  0.000 	  0.415
23 	 29 	  0.047 	  0.000 	  0.465
23 	 30 	  0.050 	  0.000 	  0.496

24 	 0 	 -0.153 	  0.000 	  0.501
24 	 1 	 -0.150 	  0.000 	  0.491
24 	 2 	 -0.141 	  0.000 	  0.460
24 	 3 	 -0.126 	  0.000 	  0.411
24 	 4 	 -0.106 	  0.000 	  0.345
24 	 5 	 -0.081 	  0.000 	  0.265
24 	 6 	 -0.053 	  0.000 	  0.174
24 	 7 	 -0.023 	  0.000 	  0.076
24 	 8 	  0.008 	  0.000 	 -0.025
24 	 9 	  0.038 	  0.000 	 -0.126
24 	 10 	  0.068 	  0.000 	 -0.221
24 	 11 	  0.094 	  0.000 	 -0.307
24 	 12 	  0.116 	  0.000 	 -0.380
24 	 13 	  0.134 	  0.000 	 -0.438
24 	 14 	  0.146 	  0.000 	 -0.478
24 	 15 	  0.153 	  0.000 	 -0.498
24 	 16 	  0.153 	 -0.000 	 -0.498
24 	 17 	  0.146 	 -0.000 	 -0.478
24 	 18 	  0.134 	 -0.000 	 -0.438
24 	 19 	  0.116 	 -0.000 	 -0.380
24 	 20 	  0.094 	 -0.000 	 -0.307
24 	 21 	  0.068 	 -0.000 	 -0.221
24 	 22 	  0.038 	 -0.000 	 -0.126
24 	 23 	  0.008 	 -0.000 	 -0.025
24 	 24 	 -0.023 	 -0.000 	  0.076
24 	 25 	 -0.053 	 -0.000 	  0.174
24 	 26 	 -0.081 	 -0.000 	  0.265
24 	 27 	 -0.106 	 -0.000 	  0.345
24 	 28 	 -0.126 	 -0.000 	  0.411
24 	 29 	 -0.141 	 -0.000 	  0.460
24 	 30 	 -0.150 	 -0.000 	  0.491

25 	 0 	 -0.352 	  0.000 	  0.475
25 	 1 	 -0.345 	  0.000 	  0.465
25 	 2 	 -0.323 	  0.000 	  0.437
25 	 3 	 -0.289 	  0.000 	  0.390
25 	 4 	 -0.242 	  0.000 	  0.327
25 	 5 	 -0.186 	  0.000 	  0.251
25 	 6 	 -0.122 	  0.000 	  0.165
25 	 7 	 -0.053 	  0.000 	  0.072
25 	 8 	  0.018 	  0.000 	 -0.024
25 	 9 	  0.088 	  0.000 	 -0.119
25 	 10 	  0.155 	  0.000 	 -0.209
25 	 11 	  0.215 	  0.000 	 -0.291
25 	 12 	  0.267 	  0.000 	 -0.360
25 	 13 	  0.308 	  0.000 	 -0.415
25 	 14 	  0.336 	  0.000 	 -0.453
25 	 15 	  0.350 	  0.000 	 -0.473
25 	 16 	  0.350 	 -0.000 	 -0.473
25 	 17 	  0.336 	 -0.000 	 -0.453
25 	 18 	  0.308 	 -0.000 	 -0.415
25 	 19 	  0.267 	 -0.000 	 -0.360
25 	 20 	  0.215 	 -0.000 	 -0.291
25 	 21 	  0.155 	 -0.000 	 -0.209
25 	 22 	  0.088 	 -0.000 	 -0.119
25 	 23 	  0.018 	 -0.000 	 -0.024
25 	 24 	 -0.053 	 -0.000 	  0.072
25 	 25 	 -0.122 	 -0.000 	  0.165
25 	 26 	 -0.186 	 -0.000 	  0.251
25 	 27 	 -0.242 	 -0.000 	  0.327
25 	 28 	 -0.289 	 -0.000 	  0.390
25 	 29 	 -0.323 	 -0.000 	  0.437
25 	 30 	 -0.345 	 -0.000 	  0.465

26 	 0 	 -0.536 	  0.000 	  0.430
26 	 1 	 -0.525 	  0.000 	  0.421
26 	 2 	 -0.493 	  0.000 	  0.395
26 	 3 	 -0.440 	  0.000 	  0.353
26 	 4 	 -0.369 	  0.000 	  0.296
26 	 5 	 -0.284 	  0.000 	  0.227
26 	 6 	 -0.186 	  0.000 	  0.149
26 	 7 	 -0.081 	  0.000 	  0.065
26 	 8 	  0.027 	  0.000 	 -0.022
26 	 9 	  0.134 	  0.000 	 -0.108
26 	 10 	  0.236 	  0.000 	 -0.189
26 	 11 	  0.328 	  0.000 	 -0.263
26 	 12 	  0.407 	  0.000 	 -0.326
26 	 13 	  0.469 	  0.000 	 -0.376
26 	 14 	  0.511 	  0.000 	 -0.410
26 	 15 	  0.533 	  0.000 	 -0.428
26 	 16 	  0.533 	 -0.000 	 -0.428
26 	 17 	  0.511 	 -0.000 	 -0.410
26 	 18 	  0.469 	 -0.000 	 -0.376
26 	 19 	  0.407 	 -0.000 	 -0.326
26 	 20 	  0.328 	 -0.000 	 -0.263
26 	 21 	  0.236 	 -0.000 	 -0.189
26 	 22 	  0.134 	 -0.000 	 -0.108
26 	 23 	  0.027 	 -0.000 	 -0.022
26 	 24 	 -0.081 	 -0.000 	  0.065
26 	 25 	 -0.186 	 -0.000 	  0.149
26 	 26 	 -0.284 	 -0.000 	  0.227
26 	 27 	 -0.369 	 -0.000 	  0.296
26 	 28 	 -0.440 	 -0.000 	  0.353
26 	 29 	 -0.493 	 -0.000 	  0.395
26 	 30 	 -0.525 	 -0.000 	  0.421

27 	 0 	 -0.698 	  0.000 	  0.367
27 	 1 	 -0.684 	  0.000 	  0.360
27 	 2 	 -0.642 	  0.000 	  0.337
27 	 3 	 -0.573 	  0.000 	  0.301
27 	 4 	 -0.481 	  0.000 	  0.253
27 	 5 	 -0.369 	  0.000 	  0.194
27 	 6 	 -0.242 	  0.000 	  0.128
27 	 7 	 -0.106 	  0.000 	  0.056
27 	 8 	  0.035 	  0.000 	 -0.019
27 	 9 	  0.175 	  0.000 	 -0.092
27 	 10 	  0.307 	  0.000 	 -0.162
27 	 11 	  0.427 	  0.000 	 -0.225
27 	 12 	  0.530 	  0.000 	 -0.279
27 	 13 	  0.610 	  0.000 	 -0.321
27 	 14 	  0.666 	  0.000 	 -0.350
27 	 15 	  0.695 	  0.000 	 -0.365
27 	 16 	  0.695 	 -0.000 	 -0.365
27 	 17 	  0.666 	 -0.000 	 -0.350
27 	 18 	  0.610 	 -0.000 	 -0.321
27 	 19 	  0.530 	 -0.000 	 -0.279
27 	 20 	  0.427 	 -0.000 	 -0.225
27 	 21 	  0.307 	 -0.000 	 -0.162
27 	 22 	  0.175 	 -0.000 	 -0.092
27 	 23 	  0.035 	 -0.000 	 -0.019
27 	 24 	 -0.106 	 -0.000 	  0.056
27 	 25 	 -0.242 	 -0.000 	  0.128
27 	 26 	 -0.369 	 -0.000 	  0.194
27 	 27 	 -0.481 	 -0.000 	  0.253
27 	 28 	 -0.573 	 -0.000 	  0.301
27 	 29 	 -0.642 	 -0.000 	  0.337
27 	 30 	 -0.684 	 -0.000 	  0.360

28 	 0 	 -0.832 	  0.000 	  0.289
28 	 1 	 -0.815 	  0.000 	  0.283
28 	 2 	 -0.764 	  0.000 	  0.266
28 	 3 	 -0.683 	  0.000 	  0.238
28 	 4 	 -0.573 	  0.000 	  0.199
28 	 5 	 -0.440 	  0.000 	  0.153
28 	 6 	 -0.289 	  0.000 	  0.101
28 	 7 	 -0.126 	  0.000 	  0.044
28 	 8 	  0.042 	  0.000 	 -0.015
28 	 9 	  0.208 	  0.000 	 -0.073
28 	 10 	  0.366 	  0.000 	 -0.127
28 	 11 	  0.509 	  0.000 	 -0.177
28 	 12 	  0.631 	  0.000 	 -0.220
28 	 13 	  0.727 	  0.000 	 -0.253
28 	 14 	  0.793 	  0.000 	 -0.276
28 	 15 	  0.827 	  0.000 	 -0.288
28 	 16 	  0.827 	 -0.000 	 -0.288
28 	 17 	  0.793 	 -0.000 	 -0.276
28 	 18 	  0.727 	 -0.000 	 -0.253
28 	 19 	  0.631 	 -0.000 	 -0.220
28 	 20 	  0.509 	 -0.000 	 -0.177
28 	 21 	  0.366 	 -0.000 	 -0.127
28 	 22 	  0.208 	 -0.000 	 -0.073
28 	 23 	  0.042 	 -0.000 	 -0.015
28 	 24 	 -0.126 	 -0.000 	  0.044
28 	 25 	 -0.289 	 -0.000 	  0.101
28 	 26 	 -0.440 	 -0.000 	  0.153
28 	 27 	 -0.573 	 -0.000 	  0.199
28 	 28 	 -0.683 	 -0.000 	  0.238
28 	 29 	 -0.764 	 -0.000 	  0.266
28 	 30 	 -0.815 	 -0.000 	  0.283

29 	 0 	 -0.931 	  0.000 	  0.200
29 	 1 	 -0.912 	  0.000 	  0.196
29 	 2 	 -0.856 	  0.000 	  0.184
29 	 3 	 -0.764 	  0.000 	  0.164
29 	 4 	 -0.642 	  0.000 	  0.138
29 	 5 	 -0.493 	  0.000 	  0.106
29 	 6 	 -0.323 	  0.000 	  0.069
29 	 7 	 -0.141 	  0.000 	  0.030
29 	 8 	  0.047 	  0.000 	 -0.010
29 	 9 	  0.233 	  0.000 	 -0.050
29 	 10 	  0.410 	  0.000 	 -0.088
29 	 11 	  0.570 	  0.000 	 -0.122
29 	 12 	  0.706 	  0.000 	 -0.152
29 	 13 	  0.814 	  0.000 	 -0.175
29 	 14 	  0.888 	  0.000 	 -0.191
29 	 15 	  0.926 	  0.000 	 -0.199
29 	 16 	  0.926 	 -0.000 	 -0.199
29 	 17 	  0.888 	 -0.000 	 -0.191
29 	 18 	  0.814 	 -0.000 	 -0.175
29 	 19 	  0.706 	 -0.000 	 -0.152
29 	 20 	  0.570 	 -0.000 	 -0.122
29 	 21 	  0.410 	 -0.000 	 -0.088
29 	 22 	  0.233 	 -0.000 	 -0.050
29 	 23 	  0.047 	 -0.000 	 -0.010
29 	 24 	 -0.141 	 -0.000 	  0.030
29 	 25 	 -0.323 	 -0.000 	  0.069
29 	 26 	 -0.493 	 -0.000 	  0.106
29 	 27 	 -0.642 	 -0.000 	  0.138
29 	 28 	 -0.764 	 -0.000 	  0.164
29 	 29 	 -0.856 	 -0.000 	  0.184
29 	 30 	 -0.912 	 -0.000 	  0.196

30 	 0 	 -0.992 	  0.000 	  0.102
30 	 1 	 -0.972 	  0.000 	  0.100
30 	 2 	 -0.912 	  0.000 	  0.094
30 	 3 	 -0.815 	  0.000 	  0.084
30 	 4 	 -0.684 	  0.000 	  0.070
30 	 5 	 -0.525 	  0.000 	  0.054
30 	 6 	 -0.345 	  0.000 	  0.035
30 	 7 	 -0.150 	  0.000 	  0.015
30 	 8 	  0.050 	  0.000 	 -0.005
30 	 9 	  0.249 	  0.000 	 -0.026
30 	 10 	  0.437 	  0.000 	 -0.045
30 	 11 	  0.608 	  0.000 	 -0.062
30 	 12 	  0.753 	  0.000 	 -0.077
30 	 13 	  0.868 	  0.000 	 -0.089
30 	 14 	  0.947 	  0.000 	 -0.097
30 	 15 	  0.987 	  0.000 	 -0.101
30 	 16 	  0.987 	 -0.000 	 -0.101
30 	 17 	  0.947 	 -0.000 	 -0.097
30 	 18 	  0.868 	 -0.000 	 -0.089
30 	 19 	  0.753 	 -0.000 	 -0.077
30 	 20 	  0.608 	 -0.000 	 -0.062
30 	 21 	  0.437 	 -0.000 	 -0.045
30 	 22 	  0.249 	 -0.000 	 -0.026
30 	 23 	  0.050 	 -0.000 	 -0.005
30 	 24 	 -0.150 	 -0.000 	  0.015
30 	 25 	 -0.345 	 -0.000 	  0.035
30 	 26 	 -0.525 	 -0.000 	  0.054
30 	 27 	 -0.684 	 -0.000 	  0.070
30 	 28 	 -0.815 	 -0.000 	  0.084
30 	 29 	 -0.912 	 -0.000 	  0.094
30 	 30 	 -0.972 	 -0.000 	  0.100

