0 	 0 	 -1.120 	  0.000 	 -0.000
0 	 1 	 -1.097 	  0.000 	 -0.000
0 	 2 	 -1.029 	  0.000 	 -0.000
0 	 3 	 -0.919 	  0.000 	 -0.000
0 	 4 	 -0.772 	  0.000 	 -0.000
0 	 5 	 -0.592 	  0.000 	 -0.000
0 	 6 	 -0.389 	  0.000 	 -0.000
0 	 7 	 -0.170 	  0.000 	 -0.000
0 	 8 	  0.057 	  0.000 	  0.000
0 	 9 	  0.281 	  0.000 	  0.000
0 	 10 	  0.493 	  0.000 	  0.000
0 	 11 	  0.685 	  0.000 	  0.000
0 	 12 	  0.850 	  0.000 	  0.000
0 	 13 	  0.979 	  0.000 	  0.000
0 	 14 	  1.068 	  0.000 	  0.000
0 	 15 	  1.114 	  0.000 	  0.000
0 	 16 	  1.114 	 -0.000 	  0.000
0 	 17 	  1.068 	 -0.000 	  0.000
0 	 18 	  0.979 	 -0.000 	  0.000
0 	 19 	  0.850 	 -0.000 	  0.000
0 	 20 	  0.685 	 -0.000 	  0.000
0 	 21 	  0.493 	 -0.000 	  0.000
0 	 22 	  0.281 	 -0.000 	  0.000
0 	 23 	  0.057 	 -0.000 	  0.000
0 	 24 	 -0.170 	 -0.000 	 -0.000
0 	 25 	 -0.389 	 -0.000 	 -0.000
0 	 26 	 -0.592 	 -0.000 	 -0.000
0 	 27 	 -0.772 	 -0.000 	 -0.000
0 	 28 	 -0.919 	 -0.000 	 -0.000
0 	 29 	 -1.029 	 -0.000 	 -0.000
0 	 30 	 -1.097 	 -0.000 	 -0.000

1 	 0 	 -1.097 	  0.000 	 -0.113
1 	 1 	 -1.074 	  0.000 	 -0.110
1 	 2 	 -1.008 	  0.000 	 -0.104
1 	 3 	 -0.900 	  0.000 	 -0.093
1 	 4 	 -0.756 	  0.000 	 -0.078
1 	 5 	 -0.580 	  0.000 	 -0.060
1 	 6 	 -0.381 	  0.000 	 -0.039
1 	 7 	 -0.166 	  0.000 	 -0.017
1 	 8 	  0.056 	  0.000 	  0.006
1 	 9 	  0.275 	  0.000 	  0.028
1 	 10 	  0.483 	  0.000 	  0.050
1 	 11 	  0.671 	  0.000 	  0.069
1 	 12 	  0.832 	  0.000 	  0.086
1 	 13 	  0.959 	  0.000 	  0.099
1 	 14 	  1.047 	  0.000 	  0.108
1 	 15 	  1.091 	  0.000 	  0.112
1 	 16 	  1.091 	 -0.000 	  0.112
1 	 17 	  1.047 	 -0.000 	  0.108
1 	 18 	  0.959 	 -0.000 	  0.099
1 	 19 	  0.832 	 -0.000 	  0.086
1 	 20 	  0.671 	 -0.000 	  0.069
1 	 21 	  0.483 	 -0.000 	  0.050
1 	 22 	  0.275 	 -0.000 	  0.028
1 	 23 	  0.056 	 -0.000 	  0.006
1 	 24 	 -0.166 	 -0.000 	 -0.017
1 	 25 	 -0.381 	 -0.000 	 -0.039
1 	 26 	 -0.580 	 -0.000 	 -0.060
1 	 27 	 -0.756 	 -0.000 	 -0.078
1 	 28 	 -0.900 	 -0.000 	 -0.093
1 	 29 	 -1.008 	 -0.000 	 -0.104
1 	 30 	 -1.074 	 -0.000 	 -0.110

2 	 0 	 -1.029 	  0.000 	 -0.221
2 	 1 	 -1.008 	  0.000 	 -0.216
2 	 2 	 -0.946 	  0.000 	 -0.203
2 	 3 	 -0.845 	  0.000 	 -0.181
2 	 4 	 -0.709 	  0.000 	 -0.152
2 	 5 	 -0.544 	  0.000 	 -0.117
2 	 6 	 -0.357 	  0.000 	 -0.077
2 	 7 	 -0.156 	  0.000 	 -0.033
2 	 8 	  0.052 	  0.000 	  0.011
2 	 9 	  0.258 	  0.000 	  0.055
2 	 10 	  0.453 	  0.000 	  0.097
2 	 11 	  0.630 	  0.000 	  0.135
2 	 12 	  0.781 	  0.000 	  0.168
2 	 13 	  0.900 	  0.000 	  0.193
2 	 14 	  0.982 	  0.000 	  0.211
2 	 15 	  1.024 	  0.000 	  0.220
2 	 16 	  1.024 	 -0.000 	  0.220
2 	 17 	  0.982 	 -0.000 	  0.211
2 	 18 	  0.900 	 -0.000 	  0.193
2 	 19 	  0.781 	 -0.000 	  0.168
2 	 20 	  0.630 	 -0.000 	  0.135
2 	 21 	  0.453 	 -0.000 	  0.097
2 	 22 	  0.258 	 -0.000 	  0.055
2 	 23 	  0.052 	 -0.000 	  0.011
2 	 24 	 -0.156 	 -0.000 	 -0.033
2 	 25 	 -0.357 	 -0.000 	 -0.077
2 	 26 	 -0.544 	 -0.000 	 -0.117
2 	 27 	 -0.709 	 -0.000 	 -0.152
2 	 28 	 -0.845 	 -0.000 	 -0.181
2 	 29 	 -0.946 	 -0.000 	 -0.203
2 	 30 	 -1.008 	 -0.000 	 -0.216

3 	 0 	 -0.919 	  0.000 	 -0.320
3 	 1 	 -0.900 	  0.000 	 -0.313
3 	 2 	 -0.845 	  0.000 	 -0.294
3 	 3 	 -0.754 	  0.000 	 -0.263
3 	 4 	 -0.633 	  0.000 	 -0.220
3 	 5 	 -0.486 	  0.000 	 -0.169
3 	 6 	 -0.319 	  0.000 	 -0.111
3 	 7 	 -0.139 	  0.000 	 -0.048
3 	 8 	  0.047 	  0.000 	  0.016
3 	 9 	  0.230 	  0.000 	  0.080
3 	 10 	  0.405 	  0.000 	  0.141
3 	 11 	  0.563 	  0.000 	  0.196
3 	 12 	  0.697 	  0.000 	  0.243
3 	 13 	  0.804 	  0.000 	  0.280
3 	 14 	  0.877 	  0.000 	  0.305
3 	 15 	  0.914 	  0.000 	  0.318
3 	 16 	  0.914 	 -0.000 	  0.318
3 	 17 	  0.877 	 -0.000 	  0.305
3 	 18 	  0.804 	 -0.000 	  0.280
3 	 19 	  0.697 	 -0.000 	  0.243
3 	 20 	  0.563 	 -0.000 	  0.196
3 	 21 	  0.405 	 -0.000 	  0.141
3 	 22 	  0.230 	 -0.000 	  0.080
3 	 23 	  0.047 	 -0.000 	  0.016
3 	 24 	 -0.139 	 -0.000 	 -0.048
3 	 25 	 -0.319 	 -0.000 	 -0.111
3 	 26 	 -0.486 	 -0.000 	 -0.169
3 	 27 	 -0.633 	 -0.000 	 -0.220
3 	 28 	 -0.754 	 -0.000 	 -0.263
3 	 29 	 -0.845 	 -0.000 	 -0.294
3 	 30 	 -0.900 	 -0.000 	 -0.313

4 	 0 	 -0.772 	  0.000 	 -0.406
4 	 1 	 -0.756 	  0.000 	 -0.398
4 	 2 	 -0.709 	  0.000 	 -0.373
4 	 3 	 -0.633 	  0.000 	 -0.333
4 	 4 	 -0.532 	  0.000 	 -0.280
4 	 5 	 -0.408 	  0.000 	 -0.215
4 	 6 	 -0.268 	  0.000 	 -0.141
4 	 7 	 -0.117 	  0.000 	 -0.061
4 	 8 	  0.039 	  0.000 	  0.021
4 	 9 	  0.193 	  0.000 	  0.102
4 	 10 	  0.340 	  0.000 	  0.179
4 	 11 	  0.472 	  0.000 	  0.248
4 	 12 	  0.585 	  0.000 	  0.308
4 	 13 	  0.675 	  0.000 	  0.355
4 	 14 	  0.736 	  0.000 	  0.387
4 	 15 	  0.768 	  0.000 	  0.404
4 	 16 	  0.768 	 -0.000 	  0.404
4 	 17 	  0.736 	 -0.000 	  0.387
4 	 18 	  0.675 	 -0.000 	  0.355
4 	 19 	  0.585 	 -0.000 	  0.308
4 	 20 	  0.472 	 -0.000 	  0.248
4 	 21 	  0.340 	 -0.000 	  0.179
4 	 22 	  0.193 	 -0.000 	  0.102
4 	 23 	  0.039 	 -0.000 	  0.021
4 	 24 	 -0.117 	 -0.000 	 -0.061
4 	 25 	 -0.268 	 -0.000 	 -0.141
4 	 26 	 -0.408 	 -0.000 	 -0.215
4 	 27 	 -0.532 	 -0.000 	 -0.280
4 	 28 	 -0.633 	 -0.000 	 -0.333
4 	 29 	 -0.709 	 -0.000 	 -0.373
4 	 30 	 -0.756 	 -0.000 	 -0.398

5 	 0 	 -0.592 	  0.000 	 -0.475
5 	 1 	 -0.580 	  0.000 	 -0.465
5 	 2 	 -0.544 	  0.000 	 -0.437
5 	 3 	 -0.486 	  0.000 	 -0.390
5 	 4 	 -0.408 	  0.000 	 -0.327
5 	 5 	 -0.313 	  0.000 	 -0.251
5 	 6 	 -0.206 	  0.000 	 -0.165
5 	 7 	 -0.090 	  0.000 	 -0.072
5 	 8 	  0.030 	  0.000 	  0.024
5 	 9 	  0.148 	  0.000 	  0.119
5 	 10 	  0.261 	  0.000 	  0.209
5 	 11 	  0.363 	  0.000 	  0.291
5 	 12 	  0.449 	  0.000 	  0.361
5 	 13 	  0.518 	  0.000 	  0.415
5 	 14 	  0.565 	  0.000 	  0.453
5 	 15 	  0.589 	  0.000 	  0.473
5 	 16 	  0.589 	 -0.000 	  0.473
5 	 17 	  0.565 	 -0.000 	  0.453
5 	 18 	  0.518 	 -0.000 	  0.415
5 	 19 	  0.449 	 -0.000 	  0.361
5 	 20 	  0.363 	 -0.000 	  0.291
5 	 21 	  0.261 	 -0.000 	  0.209
5 	 22 	  0.148 	 -0.000 	  0.119
5 	 23 	  0.030 	 -0.000 	  0.024
5 	 24 	 -0.090 	 -0.000 	 -0.072
5 	 25 	 -0.206 	 -0.000 	 -0.165
5 	 26 	 -0.313 	 -0.000 	 -0.251
5 	 27 	 -0.408 	 -0.000 	 -0.327
5 	 28 	 -0.486 	 -0.000 	 -0.390
5 	 29 	 -0.544 	 -0.000 	 -0.437
5 	 30 	 -0.580 	 -0.000 	 -0.465

6 	 0 	 -0.389 	  0.000 	 -0.525
6 	 1 	 -0.381 	  0.000 	 -0.514
6 	 2 	 -0.357 	  0.000 	 -0.482
6 	 3 	 -0.319 	  0.000 	 -0.431
6 	 4 	 -0.268 	  0.000 	 -0.362
6 	 5 	 -0.206 	  0.000 	 -0.278
6 	 6 	 -0.135 	  0.000 	 -0.182
6 	 7 	 -0.059 	  0.000 	 -0.080
6 	 8 	  0.020 	  0.000 	  0.027
6 	 9 	  0.097 	  0.000 	  0.132
6 	 10 	  0.171 	  0.000 	  0.231
6 	 11 	  0.238 	  0.000 	  0.321
6 	 12 	  0.295 	  0.000 	  0.398
6 	 13 	  0.340 	  0.000 	  0.459
6 	 14 	  0.371 	  0.000 	  0.501
6 	 15 	  0.387 	  0.000 	  0.522
6 	 16 	  0.387 	 -0.000 	  0.522
6 	 17 	  0.371 	 -0.000 	  0.501
6 	 18 	  0.340 	 -0.000 	  0.459
6 	 19 	  0.295 	 -0.000 	  0.398
6 	 20 	  0.238 	 -0.000 	  0.321
6 	 21 	  0.171 	 -0.000 	  0.231
6 	 22 	  0.097 	 -0.000 	  0.132
6 	 23 	  0.020 	 -0.000 	  0.027
6 	 24 	 -0.059 	 -0.000 	 -0.080
6 	 25 	 -0.135 	 -0.000 	 -0.182
6 	 26 	 -0.206 	 -0.000 	 -0.278
6 	 27 	 -0.268 	 -0.000 	 -0.362
6 	 28 	 -0.319 	 -0.000 	 -0.431
6 	 29 	 -0.357 	 -0.000 	 -0.482
6 	 30 	 -0.381 	 -0.000 	 -0.514

7 	 0 	 -0.170 	  0.000 	 -0.553
7 	 1 	 -0.166 	  0.000 	 -0.542
7 	 2 	 -0.156 	  0.000 	 -0.509
7 	 3 	 -0.139 	  0.000 	 -0.454
7 	 4 	 -0.117 	  0.000 	 -0.381
7 	 5 	 -0.090 	  0.000 	 -0.293
7 	 6 	 -0.059 	  0.000 	 -0.192
7 	 7 	 -0.026 	  0.000 	 -0.084
7 	 8 	  0.009 	  0.000 	  0.028
7 	 9 	  0.043 	  0.000 	  0.139
7 	 10 	  0.075 	  0.000 	  0.244
7 	 11 	  0.104 	  0.000 	  0.339
7 	 12 	  0.129 	  0.000 	  0.420
7 	 13 	  0.148 	  0.000 	  0.484
7 	 14 	  0.162 	  0.000 	  0.528
7 	 15 	  0.169 	  0.000 	  0.551
7 	 16 	  0.169 	 -0.000 	  0.551
7 	 17 	  0.162 	 -0.000 	  0.528
7 	 18 	  0.148 	 -0.000 	  0.484
7 	 19 	  0.129 	 -0.000 	  0.420
7 	 20 	  0.104 	 -0.000 	  0.339
7 	 21 	  0.075 	 -0.000 	  0.244
7 	 22 	  0.043 	 -0.000 	  0.139
7 	 23 	  0.009 	 -0.000 	  0.028
7 	 24 	 -0.026 	 -0.000 	 -0.084
7 	 25 	 -0.059 	 -0.000 	 -0.192
7 	 26 	 -0.090 	 -0.000 	 -0.293
7 	 27 	 -0.117 	 -0.000 	 -0.381
7 	 28 	 -0.139 	 -0.000 	 -0.454
7 	 29 	 -0.156 	 -0.000 	 -0.509
7 	 30 	 -0.166 	 -0.000 	 -0.542

8 	 0 	  0.057 	 -0.000 	 -0.559
8 	 1 	  0.056 	 -0.000 	 -0.548
8 	 2 	  0.052 	 -0.000 	 -0.514
8 	 3 	  0.047 	 -0.000 	 -0.459
8 	 4 	  0.039 	 -0.000 	 -0.385
8 	 5 	  0.030 	 -0.000 	 -0.296
8 	 6 	  0.020 	 -0.000 	 -0.194
8 	 7 	  0.009 	 -0.000 	 -0.085
8 	 8 	 -0.003 	 -0.000 	  0.028
8 	 9 	 -0.014 	 -0.000 	  0.140
8 	 10 	 -0.025 	 -0.000 	  0.246
8 	 11 	 -0.035 	 -0.000 	  0.342
8 	 12 	 -0.043 	 -0.000 	  0.424
8 	 13 	 -0.050 	 -0.000 	  0.489
8 	 14 	 -0.054 	 -0.000 	  0.534
8 	 15 	 -0.056 	 -0.000 	  0.556
8 	 16 	 -0.056 	  0.000 	  0.556
8 	 17 	 -0.054 	  0.000 	  0.534
8 	 18 	 -0.050 	  0.000 	  0.489
8 	 19 	 -0.043 	  0.000 	  0.424
8 	 20 	 -0.035 	  0.000 	  0.342
8 	 21 	 -0.025 	  0.000 	  0.246
8 	 22 	 -0.014 	  0.000 	  0.140
8 	 23 	 -0.003 	  0.000 	  0.028
8 	 24 	  0.009 	  0.000 	 -0.085
8 	 25 	  0.020 	  0.000 	 -0.194
8 	 26 	  0.030 	  0.000 	 -0.296
8 	 27 	  0.039 	  0.000 	 -0.385
8 	 28 	  0.047 	  0.000 	 -0.459
8 	 29 	  0.052 	  0.000 	 -0.514
8 	 30 	  0.056 	  0.000 	 -0.548

9 	 0 	  0.281 	 -0.000 	 -0.542
9 	 1 	  0.275 	 -0.000 	 -0.531
9 	 2 	  0.258 	 -0.000 	 -0.498
9 	 3 	  0.230 	 -0.000 	 -0.445
9 	 4 	  0.193 	 -0.000 	 -0.373
9 	 5 	  0.148 	 -0.000 	 -0.287
9 	 6 	  0.097 	 -0.000 	 -0.188
9 	 7 	  0.043 	 -0.000 	 -0.082
9 	 8 	 -0.014 	 -0.000 	  0.027
9 	 9 	 -0.070 	 -0.000 	  0.136
9 	 10 	 -0.124 	 -0.000 	  0.239
9 	 11 	 -0.172 	 -0.000 	  0.332
9 	 12 	 -0.213 	 -0.000 	  0.411
9 	 13 	 -0.245 	 -0.000 	  0.474
9 	 14 	 -0.268 	 -0.000 	  0.517
9 	 15 	 -0.279 	 -0.000 	  0.539
9 	 16 	 -0.279 	  0.000 	  0.539
9 	 17 	 -0.268 	  0.000 	  0.517
9 	 18 	 -0.245 	  0.000 	  0.474
9 	 19 	 -0.213 	  0.000 	  0.411
9 	 20 	 -0.172 	  0.000 	  0.332
9 	 21 	 -0.124 	  0.000 	  0.239
9 	 22 	 -0.070 	  0.000 	  0.136
9 	 23 	 -0.014 	  0.000 	  0.027
9 	 24 	  0.043 	  0.000 	 -0.082
9 	 25 	  0.097 	  0.000 	 -0.188
9 	 26 	  0.148 	  0.000 	 -0.287
9 	 27 	  0.193 	  0.000 	 -0.373
9 	 28 	  0.230 	  0.000 	 -0.445
9 	 29 	  0.258 	  0.000 	 -0.498
9 	 30 	  0.275 	  0.000 	 -0.531

10 	 0 	  0.493 	 -0.000 	 -0.503
10 	 1 	  0.483 	 -0.000 	 -0.492
10 	 2 	  0.453 	 -0.000 	 -0.462
10 	 3 	  0.405 	 -0.000 	 -0.413
10 	 4 	  0.340 	 -0.000 	 -0.346
10 	 5 	  0.261 	 -0.000 	 -0.266
10 	 6 	  0.171 	 -0.000 	 -0.175
10 	 7 	  0.075 	 -0.000 	 -0.076
10 	 8 	 -0.025 	 -0.000 	  0.025
10 	 9 	 -0.124 	 -0.000 	  0.126
10 	 10 	 -0.217 	 -0.000 	  0.221
10 	 11 	 -0.302 	 -0.000 	  0.308
10 	 12 	 -0.374 	 -0.000 	  0.381
10 	 13 	 -0.431 	 -0.000 	  0.440
10 	 14 	 -0.471 	 -0.000 	  0.480
10 	 15 	 -0.491 	 -0.000 	  0.500
10 	 16 	 -0.491 	  0.000 	  0.500
10 	 17 	 -0.471 	  0.000 	  0.480
10 	 18 	 -0.431 	  0.000 	  0.440
10 	 19 	 -0.374 	  0.000 	  0.381
10 	 20 	 -0.302 	  0.000 	  0.308
10 	 21 	 -0.217 	  0.000 	  0.221
10 	 22 	 -0.124 	  0.000 	  0.126
10 	 23 	 -0.025 	  0.000 	  0.025
10 	 24 	  0.075 	  0.000 	 -0.076
10 	 25 	  0.171 	  0.000 	 -0.175
10 	 26 	  0.261 	  0.000 	 -0.266
10 	 27 	  0.340 	  0.000 	 -0.346
10 	 28 	  0.405 	  0.000 	 -0.413
10 	 29 	  0.453 	  0.000 	 -0.462
10 	 30 	  0.483 	  0.000 	 -0.492

11 	 0 	  0.685 	 -0.000 	 -0.443
11 	 1 	  0.671 	 -0.000 	 -0.434
11 	 2 	  0.630 	 -0.000 	 -0.407
11 	 3 	  0.563 	 -0.000 	 -0.363
11 	 4 	  0.472 	 -0.000 	 -0.305
11 	 5 	  0.363 	 -0.000 	 -0.234
11 	 6 	  0.238 	 -0.000 	 -0.154
11 	 7 	  0.104 	 -0.000 	 -0.067
11 	 8 	 -0.035 	 -0.000 	  0.022
11 	 9 	 -0.172 	 -0.000 	  0.111
11 	 10 	 -0.302 	 -0.000 	  0.195
11 	 11 	 -0.420 	 -0.000 	  0.271
11 	 12 	 -0.520 	 -0.000 	  0.336
11 	 13 	 -0.599 	 -0.000 	  0.387
11 	 14 	 -0.654 	 -0.000 	  0.422
11 	 15 	 -0.682 	 -0.000 	  0.440
11 	 16 	 -0.682 	  0.000 	  0.440
11 	 17 	 -0.654 	  0.000 	  0.422
11 	 18 	 -0.599 	  0.000 	  0.387
11 	 19 	 -0.520 	  0.000 	  0.336
11 	 20 	 -0.420 	  0.000 	  0.271
11 	 21 	 -0.302 	  0.000 	  0.195
11 	 22 	 -0.172 	  0.000 	  0.111
11 	 23 	 -0.035 	  0.000 	  0.022
11 	 24 	  0.104 	  0.000 	 -0.067
11 	 25 	  0.238 	  0.000 	 -0.154
11 	 26 	  0.363 	  0.000 	 -0.234
11 	 27 	  0.472 	  0.000 	 -0.305
11 	 28 	  0.563 	  0.000 	 -0.363
11 	 29 	  0.630 	  0.000 	 -0.407
11 	 30 	  0.671 	  0.000 	 -0.434

12 	 0 	  0.850 	 -0.000 	 -0.365
12 	 1 	  0.832 	 -0.000 	 -0.357
12 	 2 	  0.781 	 -0.000 	 -0.335
12 	 3 	  0.697 	 -0.000 	 -0.299
12 	 4 	  0.585 	 -0.000 	 -0.251
12 	 5 	  0.449 	 -0.000 	 -0.193
12 	 6 	  0.295 	 -0.000 	 -0.127
12 	 7 	  0.129 	 -0.000 	 -0.055
12 	 8 	 -0.043 	 -0.000 	  0.018
12 	 9 	 -0.213 	 -0.000 	  0.091
12 	 10 	 -0.374 	 -0.000 	  0.161
12 	 11 	 -0.520 	 -0.000 	  0.223
12 	 12 	 -0.645 	 -0.000 	  0.277
12 	 13 	 -0.743 	 -0.000 	  0.319
12 	 14 	 -0.811 	 -0.000 	  0.348
12 	 15 	 -0.845 	 -0.000 	  0.363
12 	 16 	 -0.845 	  0.000 	  0.363
12 	 17 	 -0.811 	  0.000 	  0.348
12 	 18 	 -0.743 	  0.000 	  0.319
12 	 19 	 -0.645 	  0.000 	  0.277
12 	 20 	 -0.520 	  0.000 	  0.223
12 	 21 	 -0.374 	  0.000 	  0.161
12 	 22 	 -0.213 	  0.000 	  0.091
12 	 23 	 -0.043 	  0.000 	  0.018
12 	 24 	  0.129 	  0.000 	 -0.055
12 	 25 	  0.295 	  0.000 	 -0.127
12 	 26 	  0.449 	  0.000 	 -0.193
12 	 27 	  0.585 	  0.000 	 -0.251
12 	 28 	  0.697 	  0.000 	 -0.299
12 	 29 	  0.781 	  0.000 	 -0.335
12 	 30 	  0.832 	  0.000 	 -0.357

13 	 0 	  0.979 	 -0.000 	 -0.272
13 	 1 	  0.959 	 -0.000 	 -0.266
13 	 2 	  0.900 	 -0.000 	 -0.250
13 	 3 	  0.804 	 -0.000 	 -0.223
13 	 4 	  0.675 	 -0.000 	 -0.187
13 	 5 	  0.518 	 -0.000 	 -0.144
13 	 6 	  0.340 	 -0.000 	 -0.094
13 	 7 	  0.148 	 -0.000 	 -0.041
13 	 8 	 -0.050 	 -0.000 	  0.014
13 	 9 	 -0.245 	 -0.000 	  0.068
13 	 10 	 -0.431 	 -0.000 	  0.120
13 	 11 	 -0.599 	 -0.000 	  0.166
13 	 12 	 -0.743 	 -0.000 	  0.206
13 	 13 	 -0.856 	 -0.000 	  0.238
13 	 14 	 -0.934 	 -0.000 	  0.259
13 	 15 	 -0.974 	 -0.000 	  0.270
13 	 16 	 -0.974 	  0.000 	  0.270
13 	 17 	 -0.934 	  0.000 	  0.259
13 	 18 	 -0.856 	  0.000 	  0.238
13 	 19 	 -0.743 	  0.000 	  0.206
13 	 20 	 -0.599 	  0.000 	  0.166
13 	 21 	 -0.431 	  0.000 	  0.120
13 	 22 	 -0.245 	  0.000 	  0.068
13 	 23 	 -0.050 	  0.000 	  0.014
13 	 24 	  0.148 	  0.000 	 -0.041
13 	 25 	  0.340 	  0.000 	 -0.094
13 	 26 	  0.518 	  0.000 	 -0.144
13 	 27 	  0.675 	  0.000 	 -0.187
13 	 28 	  0.804 	  0.000 	 -0.223
13 	 29 	  0.900 	  0.000 	 -0.250
13 	 30 	  0.959 	  0.000 	 -0.266

14 	 0 	  1.068 	 -0.000 	 -0.168
14 	 1 	  1.047 	 -0.000 	 -0.164
14 	 2 	  0.982 	 -0.000 	 -0.154
14 	 3 	  0.877 	 -0.000 	 -0.138
14 	 4 	  0.736 	 -0.000 	 -0.115
14 	 5 	  0.565 	 -0.000 	 -0.089
14 	 6 	  0.371 	 -0.000 	 -0.058
14 	 7 	  0.162 	 -0.000 	 -0.025
14 	 8 	 -0.054 	 -0.000 	  0.008
14 	 9 	 -0.268 	 -0.000 	  0.042
14 	 10 	 -0.471 	 -0.000 	  0.074
14 	 11 	 -0.654 	 -0.000 	  0.103
14 	 12 	 -0.811 	 -0.000 	  0.127
14 	 13 	 -0.934 	 -0.000 	  0.147
14 	 14 	 -1.019 	 -0.000 	  0.160
14 	 15 	 -1.063 	 -0.000 	  0.167
14 	 16 	 -1.063 	  0.000 	  0.167
14 	 17 	 -1.019 	  0.000 	  0.160
14 	 18 	 -0.934 	  0.000 	  0.147
14 	 19 	 -0.811 	  0.000 	  0.127
14 	 20 	 -0.654 	  0.000 	  0.103
14 	 21 	 -0.471 	  0.000 	  0.074
14 	 22 	 -0.268 	  0.000 	  0.042
14 	 23 	 -0.054 	  0.000 	  0.008
14 	 24 	  0.162 	  0.000 	 -0.025
14 	 25 	  0.371 	  0.000 	 -0.058
14 	 26 	  0.565 	  0.000 	 -0.089
14 	 27 	  0.736 	  0.000 	 -0.115
14 	 28 	  0.877 	  0.000 	 -0.138
14 	 29 	  0.982 	  0.000 	 -0.154
14 	 30 	  1.047 	  0.000 	 -0.164

15 	 0 	  1.114 	 -0.000 	 -0.057
15 	 1 	  1.091 	 -0.000 	 -0.055
15 	 2 	  1.024 	 -0.000 	 -0.052
15 	 3 	  0.914 	 -0.000 	 -0.046
15 	 4 	  0.768 	 -0.000 	 -0.039
15 	 5 	  0.589 	 -0.000 	 -0.030
15 	 6 	  0.387 	 -0.000 	 -0.020
15 	 7 	  0.169 	 -0.000 	 -0.009
15 	 8 	 -0.056 	 -0.000 	  0.003
15 	 9 	 -0.279 	 -0.000 	  0.014
15 	 10 	 -0.491 	 -0.000 	  0.025
15 	 11 	 -0.682 	 -0.000 	  0.035
15 	 12 	 -0.845 	 -0.000 	  0.043
15 	 13 	 -0.974 	 -0.000 	  0.050
15 	 14 	 -1.063 	 -0.000 	  0.054
15 	 15 	 -1.108 	 -0.000 	  0.056
15 	 16 	 -1.108 	  0.000 	  0.056
15 	 17 	 -1.063 	  0.000 	  0.054
15 	 18 	 -0.974 	  0.000 	  0.050
15 	 19 	 -0.845 	  0.000 	  0.043
15 	 20 	 -0.682 	  0.000 	  0.035
15 	 21 	 -0.491 	  0.000 	  0.025
15 	 22 	 -0.279 	  0.000 	  0.014
15 	 23 	 -0.056 	  0.000 	  0.003
15 	 24 	  0.169 	  0.000 	 -0.009
15 	 25 	  0.387 	  0.000 	 -0.020
15 	 26 	  0.589 	  0.000 	 -0.030
15 	 27 	  0.768 	  0.000 	 -0.039
15 	 28 	  0.914 	  0.000 	 -0.046
15 	 29 	  1.024 	  0.000 	 -0.052
15 	 30 	  1.091 	  0.000 	 -0.055

16 	 0 	  1.114 	 -0.000 	  0.057
16 	 1 	  1.091 	 -0.000 	  0.055
16 	 2 	  1.024 	 -0.000 	  0.052
16 	 3 	  0.914 	 -0.000 	  0.046
16 	 4 	  0.768 	 -0.000 	  0.039
16 	 5 	  0.589 	 -0.000 	  0.030
16 	 6 	  0.387 	 -0.000 	  0.020
16 	 7 	  0.169 	 -0.000 	  0.009
16 	 8 	 -0.056 	 -0.000 	 -0.003
16 	 9 	 -0.279 	 -0.000 	 -0.014
16 	 10 	 -0.491 	 -0.000 	 -0.025
16 	 11 	 -0.682 	 -0.000 	 -0.035
16 	 12 	 -0.845 	 -0.000 	 -0.043
16 	 13 	 -0.974 	 -0.000 	 -0.050
16 	 14 	 -1.063 	 -0.000 	 -0.054
16 	 15 	 -1.108 	 -0.000 	 -0.056
16 	 16 	 -1.108 	  0.000 	 -0.056
16 	 17 	 -1.063 	  0.000 	 -0.054
16 	 18 	 -0.974 	  0.000 	 -0.050
16 	 19 	 -0.845 	  0.000 	 -0.043
16 	 20 	 -0.682 	  0.000 	 -0.035
16 	 21 	 -0.491 	  0.000 	 -0.025
16 	 22 	 -0.279 	  0.000 	 -0.014
16 	 23 	 -0.056 	  0.000 	 -0.003
16 	 24 	  0.169 	  0.000 	  0.009
16 	 25 	  0.387 	  0.000 	  0.020
16 	 26 	  0.589 	  0.000 	  0.030
16 	 27 	  0.768 	  0.000 	  0.039
16 	 28 	  0.914 	  0.000 	  0.046
16 	 29 	  1.024 	  0.000 	  0.052
16 	 30 	  1.091 	  0.000 	  0.055

17 	 0 	  1.068 	 -0.000 	  0.168
17 	 1 	  1.047 	 -0.000 	  0.164
17 	 2 	  0.982 	 -0.000 	  0.154
17 	 3 	  0.877 	 -0.000 	  0.138
17 	 4 	  0.736 	 -0.000 	  0.115
17 	 5 	  0.565 	 -0.000 	  0.089
17 	 6 	  0.371 	 -0.000 	  0.058
17 	 7 	  0.162 	 -0.000 	  0.025
17 	 8 	 -0.054 	 -0.000 	 -0.008
17 	 9 	 -0.268 	 -0.000 	 -0.042
17 	 10 	 -0.471 	 -0.000 	 -0.074
17 	 11 	 -0.654 	 -0.000 	 -0.103
17 	 12 	 -0.811 	 -0.000 	 -0.127
17 	 13 	 -0.934 	 -0.000 	 -0.147
17 	 14 	 -1.019 	 -0.000 	 -0.160
17 	 15 	 -1.063 	 -0.000 	 -0.167
17 	 16 	 -1.063 	  0.000 	 -0.167
17 	 17 	 -1.019 	  0.000 	 -0.160
17 	 18 	 -0.934 	  0.000 	 -0.147
17 	 19 	 -0.811 	  0.000 	 -0.127
17 	 20 	 -0.654 	  0.000 	 -0.103
17 	 21 	 -0.471 	  0.000 	 -0.074
17 	 22 	 -0.268 	  0.000 	 -0.042
17 	 23 	 -0.054 	  0.000 	 -0.008
17 	 24 	  0.162 	  0.000 	  0.025
17 	 25 	  0.371 	  0.000 	  0.058
17 	 26 	  0.565 	  0.000 	  0.089
17 	 27 	  0.736 	  0.000 	  0.115
17 	 28 	  0.877 	  0.000 	  0.138
17 	 29 	  0.982 	  0.000 	  0.154
17 	 30 	  1.047 	  0.000 	  0.164

18 	 0 	  0.979 	 -0.000 	  0.272
18 	 1 	  0.959 	 -0.000 	  0.266
18 	 2 	  0.900 	 -0.000 	  0.250
18 	 3 	  0.804 	 -0.000 	  0.223
18 	 4 	  0.675 	 -0.000 	  0.187
18 	 5 	  0.518 	 -0.000 	  0.144
18 	 6 	  0.340 	 -0.000 	  0.094
18 	 7 	  0.148 	 -0.000 	  0.041
18 	 8 	 -0.050 	 -0.000 	 -0.014
18 	 9 	 -0.245 	 -0.000 	 -0.068
18 	 10 	 -0.431 	 -0.000 	 -0.120
18 	 11 	 -0.599 	 -0.000 	 -0.166
18 	 12 	 -0.743 	 -0.000 	 -0.206
18 	 13 	 -0.856 	 -0.000 	 -0.238
18 	 14 	 -0.934 	 -0.000 	 -0.259
18 	 15 	 -0.974 	 -0.000 	 -0.270
18 	 16 	 -0.974 	  0.000 	 -0.270
18 	 17 	 -0.934 	  0.000 	 -0.259
18 	 18 	 -0.856 	  0.000 	 -0.238
18 	 19 	 -0.743 	  0.000 	 -0.206
18 	 20 	 -0.599 	  0.000 	 -0.166
18 	 21 	 -0.431 	  0.000 	 -0.120
18 	 22 	 -0.245 	  0.000 	 -0.068
18 	 23 	 -0.050 	  0.000 	 -0.014
18 	 24 	  0.148 	  0.000 	  0.041
18 	 25 	  0.340 	  0.000 	  0.094
18 	 26 	  0.518 	  0.000 	  0.144
18 	 27 	  0.675 	  0.000 	  0.187
18 	 28 	  0.804 	  0.000 	  0.223
18 	 29 	  0.900 	  0.000 	  0.250
18 	 30 	  0.959 	  0.000 	  0.266

19 	 0 	  0.850 	 -0.000 	  0.365
19 	 1 	  0.832 	 -0.000 	  0.357
19 	 2 	  0.781 	 -0.000 	  0.335
19 	 3 	  0.697 	 -0.000 	  0.299
19 	 4 	  0.585 	 -0.000 	  0.251
19 	 5 	  0.449 	 -0.000 	  0.193
19 	 6 	  0.295 	 -0.000 	  0.127
19 	 7 	  0.129 	 -0.000 	  0.055
19 	 8 	 -0.043 	 -0.000 	 -0.018
19 	 9 	 -0.213 	 -0.000 	 -0.091
19 	 10 	 -0.374 	 -0.000 	 -0.161
19 	 11 	 -0.520 	 -0.000 	 -0.223
19 	 12 	 -0.645 	 -0.000 	 -0.277
19 	 13 	 -0.743 	 -0.000 	 -0.319
19 	 14 	 -0.811 	 -0.000 	 -0.348
19 	 15 	 -0.845 	 -0.000 	 -0.363
19 	 16 	 -0.845 	  0.000 	 -0.363
19 	 17 	 -0.811 	  0.000 	 -0.348
19 	 18 	 -0.743 	  0.000 	 -0.319
19 	 19 	 -0.645 	  0.000 	 -0.277
19 	 20 	 -0.520 	  0.000 	 -0.223
19 	 21 	 -0.374 	  0.000 	 -0.161
19 	 22 	 -0.213 	  0.000 	 -0.091
19 	 23 	 -0.043 	  0.000 	 -0.018
19 	 24 	  0.129 	  0.000 	  0.055
19 	 25 	  0.295 	  0.000 	  0.127
19 	 26 	  0.449 	  0.000 	  0.193
19 	 27 	  0.585 	  0.000 	  0.251
19 	 28 	  0.697 	  0.000 	  0.299
19 	 29 	  0.781 	  0.000 	  0.335
19 	 30 	  0.832 	  0.000 	  0.357

20 	 0 	  0.685 	 -0.000 	  0.443
20 	 1 	  0.671 	 -0.000 	  0.434
20 	 2 	  0.630 	 -0.000 	  0.407
20 	 3 	  0.563 	 -0.000 	  0.363
20 	 4 	  0.472 	 -0.000 	  0.305
20 	 5 	  0.363 	 -0.000 	  0.234
20 	 6 	  0.238 	 -0.000 	  0.154
20 	 7 	  0.104 	 -0.000 	  0.067
20 	 8 	 -0.035 	 -0.000 	 -0.022
20 	 9 	 -0.172 	 -0.000 	 -0.111
20 	 10 	 -0.302 	 -0.000 	 -0.195
20 	 11 	 -0.420 	 -0.000 	 -0.271
20 	 12 	 -0.520 	 -0.000 	 -0.336
20 	 13 	 -0.599 	 -0.000 	 -0.387
20 	 14 	 -0.654 	 -0.000 	 -0.422
20 	 15 	 -0.682 	 -0.000 	 -0.440
20 	 16 	 -0.682 	  0.000 	 -0.440
20 	 17 	 -0.654 	  0.000 	 -0.422
20 	 18 	 -0.599 	  0.000 	 -0.387
20 	 19 	 -0.520 	  0.000 	 -0.336
20 	 20 	 -0.420 	  0.000 	 -0.271
20 	 21 	 -0.302 	  0.000 	 -0.195
20 	 22 	 -0.172 	  0.000 	 -0.111
20 	 23 	 -0.035 	  0.000 	 -0.022
20 	 24 	  0.104 	  0.000 	  0.067
20 	 25 	  0.238 	  0.000 	  0.154
20 	 26 	  0.363 	  0.000 	  0.234
20 	 27 	  0.472 	  0.000 	  0.305
20 	 28 	  0.563 	  0.000 	  0.363
20 	 29 	  0.630 	  0.000 	  0.407
20 	 30 	  0.671 	  0.000 	  0.434

21 	 0 	  0.493 	 -0.000 	  0.503
21 	 1 	  0.483 	 -0.000 	  0.492
21 	 2 	  0.453 	 -0.000 	  0.462
21 	 3 	  0.405 	 -0.000 	  0.413
21 	 4 	  0.340 	 -0.000 	  0.346
21 	 5 	  0.261 	 -0.000 	  0.266
21 	 6 	  0.171 	 -0.000 	  0.175
21 	 7 	  0.075 	 -0.000 	  0.076
21 	 8 	 -0.025 	 -0.000 	 -0.025
21 	 9 	 -0.124 	 -0.000 	 -0.126
21 	 10 	 -0.217 	 -0.000 	 -0.221
21 	 11 	 -0.302 	 -0.000 	 -0.308
21 	 12 	 -0.374 	 -0.000 	 -0.381
21 	 13 	 -0.431 	 -0.000 	 -0.440
21 	 14 	 -0.471 	 -0.000 	 -0.480
21 	 15 	 -0.491 	 -0.000 	 -0.500
21 	 16 	 -0.491 	  0.000 	 -0.500
21 	 17 	 -0.471 	  0.000 	 -0.480
21 	 18 	 -0.431 	  0.000 	 -0.440
21 	 19 	 -0.374 	  0.000 	 -0.381
21 	 20 	 -0.302 	  0.000 	 -0.308
21 	 21 	 -0.217 	  0.000 	 -0.221
21 	 22 	 -0.124 	  0.000 	 -0.126
21 	 23 	 -0.025 	  0.000 	 -0.025
21 	 24 	  0.075 	  0.000 	  0.076
21 	 25 	  0.171 	  0.000 	  0.175
21 	 26 	  0.261 	  0.000 	  0.266
21 	 27 	  0.340 	  0.000 	  0.346
21 	 28 	  0.405 	  0.000 	  0.413
21 	 29 	  0.453 	  0.000 	  0.462
21 	 30 	  0.483 	  0.000 	  0.492

22 	 0 	  0.281 	 -0.000 	  0.542
22 	 1 	  0.275 	 -0.000 	  0.531
22 	 2 	  0.258 	 -0.000 	  0.498
22 	 3 	  0.230 	 -0.000 	  0.445
22 	 4 	  0.193 	 -0.000 	  0.373
22 	 5 	  0.148 	 -0.000 	  0.287
22 	 6 	  0.097 	 -0.000 	  0.188
22 	 7 	  0.043 	 -0.000 	  0.082
22 	 8 	 -0.014 	 -0.000 	 -0.027
22 	 9 	 -0.070 	 -0.000 	 -0.136
22 	 10 	 -0.124 	 -0.000 	 -0.239
22 	 11 	 -0.172 	 -0.000 	 -0.332
22 	 12 	 -0.213 	 -0.000 	 -0.411
22 	 13 	 -0.245 	 -0.000 	 -0.474
22 	 14 	 -0.268 	 -0.000 	 -0.517
22 	 15 	 -0.279 	 -0.000 	 -0.539
22 	 16 	 -0.279 	  0.000 	 -0.539
22 	 17 	 -0.268 	  0.000 	 -0.517
22 	 18 	 -0.245 	  0.000 	 -0.474
22 	 19 	 -0.213 	  0.000 	 -0.411
22 	 20 	 -0.172 	  0.000 	 -0.332
22 	 21 	 -0.124 	  0.000 	 -0.239
22 	 22 	 -0.070 	  0.000 	 -0.136
22 	 23 	 -0.014 	  0.000 	 -0.027
22 	 24 	  0.043 	  0.000 	  0.082
22 	 25 	  0.097 	  0.000 	  0.188
22 	 26 	  0.148 	  0.000 	  0.287
22 	 27 	  0.193 	  0.000 	  0.373
22 	 28 	  0.230 	  0.000 	  0.445
22 	 29 	  0.258 	  0.000 	  0.498
22 	 30 	  0.275 	  0.000 	  0.531

23 	 0 	  0.057 	 -0.000 	  0.559
23 	 1 	  0.056 	 -0.000 	  0.548
23 	 2 	  0.052 	 -0.000 	  0.514
23 	 3 	  0.047 	 -0.000 	  0.459
23 	 4 	  0.039 	 -0.000 	  0.385
23 	 5 	  0.030 	 -0.000 	  0.296
23 	 6 	  0.020 	 -0.000 	  0.194
23 	 7 	  0.009 	 -0.000 	  0.085
23 	 8 	 -0.003 	 -0.000 	 -0.028
23 	 9 	 -0.014 	 -0.000 	 -0.140
23 	 10 	 -0.025 	 -0.000 	 -0.246
23 	 11 	 -0.035 	 -0.000 	 -0.342
23 	 12 	 -0.043 	 -0.000 	 -0.424
23 	 13 	 -0.050 	 -0.000 	 -0.489
23 	 14 	 -0.054 	 -0.000 	 -0.534
23 	 15 	 -0.056 	 -0.000 	 -0.556
23 	 16 	 -0.056 	  0.000 	 -0.556
23 	 17 	 -0.054 	  0.000 	 -0.534
23 	 18 	 -0.050 	  0.000 	 -0.489
23 	 19 	 -0.043 	  0.000 	 -0.424
23 	 20 	 -0.035 	  0.000 	 -0.342
23 	 21 	 -0.025 	  0.000 	 -0.246
23 	 22 	 -0.014 	  0.000 	 -0.140
23 	 23 	 -0.003 	  0.000 	 -0.028
23 	 24 	  0.009 	  0.000 	  0.085
23 	 25 	  0.020 	  0.000 	  0.194
23 	 26 	  0.030 	  0.000 	  0.296
23 	 27 	  0.039 	  0.000 	  0.385
23 	 28 	  0.047 	  0.000 	  0.459
23 	 29 	  0.052 	  0.000 	  0.514
23 	 30 	  0.056 	  0.000 	  0.548

24 	 0 	 -0.170 	  0.000 	  0.553
24 	 1 	 -0.166 	  0.000 	  0.542
24 	 2 	 -0.156 	  0.000 	  0.509
24 	 3 	 -0.139 	  0.000 	  0.454
24 	 4 	 -0.117 	  0.000 	  0.381
24 	 5 	 -0.090 	  0.000 	  0.293
24 	 6 	 -0.059 	  0.000 	  0.192
24 	 7 	 -0.026 	  0.000 	  0.084
24 	 8 	  0.009 	  0.000 	 -0.028
24 	 9 	  0.043 	  0.000 	 -0.139
24 	 10 	  0.075 	  0.000 	 -0.244
24 	 11 	  0.104 	  0.000 	 -0.339
24 	 12 	  0.129 	  0.000 	 -0.420
24 	 13 	  0.148 	  0.000 	 -0.484
24 	 14 	  0.162 	  0.000 	 -0.528
24 	 15 	  0.169 	  0.000 	 -0.551
24 	 16 	  0.169 	 -0.000 	 -0.551
24 	 17 	  0.162 	 -0.000 	 -0.528
24 	 18 	  0.148 	 -0.000 	 -0.484
24 	 19 	  0.129 	 -0.000 	 -0.420
24 	 20 	  0.104 	 -0.000 	 -0.339
24 	 21 	  0.075 	 -0.000 	 -0.244
24 	 22 	  0.043 	 -0.000 	 -0.139
24 	 23 	  0.009 	 -0.000 	 -0.028
24 	 24 	 -0.026 	 -0.000 	  0.084
24 	 25 	 -0.059 	 -0.000 	  0.192
24 	 26 	 -0.090 	 -0.000 	  0.293
24 	 27 	 -0.117 	 -0.000 	  0.381
24 	 28 	 -0.139 	 -0.000 	  0.454
24 	 29 	 -0.156 	 -0.000 	  0.509
24 	 30 	 -0.166 	 -0.000 	  0.542

25 	 0 	 -0.389 	  0.000 	  0.525
25 	 1 	 -0.381 	  0.000 	  0.514
25 	 2 	 -0.357 	  0.000 	  0.482
25 	 3 	 -0.319 	  0.000 	  0.431
25 	 4 	 -0.268 	  0.000 	  0.362
25 	 5 	 -0.206 	  0.000 	  0.278
25 	 6 	 -0.135 	  0.000 	  0.182
25 	 7 	 -0.059 	  0.000 	  0.080
25 	 8 	  0.020 	  0.000 	 -0.027
25 	 9 	  0.097 	  0.000 	 -0.132
25 	 10 	  0.171 	  0.000 	 -0.231
25 	 11 	  0.238 	  0.000 	 -0.321
25 	 12 	  0.295 	  0.000 	 -0.398
25 	 13 	  0.340 	  0.000 	 -0.459
25 	 14 	  0.371 	  0.000 	 -0.501
25 	 15 	  0.387 	  0.000 	 -0.522
25 	 16 	  0.387 	 -0.000 	 -0.522
25 	 17 	  0.371 	 -0.000 	 -0.501
25 	 18 	  0.340 	 -0.000 	 -0.459
25 	 19 	  0.295 	 -0.000 	 -0.398
25 	 20 	  0.238 	 -0.000 	 -0.321
25 	 21 	  0.171 	 -0.000 	 -0.231
25 	 22 	  0.097 	 -0.000 	 -0.132
25 	 23 	  0.020 	 -0.000 	 -0.027
25 	 24 	 -0.059 	 -0.000 	  0.080
25 	 25 	 -0.135 	 -0.000 	  0.182
25 	 26 	 -0.206 	 -0.000 	  0.278
25 	 27 	 -0.268 	 -0.000 	  0.362
25 	 28 	 -0.319 	 -0.000 	  0.431
25 	 29 	 -0.357 	 -0.000 	  0.482
25 	 30 	 -0.381 	 -0.000 	  0.514

26 	 0 	 -0.592 	  0.000 	  0.475
26 	 1 	 -0.580 	  0.000 	  0.465
26 	 2 	 -0.544 	  0.000 	  0.437
26 	 3 	 -0.486 	  0.000 	  0.390
26 	 4 	 -0.408 	  0.000 	  0.327
26 	 5 	 -0.313 	  0.000 	  0.251
26 	 6 	 -0.206 	  0.000 	  0.165
26 	 7 	 -0.090 	  0.000 	  0.072
26 	 8 	  0.030 	  0.000 	 -0.024
26 	 9 	  0.148 	  0.000 	 -0.119
26 	 10 	  0.261 	  0.000 	 -0.209
26 	 11 	  0.363 	  0.000 	 -0.291
26 	 12 	  0.449 	  0.000 	 -0.361
26 	 13 	  0.518 	  0.000 	 -0.415
26 	 14 	  0.565 	  0.000 	 -0.453
26 	 15 	  0.589 	  0.000 	 -0.473
26 	 16 	  0.589 	 -0.000 	 -0.473
26 	 17 	  0.565 	 -0.000 	 -0.453
26 	 18 	  0.518 	 -0.000 	 -0.415
26 	 19 	  0.449 	 -0.000 	 -0.361
26 	 20 	  0.363 	 -0.000 	 -0.291
26 	 21 	  0.261 	 -0.000 	 -0.209
26 	 22 	  0.148 	 -0.000 	 -0.119
26 	 23 	  0.030 	 -0.000 	 -0.024
26 	 24 	 -0.090 	 -0.000 	  0.072
26 	 25 	 -0.206 	 -0.000 	  0.165
26 	 26 	 -0.313 	 -0.000 	  0.251
26 	 27 	 -0.408 	 -0.000 	  0.327
26 	 28 	 -0.486 	 -0.000 	  0.390
26 	 29 	 -0.544 	 -0.000 	  0.437
26 	 30 	 -0.580 	 -0.000 	  0.465

27 	 0 	 -0.772 	  0.000 	  0.406
27 	 1 	 -0.756 	  0.000 	  0.398
27 	 2 	 -0.709 	  0.000 	  0.373
27 	 3 	 -0.633 	  0.000 	  0.333
27 	 4 	 -0.532 	  0.000 	  0.280
27 	 5 	 -0.408 	  0.000 	  0.215
27 	 6 	 -0.268 	  0.000 	  0.141
27 	 7 	 -0.117 	  0.000 	  0.061
27 	 8 	  0.039 	  0.000 	 -0.021
27 	 9 	  0.193 	  0.000 	 -0.102
27 	 10 	  0.340 	  0.000 	 -0.179
27 	 11 	  0.472 	  0.000 	 -0.248
27 	 12 	  0.585 	  0.000 	 -0.308
27 	 13 	  0.675 	  0.000 	 -0.355
27 	 14 	  0.736 	  0.000 	 -0.387
27 	 15 	  0.768 	  0.000 	 -0.404
27 	 16 	  0.768 	 -0.000 	 -0.404
27 	 17 	  0.736 	 -0.000 	 -0.387
27 	 18 	  0.675 	 -0.000 	 -0.355
27 	 19 	  0.585 	 -0.000 	 -0.308
27 	 20 	  0.472 	 -0.000 	 -0.248
27 	 21 	  0.340 	 -0.000 	 -0.179
27 	 22 	  0.193 	 -0.000 	 -0.102
27 	 23 	  0.039 	 -0.000 	 -0.021
27 	 24 	 -0.117 	 -0.000 	  0.061
27 	 25 	 -0.268 	 -0.000 	  0.141
27 	 26 	 -0.408 	 -0.000 	  0.215
27 	 27 	 -0.532 	 -0.000 	  0.280
27 	 28 	 -0.633 	 -0.000 	  0.333
27 	 29 	 -0.709 	 -0.000 	  0.373
27 	 30 	 -0.756 	 -0.000 	  0.398

28 	 0 	 -0.919 	  0.000 	  0.320
28 	 1 	 -0.900 	  0.000 	  0.313
28 	 2 	 -0.845 	  0.000 	  0.294
28 	 3 	 -0.754 	  0.000 	  0.263
28 	 4 	 -0.633 	  0.000 	  0.220
28 	 5 	 -0.486 	  0.000 	  0.169
28 	 6 	 -0.319 	  0.000 	  0.111
28 	 7 	 -0.139 	  0.000 	  0.048
28 	 8 	  0.047 	  0.000 	 -0.016
28 	 9 	  0.230 	  0.000 	 -0.080
28 	 10 	  0.405 	  0.000 	 -0.141
28 	 11 	  0.563 	  0.000 	 -0.196
28 	 12 	  0.697 	  0.000 	 -0.243
28 	 13 	  0.804 	  0.000 	 -0.280
28 	 14 	  0.877 	  0.000 	 -0.305
28 	 15 	  0.914 	  0.000 	 -0.318
28 	 16 	  0.914 	 -0.000 	 -0.318
28 	 17 	  0.877 	 -0.000 	 -0.305
28 	 18 	  0.804 	 -0.000 	 -0.280
28 	 19 	  0.697 	 -0.000 	 -0.243
28 	 20 	  0.563 	 -0.000 	 -0.196
28 	 21 	  0.405 	 -0.000 	 -0.141
28 	 22 	  0.230 	 -0.000 	 -0.080
28 	 23 	  0.047 	 -0.000 	 -0.016
28 	 24 	 -0.139 	 -0.000 	  0.048
28 	 25 	 -0.319 	 -0.000 	  0.111
28 	 26 	 -0.486 	 -0.000 	  0.169
28 	 27 	 -0.633 	 -0.000 	  0.220
28 	 28 	 -0.754 	 -0.000 	  0.263
28 	 29 	 -0.845 	 -0.000 	  0.294
28 	 30 	 -0.900 	 -0.000 	  0.313

29 	 0 	 -1.029 	  0.000 	  0.221
29 	 1 	 -1.008 	  0.000 	  0.216
29 	 2 	 -0.946 	  0.000 	  0.203
29 	 3 	 -0.845 	  0.000 	  0.181
29 	 4 	 -0.709 	  0.000 	  0.152
29 	 5 	 -0.544 	  0.000 	  0.117
29 	 6 	 -0.357 	  0.000 	  0.077
29 	 7 	 -0.156 	  0.000 	  0.033
29 	 8 	  0.052 	  0.000 	 -0.011
29 	 9 	  0.258 	  0.000 	 -0.055
29 	 10 	  0.453 	  0.000 	 -0.097
29 	 11 	  0.630 	  0.000 	 -0.135
29 	 12 	  0.781 	  0.000 	 -0.168
29 	 13 	  0.900 	  0.000 	 -0.193
29 	 14 	  0.982 	  0.000 	 -0.211
29 	 15 	  1.024 	  0.000 	 -0.220
29 	 16 	  1.024 	 -0.000 	 -0.220
29 	 17 	  0.982 	 -0.000 	 -0.211
29 	 18 	  0.900 	 -0.000 	 -0.193
29 	 19 	  0.781 	 -0.000 	 -0.168
29 	 20 	  0.630 	 -0.000 	 -0.135
29 	 21 	  0.453 	 -0.000 	 -0.097
29 	 22 	  0.258 	 -0.000 	 -0.055
29 	 23 	  0.052 	 -0.000 	 -0.011
29 	 24 	 -0.156 	 -0.000 	  0.033
29 	 25 	 -0.357 	 -0.000 	  0.077
29 	 26 	 -0.544 	 -0.000 	  0.117
29 	 27 	 -0.709 	 -0.000 	  0.152
29 	 28 	 -0.845 	 -0.000 	  0.181
29 	 29 	 -0.946 	 -0.000 	  0.203
29 	 30 	 -1.008 	 -0.000 	  0.216

30 	 0 	 -1.097 	  0.000 	  0.113
30 	 1 	 -1.074 	  0.000 	  0.110
30 	 2 	 -1.008 	  0.000 	  0.104
30 	 3 	 -0.900 	  0.000 	  0.093
30 	 4 	 -0.756 	  0.000 	  0.078
30 	 5 	 -0.580 	  0.000 	  0.060
30 	 6 	 -0.381 	  0.000 	  0.039
30 	 7 	 -0.166 	  0.000 	  0.017
30 	 8 	  0.056 	  0.000 	 -0.006
30 	 9 	  0.275 	  0.000 	 -0.028
30 	 10 	  0.483 	  0.000 	 -0.050
30 	 11 	  0.671 	  0.000 	 -0.069
30 	 12 	  0.832 	  0.000 	 -0.086
30 	 13 	  0.959 	  0.000 	 -0.099
30 	 14 	  1.047 	  0.000 	 -0.108
30 	 15 	  1.091 	  0.000 	 -0.112
30 	 16 	  1.091 	 -0.000 	 -0.112
30 	 17 	  1.047 	 -0.000 	 -0.108
30 	 18 	  0.959 	 -0.000 	 -0.099
30 	 19 	  0.832 	 -0.000 	 -0.086
30 	 20 	  0.671 	 -0.000 	 -0.069
30 	 21 	  0.483 	 -0.000 	 -0.050
30 	 22 	  0.275 	 -0.000 	 -0.028
30 	 23 	  0.056 	 -0.000 	 -0.006
30 	 24 	 -0.166 	 -0.000 	  0.017
30 	 25 	 -0.381 	 -0.000 	  0.039
30 	 26 	 -0.580 	 -0.000 	  0.060
30 	 27 	 -0.756 	 -0.000 	  0.078
30 	 28 	 -0.900 	 -0.000 	  0.093
30 	 29 	 -1.008 	 -0.000 	  0.104
30 	 30 	 -1.074 	 -0.000 	  0.110

