0 	 0 	 -0.299 	  0.000 	 -0.000
0 	 1 	 -0.293 	  0.000 	 -0.000
0 	 2 	 -0.275 	  0.000 	 -0.000
0 	 3 	 -0.246 	  0.000 	 -0.000
0 	 4 	 -0.206 	  0.000 	 -0.000
0 	 5 	 -0.158 	  0.000 	 -0.000
0 	 6 	 -0.104 	  0.000 	 -0.000
0 	 7 	 -0.045 	  0.000 	 -0.000
0 	 8 	  0.015 	  0.000 	  0.000
0 	 9 	  0.075 	  0.000 	  0.000
0 	 10 	  0.132 	  0.000 	  0.000
0 	 11 	  0.183 	  0.000 	  0.000
0 	 12 	  0.227 	  0.000 	  0.000
0 	 13 	  0.262 	  0.000 	  0.000
0 	 14 	  0.285 	  0.000 	  0.000
0 	 15 	  0.298 	  0.000 	  0.000
0 	 16 	  0.298 	 -0.000 	  0.000
0 	 17 	  0.285 	 -0.000 	  0.000
0 	 18 	  0.262 	 -0.000 	  0.000
0 	 19 	  0.227 	 -0.000 	  0.000
0 	 20 	  0.183 	 -0.000 	  0.000
0 	 21 	  0.132 	 -0.000 	  0.000
0 	 22 	  0.075 	 -0.000 	  0.000
0 	 23 	  0.015 	 -0.000 	  0.000
0 	 24 	 -0.045 	 -0.000 	 -0.000
0 	 25 	 -0.104 	 -0.000 	 -0.000
0 	 26 	 -0.158 	 -0.000 	 -0.000
0 	 27 	 -0.206 	 -0.000 	 -0.000
0 	 28 	 -0.246 	 -0.000 	 -0.000
0 	 29 	 -0.275 	 -0.000 	 -0.000
0 	 30 	 -0.293 	 -0.000 	 -0.000

1 	 0 	 -0.293 	  0.000 	 -0.030
1 	 1 	 -0.287 	  0.000 	 -0.029
1 	 2 	 -0.269 	  0.000 	 -0.028
1 	 3 	 -0.240 	  0.000 	 -0.025
1 	 4 	 -0.202 	  0.000 	 -0.021
1 	 5 	 -0.155 	  0.000 	 -0.016
1 	 6 	 -0.102 	  0.000 	 -0.010
1 	 7 	 -0.044 	  0.000 	 -0.005
1 	 8 	  0.015 	  0.000 	  0.002
1 	 9 	  0.073 	  0.000 	  0.008
1 	 10 	  0.129 	  0.000 	  0.013
1 	 11 	  0.179 	  0.000 	  0.018
1 	 12 	  0.222 	  0.000 	  0.023
1 	 13 	  0.256 	  0.000 	  0.026
1 	 14 	  0.280 	  0.000 	  0.029
1 	 15 	  0.292 	  0.000 	  0.030
1 	 16 	  0.292 	 -0.000 	  0.030
1 	 17 	  0.280 	 -0.000 	  0.029
1 	 18 	  0.256 	 -0.000 	  0.026
1 	 19 	  0.222 	 -0.000 	  0.023
1 	 20 	  0.179 	 -0.000 	  0.018
1 	 21 	  0.129 	 -0.000 	  0.013
1 	 22 	  0.073 	 -0.000 	  0.008
1 	 23 	  0.015 	 -0.000 	  0.002
1 	 24 	 -0.044 	 -0.000 	 -0.005
1 	 25 	 -0.102 	 -0.000 	 -0.010
1 	 26 	 -0.155 	 -0.000 	 -0.016
1 	 27 	 -0.202 	 -0.000 	 -0.021
1 	 28 	 -0.240 	 -0.000 	 -0.025
1 	 29 	 -0.269 	 -0.000 	 -0.028
1 	 30 	 -0.287 	 -0.000 	 -0.029

2 	 0 	 -0.275 	  0.000 	 -0.059
2 	 1 	 -0.269 	  0.000 	 -0.058
2 	 2 	 -0.253 	  0.000 	 -0.054
2 	 3 	 -0.226 	  0.000 	 -0.048
2 	 4 	 -0.189 	  0.000 	 -0.041
2 	 5 	 -0.145 	  0.000 	 -0.031
2 	 6 	 -0.095 	  0.000 	 -0.020
2 	 7 	 -0.042 	  0.000 	 -0.009
2 	 8 	  0.014 	  0.000 	  0.003
2 	 9 	  0.069 	  0.000 	  0.015
2 	 10 	  0.121 	  0.000 	  0.026
2 	 11 	  0.168 	  0.000 	  0.036
2 	 12 	  0.209 	  0.000 	  0.045
2 	 13 	  0.240 	  0.000 	  0.052
2 	 14 	  0.262 	  0.000 	  0.056
2 	 15 	  0.273 	  0.000 	  0.059
2 	 16 	  0.273 	 -0.000 	  0.059
2 	 17 	  0.262 	 -0.000 	  0.056
2 	 18 	  0.240 	 -0.000 	  0.052
2 	 19 	  0.209 	 -0.000 	  0.045
2 	 20 	  0.168 	 -0.000 	  0.036
2 	 21 	  0.121 	 -0.000 	  0.026
2 	 22 	  0.069 	 -0.000 	  0.015
2 	 23 	  0.014 	 -0.000 	  0.003
2 	 24 	 -0.042 	 -0.000 	 -0.009
2 	 25 	 -0.095 	 -0.000 	 -0.020
2 	 26 	 -0.145 	 -0.000 	 -0.031
2 	 27 	 -0.189 	 -0.000 	 -0.041
2 	 28 	 -0.226 	 -0.000 	 -0.048
2 	 29 	 -0.253 	 -0.000 	 -0.054
2 	 30 	 -0.269 	 -0.000 	 -0.058

3 	 0 	 -0.246 	  0.000 	 -0.085
3 	 1 	 -0.240 	  0.000 	 -0.084
3 	 2 	 -0.226 	  0.000 	 -0.079
3 	 3 	 -0.202 	  0.000 	 -0.070
3 	 4 	 -0.169 	  0.000 	 -0.059
3 	 5 	 -0.130 	  0.000 	 -0.045
3 	 6 	 -0.085 	  0.000 	 -0.030
3 	 7 	 -0.037 	  0.000 	 -0.013
3 	 8 	  0.012 	  0.000 	  0.004
3 	 9 	  0.062 	  0.000 	  0.021
3 	 10 	  0.108 	  0.000 	  0.038
3 	 11 	  0.150 	  0.000 	  0.052
3 	 12 	  0.186 	  0.000 	  0.065
3 	 13 	  0.215 	  0.000 	  0.075
3 	 14 	  0.234 	  0.000 	  0.082
3 	 15 	  0.244 	  0.000 	  0.085
3 	 16 	  0.244 	 -0.000 	  0.085
3 	 17 	  0.234 	 -0.000 	  0.082
3 	 18 	  0.215 	 -0.000 	  0.075
3 	 19 	  0.186 	 -0.000 	  0.065
3 	 20 	  0.150 	 -0.000 	  0.052
3 	 21 	  0.108 	 -0.000 	  0.038
3 	 22 	  0.062 	 -0.000 	  0.021
3 	 23 	  0.012 	 -0.000 	  0.004
3 	 24 	 -0.037 	 -0.000 	 -0.013
3 	 25 	 -0.085 	 -0.000 	 -0.030
3 	 26 	 -0.130 	 -0.000 	 -0.045
3 	 27 	 -0.169 	 -0.000 	 -0.059
3 	 28 	 -0.202 	 -0.000 	 -0.070
3 	 29 	 -0.226 	 -0.000 	 -0.079
3 	 30 	 -0.240 	 -0.000 	 -0.084

4 	 0 	 -0.206 	  0.000 	 -0.108
4 	 1 	 -0.202 	  0.000 	 -0.106
4 	 2 	 -0.189 	  0.000 	 -0.100
4 	 3 	 -0.169 	  0.000 	 -0.089
4 	 4 	 -0.142 	  0.000 	 -0.075
4 	 5 	 -0.109 	  0.000 	 -0.057
4 	 6 	 -0.072 	  0.000 	 -0.038
4 	 7 	 -0.031 	  0.000 	 -0.016
4 	 8 	  0.010 	  0.000 	  0.005
4 	 9 	  0.052 	  0.000 	  0.027
4 	 10 	  0.091 	  0.000 	  0.048
4 	 11 	  0.126 	  0.000 	  0.066
4 	 12 	  0.156 	  0.000 	  0.082
4 	 13 	  0.180 	  0.000 	  0.095
4 	 14 	  0.197 	  0.000 	  0.103
4 	 15 	  0.205 	  0.000 	  0.108
4 	 16 	  0.205 	 -0.000 	  0.108
4 	 17 	  0.197 	 -0.000 	  0.103
4 	 18 	  0.180 	 -0.000 	  0.095
4 	 19 	  0.156 	 -0.000 	  0.082
4 	 20 	  0.126 	 -0.000 	  0.066
4 	 21 	  0.091 	 -0.000 	  0.048
4 	 22 	  0.052 	 -0.000 	  0.027
4 	 23 	  0.010 	 -0.000 	  0.005
4 	 24 	 -0.031 	 -0.000 	 -0.016
4 	 25 	 -0.072 	 -0.000 	 -0.038
4 	 26 	 -0.109 	 -0.000 	 -0.057
4 	 27 	 -0.142 	 -0.000 	 -0.075
4 	 28 	 -0.169 	 -0.000 	 -0.089
4 	 29 	 -0.189 	 -0.000 	 -0.100
4 	 30 	 -0.202 	 -0.000 	 -0.106

5 	 0 	 -0.158 	  0.000 	 -0.127
5 	 1 	 -0.155 	  0.000 	 -0.124
5 	 2 	 -0.145 	  0.000 	 -0.117
5 	 3 	 -0.130 	  0.000 	 -0.104
5 	 4 	 -0.109 	  0.000 	 -0.087
5 	 5 	 -0.084 	  0.000 	 -0.067
5 	 6 	 -0.055 	  0.000 	 -0.044
5 	 7 	 -0.024 	  0.000 	 -0.019
5 	 8 	  0.008 	  0.000 	  0.006
5 	 9 	  0.040 	  0.000 	  0.032
5 	 10 	  0.070 	  0.000 	  0.056
5 	 11 	  0.097 	  0.000 	  0.078
5 	 12 	  0.120 	  0.000 	  0.096
5 	 13 	  0.138 	  0.000 	  0.111
5 	 14 	  0.151 	  0.000 	  0.121
5 	 15 	  0.157 	  0.000 	  0.126
5 	 16 	  0.157 	 -0.000 	  0.126
5 	 17 	  0.151 	 -0.000 	  0.121
5 	 18 	  0.138 	 -0.000 	  0.111
5 	 19 	  0.120 	 -0.000 	  0.096
5 	 20 	  0.097 	 -0.000 	  0.078
5 	 21 	  0.070 	 -0.000 	  0.056
5 	 22 	  0.040 	 -0.000 	  0.032
5 	 23 	  0.008 	 -0.000 	  0.006
5 	 24 	 -0.024 	 -0.000 	 -0.019
5 	 25 	 -0.055 	 -0.000 	 -0.044
5 	 26 	 -0.084 	 -0.000 	 -0.067
5 	 27 	 -0.109 	 -0.000 	 -0.087
5 	 28 	 -0.130 	 -0.000 	 -0.104
5 	 29 	 -0.145 	 -0.000 	 -0.117
5 	 30 	 -0.155 	 -0.000 	 -0.124

6 	 0 	 -0.104 	  0.000 	 -0.140
6 	 1 	 -0.102 	  0.000 	 -0.137
6 	 2 	 -0.095 	  0.000 	 -0.129
6 	 3 	 -0.085 	  0.000 	 -0.115
6 	 4 	 -0.072 	  0.000 	 -0.097
6 	 5 	 -0.055 	  0.000 	 -0.074
6 	 6 	 -0.036 	  0.000 	 -0.049
6 	 7 	 -0.016 	  0.000 	 -0.021
6 	 8 	  0.005 	  0.000 	  0.007
6 	 9 	  0.026 	  0.000 	  0.035
6 	 10 	  0.046 	  0.000 	  0.062
6 	 11 	  0.064 	  0.000 	  0.086
6 	 12 	  0.079 	  0.000 	  0.106
6 	 13 	  0.091 	  0.000 	  0.123
6 	 14 	  0.099 	  0.000 	  0.134
6 	 15 	  0.103 	  0.000 	  0.140
6 	 16 	  0.103 	 -0.000 	  0.140
6 	 17 	  0.099 	 -0.000 	  0.134
6 	 18 	  0.091 	 -0.000 	  0.123
6 	 19 	  0.079 	 -0.000 	  0.106
6 	 20 	  0.064 	 -0.000 	  0.086
6 	 21 	  0.046 	 -0.000 	  0.062
6 	 22 	  0.026 	 -0.000 	  0.035
6 	 23 	  0.005 	 -0.000 	  0.007
6 	 24 	 -0.016 	 -0.000 	 -0.021
6 	 25 	 -0.036 	 -0.000 	 -0.049
6 	 26 	 -0.055 	 -0.000 	 -0.074
6 	 27 	 -0.072 	 -0.000 	 -0.097
6 	 28 	 -0.085 	 -0.000 	 -0.115
6 	 29 	 -0.095 	 -0.000 	 -0.129
6 	 30 	 -0.102 	 -0.000 	 -0.137

7 	 0 	 -0.045 	  0.000 	 -0.148
7 	 1 	 -0.044 	  0.000 	 -0.145
7 	 2 	 -0.042 	  0.000 	 -0.136
7 	 3 	 -0.037 	  0.000 	 -0.121
7 	 4 	 -0.031 	  0.000 	 -0.102
7 	 5 	 -0.024 	  0.000 	 -0.078
7 	 6 	 -0.016 	  0.000 	 -0.051
7 	 7 	 -0.007 	  0.000 	 -0.022
7 	 8 	  0.002 	  0.000 	  0.007
7 	 9 	  0.011 	  0.000 	  0.037
7 	 10 	  0.020 	  0.000 	  0.065
7 	 11 	  0.028 	  0.000 	  0.090
7 	 12 	  0.034 	  0.000 	  0.112
7 	 13 	  0.040 	  0.000 	  0.129
7 	 14 	  0.043 	  0.000 	  0.141
7 	 15 	  0.045 	  0.000 	  0.147
7 	 16 	  0.045 	 -0.000 	  0.147
7 	 17 	  0.043 	 -0.000 	  0.141
7 	 18 	  0.040 	 -0.000 	  0.129
7 	 19 	  0.034 	 -0.000 	  0.112
7 	 20 	  0.028 	 -0.000 	  0.090
7 	 21 	  0.020 	 -0.000 	  0.065
7 	 22 	  0.011 	 -0.000 	  0.037
7 	 23 	  0.002 	 -0.000 	  0.007
7 	 24 	 -0.007 	 -0.000 	 -0.022
7 	 25 	 -0.016 	 -0.000 	 -0.051
7 	 26 	 -0.024 	 -0.000 	 -0.078
7 	 27 	 -0.031 	 -0.000 	 -0.102
7 	 28 	 -0.037 	 -0.000 	 -0.121
7 	 29 	 -0.042 	 -0.000 	 -0.136
7 	 30 	 -0.044 	 -0.000 	 -0.145

8 	 0 	  0.015 	 -0.000 	 -0.149
8 	 1 	  0.015 	 -0.000 	 -0.146
8 	 2 	  0.014 	 -0.000 	 -0.137
8 	 3 	  0.012 	 -0.000 	 -0.123
8 	 4 	  0.010 	 -0.000 	 -0.103
8 	 5 	  0.008 	 -0.000 	 -0.079
8 	 6 	  0.005 	 -0.000 	 -0.052
8 	 7 	  0.002 	 -0.000 	 -0.023
8 	 8 	 -0.001 	 -0.000 	  0.008
8 	 9 	 -0.004 	 -0.000 	  0.037
8 	 10 	 -0.007 	 -0.000 	  0.066
8 	 11 	 -0.009 	 -0.000 	  0.091
8 	 12 	 -0.011 	 -0.000 	  0.113
8 	 13 	 -0.013 	 -0.000 	  0.131
8 	 14 	 -0.014 	 -0.000 	  0.143
8 	 15 	 -0.015 	 -0.000 	  0.149
8 	 16 	 -0.015 	  0.000 	  0.149
8 	 17 	 -0.014 	  0.000 	  0.143
8 	 18 	 -0.013 	  0.000 	  0.131
8 	 19 	 -0.011 	  0.000 	  0.113
8 	 20 	 -0.009 	  0.000 	  0.091
8 	 21 	 -0.007 	  0.000 	  0.066
8 	 22 	 -0.004 	  0.000 	  0.037
8 	 23 	 -0.001 	  0.000 	  0.008
8 	 24 	  0.002 	  0.000 	 -0.023
8 	 25 	  0.005 	  0.000 	 -0.052
8 	 26 	  0.008 	  0.000 	 -0.079
8 	 27 	  0.010 	  0.000 	 -0.103
8 	 28 	  0.012 	  0.000 	 -0.123
8 	 29 	  0.014 	  0.000 	 -0.137
8 	 30 	  0.015 	  0.000 	 -0.146

9 	 0 	  0.075 	 -0.000 	 -0.145
9 	 1 	  0.073 	 -0.000 	 -0.142
9 	 2 	  0.069 	 -0.000 	 -0.133
9 	 3 	  0.062 	 -0.000 	 -0.119
9 	 4 	  0.052 	 -0.000 	 -0.100
9 	 5 	  0.040 	 -0.000 	 -0.077
9 	 6 	  0.026 	 -0.000 	 -0.050
9 	 7 	  0.011 	 -0.000 	 -0.022
9 	 8 	 -0.004 	 -0.000 	  0.007
9 	 9 	 -0.019 	 -0.000 	  0.036
9 	 10 	 -0.033 	 -0.000 	  0.064
9 	 11 	 -0.046 	 -0.000 	  0.089
9 	 12 	 -0.057 	 -0.000 	  0.110
9 	 13 	 -0.066 	 -0.000 	  0.127
9 	 14 	 -0.072 	 -0.000 	  0.138
9 	 15 	 -0.075 	 -0.000 	  0.144
9 	 16 	 -0.075 	  0.000 	  0.144
9 	 17 	 -0.072 	  0.000 	  0.138
9 	 18 	 -0.066 	  0.000 	  0.127
9 	 19 	 -0.057 	  0.000 	  0.110
9 	 20 	 -0.046 	  0.000 	  0.089
9 	 21 	 -0.033 	  0.000 	  0.064
9 	 22 	 -0.019 	  0.000 	  0.036
9 	 23 	 -0.004 	  0.000 	  0.007
9 	 24 	  0.011 	  0.000 	 -0.022
9 	 25 	  0.026 	  0.000 	 -0.050
9 	 26 	  0.040 	  0.000 	 -0.077
9 	 27 	  0.052 	  0.000 	 -0.100
9 	 28 	  0.062 	  0.000 	 -0.119
9 	 29 	  0.069 	  0.000 	 -0.133
9 	 30 	  0.073 	  0.000 	 -0.142

10 	 0 	  0.132 	 -0.000 	 -0.134
10 	 1 	  0.129 	 -0.000 	 -0.132
10 	 2 	  0.121 	 -0.000 	 -0.123
10 	 3 	  0.108 	 -0.000 	 -0.110
10 	 4 	  0.091 	 -0.000 	 -0.093
10 	 5 	  0.070 	 -0.000 	 -0.071
10 	 6 	  0.046 	 -0.000 	 -0.047
10 	 7 	  0.020 	 -0.000 	 -0.020
10 	 8 	 -0.007 	 -0.000 	  0.007
10 	 9 	 -0.033 	 -0.000 	  0.034
10 	 10 	 -0.058 	 -0.000 	  0.059
10 	 11 	 -0.081 	 -0.000 	  0.082
10 	 12 	 -0.100 	 -0.000 	  0.102
10 	 13 	 -0.115 	 -0.000 	  0.117
10 	 14 	 -0.126 	 -0.000 	  0.128
10 	 15 	 -0.131 	 -0.000 	  0.134
10 	 16 	 -0.131 	  0.000 	  0.134
10 	 17 	 -0.126 	  0.000 	  0.128
10 	 18 	 -0.115 	  0.000 	  0.117
10 	 19 	 -0.100 	  0.000 	  0.102
10 	 20 	 -0.081 	  0.000 	  0.082
10 	 21 	 -0.058 	  0.000 	  0.059
10 	 22 	 -0.033 	  0.000 	  0.034
10 	 23 	 -0.007 	  0.000 	  0.007
10 	 24 	  0.020 	  0.000 	 -0.020
10 	 25 	  0.046 	  0.000 	 -0.047
10 	 26 	  0.070 	  0.000 	 -0.071
10 	 27 	  0.091 	  0.000 	 -0.093
10 	 28 	  0.108 	  0.000 	 -0.110
10 	 29 	  0.121 	  0.000 	 -0.123
10 	 30 	  0.129 	  0.000 	 -0.132

11 	 0 	  0.183 	 -0.000 	 -0.118
11 	 1 	  0.179 	 -0.000 	 -0.116
11 	 2 	  0.168 	 -0.000 	 -0.109
11 	 3 	  0.150 	 -0.000 	 -0.097
11 	 4 	  0.126 	 -0.000 	 -0.081
11 	 5 	  0.097 	 -0.000 	 -0.063
11 	 6 	  0.064 	 -0.000 	 -0.041
11 	 7 	  0.028 	 -0.000 	 -0.018
11 	 8 	 -0.009 	 -0.000 	  0.006
11 	 9 	 -0.046 	 -0.000 	  0.030
11 	 10 	 -0.081 	 -0.000 	  0.052
11 	 11 	 -0.112 	 -0.000 	  0.072
11 	 12 	 -0.139 	 -0.000 	  0.090
11 	 13 	 -0.160 	 -0.000 	  0.103
11 	 14 	 -0.175 	 -0.000 	  0.113
11 	 15 	 -0.182 	 -0.000 	  0.118
11 	 16 	 -0.182 	  0.000 	  0.118
11 	 17 	 -0.175 	  0.000 	  0.113
11 	 18 	 -0.160 	  0.000 	  0.103
11 	 19 	 -0.139 	  0.000 	  0.090
11 	 20 	 -0.112 	  0.000 	  0.072
11 	 21 	 -0.081 	  0.000 	  0.052
11 	 22 	 -0.046 	  0.000 	  0.030
11 	 23 	 -0.009 	  0.000 	  0.006
11 	 24 	  0.028 	  0.000 	 -0.018
11 	 25 	  0.064 	  0.000 	 -0.041
11 	 26 	  0.097 	  0.000 	 -0.063
11 	 27 	  0.126 	  0.000 	 -0.081
11 	 28 	  0.150 	  0.000 	 -0.097
11 	 29 	  0.168 	  0.000 	 -0.109
11 	 30 	  0.179 	  0.000 	 -0.116

12 	 0 	  0.227 	 -0.000 	 -0.097
12 	 1 	  0.222 	 -0.000 	 -0.095
12 	 2 	  0.209 	 -0.000 	 -0.090
12 	 3 	  0.186 	 -0.000 	 -0.080
12 	 4 	  0.156 	 -0.000 	 -0.067
12 	 5 	  0.120 	 -0.000 	 -0.052
12 	 6 	  0.079 	 -0.000 	 -0.034
12 	 7 	  0.034 	 -0.000 	 -0.015
12 	 8 	 -0.011 	 -0.000 	  0.005
12 	 9 	 -0.057 	 -0.000 	  0.024
12 	 10 	 -0.100 	 -0.000 	  0.043
12 	 11 	 -0.139 	 -0.000 	  0.060
12 	 12 	 -0.172 	 -0.000 	  0.074
12 	 13 	 -0.198 	 -0.000 	  0.085
12 	 14 	 -0.217 	 -0.000 	  0.093
12 	 15 	 -0.226 	 -0.000 	  0.097
12 	 16 	 -0.226 	  0.000 	  0.097
12 	 17 	 -0.217 	  0.000 	  0.093
12 	 18 	 -0.198 	  0.000 	  0.085
12 	 19 	 -0.172 	  0.000 	  0.074
12 	 20 	 -0.139 	  0.000 	  0.060
12 	 21 	 -0.100 	  0.000 	  0.043
12 	 22 	 -0.057 	  0.000 	  0.024
12 	 23 	 -0.011 	  0.000 	  0.005
12 	 24 	  0.034 	  0.000 	 -0.015
12 	 25 	  0.079 	  0.000 	 -0.034
12 	 26 	  0.120 	  0.000 	 -0.052
12 	 27 	  0.156 	  0.000 	 -0.067
12 	 28 	  0.186 	  0.000 	 -0.080
12 	 29 	  0.209 	  0.000 	 -0.090
12 	 30 	  0.222 	  0.000 	 -0.095

13 	 0 	  0.262 	 -0.000 	 -0.073
13 	 1 	  0.256 	 -0.000 	 -0.071
13 	 2 	  0.240 	 -0.000 	 -0.067
13 	 3 	  0.215 	 -0.000 	 -0.060
13 	 4 	  0.180 	 -0.000 	 -0.050
13 	 5 	  0.138 	 -0.000 	 -0.038
13 	 6 	  0.091 	 -0.000 	 -0.025
13 	 7 	  0.040 	 -0.000 	 -0.011
13 	 8 	 -0.013 	 -0.000 	  0.004
13 	 9 	 -0.066 	 -0.000 	  0.018
13 	 10 	 -0.115 	 -0.000 	  0.032
13 	 11 	 -0.160 	 -0.000 	  0.044
13 	 12 	 -0.198 	 -0.000 	  0.055
13 	 13 	 -0.229 	 -0.000 	  0.063
13 	 14 	 -0.250 	 -0.000 	  0.069
13 	 15 	 -0.260 	 -0.000 	  0.072
13 	 16 	 -0.260 	  0.000 	  0.072
13 	 17 	 -0.250 	  0.000 	  0.069
13 	 18 	 -0.229 	  0.000 	  0.063
13 	 19 	 -0.198 	  0.000 	  0.055
13 	 20 	 -0.160 	  0.000 	  0.044
13 	 21 	 -0.115 	  0.000 	  0.032
13 	 22 	 -0.066 	  0.000 	  0.018
13 	 23 	 -0.013 	  0.000 	  0.004
13 	 24 	  0.040 	  0.000 	 -0.011
13 	 25 	  0.091 	  0.000 	 -0.025
13 	 26 	  0.138 	  0.000 	 -0.038
13 	 27 	  0.180 	  0.000 	 -0.050
13 	 28 	  0.215 	  0.000 	 -0.060
13 	 29 	  0.240 	  0.000 	 -0.067
13 	 30 	  0.256 	  0.000 	 -0.071

14 	 0 	  0.285 	 -0.000 	 -0.045
14 	 1 	  0.280 	 -0.000 	 -0.044
14 	 2 	  0.262 	 -0.000 	 -0.041
14 	 3 	  0.234 	 -0.000 	 -0.037
14 	 4 	  0.197 	 -0.000 	 -0.031
14 	 5 	  0.151 	 -0.000 	 -0.024
14 	 6 	  0.099 	 -0.000 	 -0.016
14 	 7 	  0.043 	 -0.000 	 -0.007
14 	 8 	 -0.014 	 -0.000 	  0.002
14 	 9 	 -0.072 	 -0.000 	  0.011
14 	 10 	 -0.126 	 -0.000 	  0.020
14 	 11 	 -0.175 	 -0.000 	  0.027
14 	 12 	 -0.217 	 -0.000 	  0.034
14 	 13 	 -0.250 	 -0.000 	  0.039
14 	 14 	 -0.272 	 -0.000 	  0.043
14 	 15 	 -0.284 	 -0.000 	  0.045
14 	 16 	 -0.284 	  0.000 	  0.045
14 	 17 	 -0.272 	  0.000 	  0.043
14 	 18 	 -0.250 	  0.000 	  0.039
14 	 19 	 -0.217 	  0.000 	  0.034
14 	 20 	 -0.175 	  0.000 	  0.027
14 	 21 	 -0.126 	  0.000 	  0.020
14 	 22 	 -0.072 	  0.000 	  0.011
14 	 23 	 -0.014 	  0.000 	  0.002
14 	 24 	  0.043 	  0.000 	 -0.007
14 	 25 	  0.099 	  0.000 	 -0.016
14 	 26 	  0.151 	  0.000 	 -0.024
14 	 27 	  0.197 	  0.000 	 -0.031
14 	 28 	  0.234 	  0.000 	 -0.037
14 	 29 	  0.262 	  0.000 	 -0.041
14 	 30 	  0.280 	  0.000 	 -0.044

15 	 0 	  0.298 	 -0.000 	 -0.015
15 	 1 	  0.292 	 -0.000 	 -0.015
15 	 2 	  0.273 	 -0.000 	 -0.014
15 	 3 	  0.244 	 -0.000 	 -0.012
15 	 4 	  0.205 	 -0.000 	 -0.010
15 	 5 	  0.157 	 -0.000 	 -0.008
15 	 6 	  0.103 	 -0.000 	 -0.005
15 	 7 	  0.045 	 -0.000 	 -0.002
15 	 8 	 -0.015 	 -0.000 	  0.001
15 	 9 	 -0.075 	 -0.000 	  0.004
15 	 10 	 -0.131 	 -0.000 	  0.007
15 	 11 	 -0.182 	 -0.000 	  0.009
15 	 12 	 -0.226 	 -0.000 	  0.011
15 	 13 	 -0.260 	 -0.000 	  0.013
15 	 14 	 -0.284 	 -0.000 	  0.014
15 	 15 	 -0.296 	 -0.000 	  0.015
15 	 16 	 -0.296 	  0.000 	  0.015
15 	 17 	 -0.284 	  0.000 	  0.014
15 	 18 	 -0.260 	  0.000 	  0.013
15 	 19 	 -0.226 	  0.000 	  0.011
15 	 20 	 -0.182 	  0.000 	  0.009
15 	 21 	 -0.131 	  0.000 	  0.007
15 	 22 	 -0.075 	  0.000 	  0.004
15 	 23 	 -0.015 	  0.000 	  0.001
15 	 24 	  0.045 	  0.000 	 -0.002
15 	 25 	  0.103 	  0.000 	 -0.005
15 	 26 	  0.157 	  0.000 	 -0.008
15 	 27 	  0.205 	  0.000 	 -0.010
15 	 28 	  0.244 	  0.000 	 -0.012
15 	 29 	  0.273 	  0.000 	 -0.014
15 	 30 	  0.292 	  0.000 	 -0.015

16 	 0 	  0.298 	 -0.000 	  0.015
16 	 1 	  0.292 	 -0.000 	  0.015
16 	 2 	  0.273 	 -0.000 	  0.014
16 	 3 	  0.244 	 -0.000 	  0.012
16 	 4 	  0.205 	 -0.000 	  0.010
16 	 5 	  0.157 	 -0.000 	  0.008
16 	 6 	  0.103 	 -0.000 	  0.005
16 	 7 	  0.045 	 -0.000 	  0.002
16 	 8 	 -0.015 	 -0.000 	 -0.001
16 	 9 	 -0.075 	 -0.000 	 -0.004
16 	 10 	 -0.131 	 -0.000 	 -0.007
16 	 11 	 -0.182 	 -0.000 	 -0.009
16 	 12 	 -0.226 	 -0.000 	 -0.011
16 	 13 	 -0.260 	 -0.000 	 -0.013
16 	 14 	 -0.284 	 -0.000 	 -0.014
16 	 15 	 -0.296 	 -0.000 	 -0.015
16 	 16 	 -0.296 	  0.000 	 -0.015
16 	 17 	 -0.284 	  0.000 	 -0.014
16 	 18 	 -0.260 	  0.000 	 -0.013
16 	 19 	 -0.226 	  0.000 	 -0.011
16 	 20 	 -0.182 	  0.000 	 -0.009
16 	 21 	 -0.131 	  0.000 	 -0.007
16 	 22 	 -0.075 	  0.000 	 -0.004
16 	 23 	 -0.015 	  0.000 	 -0.001
16 	 24 	  0.045 	  0.000 	  0.002
16 	 25 	  0.103 	  0.000 	  0.005
16 	 26 	  0.157 	  0.000 	  0.008
16 	 27 	  0.205 	  0.000 	  0.010
16 	 28 	  0.244 	  0.000 	  0.012
16 	 29 	  0.273 	  0.000 	  0.014
16 	 30 	  0.292 	  0.000 	  0.015

17 	 0 	  0.285 	 -0.000 	  0.045
17 	 1 	  0.280 	 -0.000 	  0.044
17 	 2 	  0.262 	 -0.000 	  0.041
17 	 3 	  0.234 	 -0.000 	  0.037
17 	 4 	  0.197 	 -0.000 	  0.031
17 	 5 	  0.151 	 -0.000 	  0.024
17 	 6 	  0.099 	 -0.000 	  0.016
17 	 7 	  0.043 	 -0.000 	  0.007
17 	 8 	 -0.014 	 -0.000 	 -0.002
17 	 9 	 -0.072 	 -0.000 	 -0.011
17 	 10 	 -0.126 	 -0.000 	 -0.020
17 	 11 	 -0.175 	 -0.000 	 -0.027
17 	 12 	 -0.217 	 -0.000 	 -0.034
17 	 13 	 -0.250 	 -0.000 	 -0.039
17 	 14 	 -0.272 	 -0.000 	 -0.043
17 	 15 	 -0.284 	 -0.000 	 -0.045
17 	 16 	 -0.284 	  0.000 	 -0.045
17 	 17 	 -0.272 	  0.000 	 -0.043
17 	 18 	 -0.250 	  0.000 	 -0.039
17 	 19 	 -0.217 	  0.000 	 -0.034
17 	 20 	 -0.175 	  0.000 	 -0.027
17 	 21 	 -0.126 	  0.000 	 -0.020
17 	 22 	 -0.072 	  0.000 	 -0.011
17 	 23 	 -0.014 	  0.000 	 -0.002
17 	 24 	  0.043 	  0.000 	  0.007
17 	 25 	  0.099 	  0.000 	  0.016
17 	 26 	  0.151 	  0.000 	  0.024
17 	 27 	  0.197 	  0.000 	  0.031
17 	 28 	  0.234 	  0.000 	  0.037
17 	 29 	  0.262 	  0.000 	  0.041
17 	 30 	  0.280 	  0.000 	  0.044

18 	 0 	  0.262 	 -0.000 	  0.073
18 	 1 	  0.256 	 -0.000 	  0.071
18 	 2 	  0.240 	 -0.000 	  0.067
18 	 3 	  0.215 	 -0.000 	  0.060
18 	 4 	  0.180 	 -0.000 	  0.050
18 	 5 	  0.138 	 -0.000 	  0.038
18 	 6 	  0.091 	 -0.000 	  0.025
18 	 7 	  0.040 	 -0.000 	  0.011
18 	 8 	 -0.013 	 -0.000 	 -0.004
18 	 9 	 -0.066 	 -0.000 	 -0.018
18 	 10 	 -0.115 	 -0.000 	 -0.032
18 	 11 	 -0.160 	 -0.000 	 -0.044
18 	 12 	 -0.198 	 -0.000 	 -0.055
18 	 13 	 -0.229 	 -0.000 	 -0.063
18 	 14 	 -0.250 	 -0.000 	 -0.069
18 	 15 	 -0.260 	 -0.000 	 -0.072
18 	 16 	 -0.260 	  0.000 	 -0.072
18 	 17 	 -0.250 	  0.000 	 -0.069
18 	 18 	 -0.229 	  0.000 	 -0.063
18 	 19 	 -0.198 	  0.000 	 -0.055
18 	 20 	 -0.160 	  0.000 	 -0.044
18 	 21 	 -0.115 	  0.000 	 -0.032
18 	 22 	 -0.066 	  0.000 	 -0.018
18 	 23 	 -0.013 	  0.000 	 -0.004
18 	 24 	  0.040 	  0.000 	  0.011
18 	 25 	  0.091 	  0.000 	  0.025
18 	 26 	  0.138 	  0.000 	  0.038
18 	 27 	  0.180 	  0.000 	  0.050
18 	 28 	  0.215 	  0.000 	  0.060
18 	 29 	  0.240 	  0.000 	  0.067
18 	 30 	  0.256 	  0.000 	  0.071

19 	 0 	  0.227 	 -0.000 	  0.097
19 	 1 	  0.222 	 -0.000 	  0.095
19 	 2 	  0.209 	 -0.000 	  0.090
19 	 3 	  0.186 	 -0.000 	  0.080
19 	 4 	  0.156 	 -0.000 	  0.067
19 	 5 	  0.120 	 -0.000 	  0.052
19 	 6 	  0.079 	 -0.000 	  0.034
19 	 7 	  0.034 	 -0.000 	  0.015
19 	 8 	 -0.011 	 -0.000 	 -0.005
19 	 9 	 -0.057 	 -0.000 	 -0.024
19 	 10 	 -0.100 	 -0.000 	 -0.043
19 	 11 	 -0.139 	 -0.000 	 -0.060
19 	 12 	 -0.172 	 -0.000 	 -0.074
19 	 13 	 -0.198 	 -0.000 	 -0.085
19 	 14 	 -0.217 	 -0.000 	 -0.093
19 	 15 	 -0.226 	 -0.000 	 -0.097
19 	 16 	 -0.226 	  0.000 	 -0.097
19 	 17 	 -0.217 	  0.000 	 -0.093
19 	 18 	 -0.198 	  0.000 	 -0.085
19 	 19 	 -0.172 	  0.000 	 -0.074
19 	 20 	 -0.139 	  0.000 	 -0.060
19 	 21 	 -0.100 	  0.000 	 -0.043
19 	 22 	 -0.057 	  0.000 	 -0.024
19 	 23 	 -0.011 	  0.000 	 -0.005
19 	 24 	  0.034 	  0.000 	  0.015
19 	 25 	  0.079 	  0.000 	  0.034
19 	 26 	  0.120 	  0.000 	  0.052
19 	 27 	  0.156 	  0.000 	  0.067
19 	 28 	  0.186 	  0.000 	  0.080
19 	 29 	  0.209 	  0.000 	  0.090
19 	 30 	  0.222 	  0.000 	  0.095

20 	 0 	  0.183 	 -0.000 	  0.118
20 	 1 	  0.179 	 -0.000 	  0.116
20 	 2 	  0.168 	 -0.000 	  0.109
20 	 3 	  0.150 	 -0.000 	  0.097
20 	 4 	  0.126 	 -0.000 	  0.081
20 	 5 	  0.097 	 -0.000 	  0.063
20 	 6 	  0.064 	 -0.000 	  0.041
20 	 7 	  0.028 	 -0.000 	  0.018
20 	 8 	 -0.009 	 -0.000 	 -0.006
20 	 9 	 -0.046 	 -0.000 	 -0.030
20 	 10 	 -0.081 	 -0.000 	 -0.052
20 	 11 	 -0.112 	 -0.000 	 -0.072
20 	 12 	 -0.139 	 -0.000 	 -0.090
20 	 13 	 -0.160 	 -0.000 	 -0.103
20 	 14 	 -0.175 	 -0.000 	 -0.113
20 	 15 	 -0.182 	 -0.000 	 -0.118
20 	 16 	 -0.182 	  0.000 	 -0.118
20 	 17 	 -0.175 	  0.000 	 -0.113
20 	 18 	 -0.160 	  0.000 	 -0.103
20 	 19 	 -0.139 	  0.000 	 -0.090
20 	 20 	 -0.112 	  0.000 	 -0.072
20 	 21 	 -0.081 	  0.000 	 -0.052
20 	 22 	 -0.046 	  0.000 	 -0.030
20 	 23 	 -0.009 	  0.000 	 -0.006
20 	 24 	  0.028 	  0.000 	  0.018
20 	 25 	  0.064 	  0.000 	  0.041
20 	 26 	  0.097 	  0.000 	  0.063
20 	 27 	  0.126 	  0.000 	  0.081
20 	 28 	  0.150 	  0.000 	  0.097
20 	 29 	  0.168 	  0.000 	  0.109
20 	 30 	  0.179 	  0.000 	  0.116

21 	 0 	  0.132 	 -0.000 	  0.134
21 	 1 	  0.129 	 -0.000 	  0.132
21 	 2 	  0.121 	 -0.000 	  0.123
21 	 3 	  0.108 	 -0.000 	  0.110
21 	 4 	  0.091 	 -0.000 	  0.093
21 	 5 	  0.070 	 -0.000 	  0.071
21 	 6 	  0.046 	 -0.000 	  0.047
21 	 7 	  0.020 	 -0.000 	  0.020
21 	 8 	 -0.007 	 -0.000 	 -0.007
21 	 9 	 -0.033 	 -0.000 	 -0.034
21 	 10 	 -0.058 	 -0.000 	 -0.059
21 	 11 	 -0.081 	 -0.000 	 -0.082
21 	 12 	 -0.100 	 -0.000 	 -0.102
21 	 13 	 -0.115 	 -0.000 	 -0.117
21 	 14 	 -0.126 	 -0.000 	 -0.128
21 	 15 	 -0.131 	 -0.000 	 -0.134
21 	 16 	 -0.131 	  0.000 	 -0.134
21 	 17 	 -0.126 	  0.000 	 -0.128
21 	 18 	 -0.115 	  0.000 	 -0.117
21 	 19 	 -0.100 	  0.000 	 -0.102
21 	 20 	 -0.081 	  0.000 	 -0.082
21 	 21 	 -0.058 	  0.000 	 -0.059
21 	 22 	 -0.033 	  0.000 	 -0.034
21 	 23 	 -0.007 	  0.000 	 -0.007
21 	 24 	  0.020 	  0.000 	  0.020
21 	 25 	  0.046 	  0.000 	  0.047
21 	 26 	  0.070 	  0.000 	  0.071
21 	 27 	  0.091 	  0.000 	  0.093
21 	 28 	  0.108 	  0.000 	  0.110
21 	 29 	  0.121 	  0.000 	  0.123
21 	 30 	  0.129 	  0.000 	  0.132

22 	 0 	  0.075 	 -0.000 	  0.145
22 	 1 	  0.073 	 -0.000 	  0.142
22 	 2 	  0.069 	 -0.000 	  0.133
22 	 3 	  0.062 	 -0.000 	  0.119
22 	 4 	  0.052 	 -0.000 	  0.100
22 	 5 	  0.040 	 -0.000 	  0.077
22 	 6 	  0.026 	 -0.000 	  0.050
22 	 7 	  0.011 	 -0.000 	  0.022
22 	 8 	 -0.004 	 -0.000 	 -0.007
22 	 9 	 -0.019 	 -0.000 	 -0.036
22 	 10 	 -0.033 	 -0.000 	 -0.064
22 	 11 	 -0.046 	 -0.000 	 -0.089
22 	 12 	 -0.057 	 -0.000 	 -0.110
22 	 13 	 -0.066 	 -0.000 	 -0.127
22 	 14 	 -0.072 	 -0.000 	 -0.138
22 	 15 	 -0.075 	 -0.000 	 -0.144
22 	 16 	 -0.075 	  0.000 	 -0.144
22 	 17 	 -0.072 	  0.000 	 -0.138
22 	 18 	 -0.066 	  0.000 	 -0.127
22 	 19 	 -0.057 	  0.000 	 -0.110
22 	 20 	 -0.046 	  0.000 	 -0.089
22 	 21 	 -0.033 	  0.000 	 -0.064
22 	 22 	 -0.019 	  0.000 	 -0.036
22 	 23 	 -0.004 	  0.000 	 -0.007
22 	 24 	  0.011 	  0.000 	  0.022
22 	 25 	  0.026 	  0.000 	  0.050
22 	 26 	  0.040 	  0.000 	  0.077
22 	 27 	  0.052 	  0.000 	  0.100
22 	 28 	  0.062 	  0.000 	  0.119
22 	 29 	  0.069 	  0.000 	  0.133
22 	 30 	  0.073 	  0.000 	  0.142

23 	 0 	  0.015 	 -0.000 	  0.149
23 	 1 	  0.015 	 -0.000 	  0.146
23 	 2 	  0.014 	 -0.000 	  0.137
23 	 3 	  0.012 	 -0.000 	  0.123
23 	 4 	  0.010 	 -0.000 	  0.103
23 	 5 	  0.008 	 -0.000 	  0.079
23 	 6 	  0.005 	 -0.000 	  0.052
23 	 7 	  0.002 	 -0.000 	  0.023
23 	 8 	 -0.001 	 -0.000 	 -0.008
23 	 9 	 -0.004 	 -0.000 	 -0.037
23 	 10 	 -0.007 	 -0.000 	 -0.066
23 	 11 	 -0.009 	 -0.000 	 -0.091
23 	 12 	 -0.011 	 -0.000 	 -0.113
23 	 13 	 -0.013 	 -0.000 	 -0.131
23 	 14 	 -0.014 	 -0.000 	 -0.143
23 	 15 	 -0.015 	 -0.000 	 -0.149
23 	 16 	 -0.015 	  0.000 	 -0.149
23 	 17 	 -0.014 	  0.000 	 -0.143
23 	 18 	 -0.013 	  0.000 	 -0.131
23 	 19 	 -0.011 	  0.000 	 -0.113
23 	 20 	 -0.009 	  0.000 	 -0.091
23 	 21 	 -0.007 	  0.000 	 -0.066
23 	 22 	 -0.004 	  0.000 	 -0.037
23 	 23 	 -0.001 	  0.000 	 -0.008
23 	 24 	  0.002 	  0.000 	  0.023
23 	 25 	  0.005 	  0.000 	  0.052
23 	 26 	  0.008 	  0.000 	  0.079
23 	 27 	  0.010 	  0.000 	  0.103
23 	 28 	  0.012 	  0.000 	  0.123
23 	 29 	  0.014 	  0.000 	  0.137
23 	 30 	  0.015 	  0.000 	  0.146

24 	 0 	 -0.045 	  0.000 	  0.148
24 	 1 	 -0.044 	  0.000 	  0.145
24 	 2 	 -0.042 	  0.000 	  0.136
24 	 3 	 -0.037 	  0.000 	  0.121
24 	 4 	 -0.031 	  0.000 	  0.102
24 	 5 	 -0.024 	  0.000 	  0.078
24 	 6 	 -0.016 	  0.000 	  0.051
24 	 7 	 -0.007 	  0.000 	  0.022
24 	 8 	  0.002 	  0.000 	 -0.007
24 	 9 	  0.011 	  0.000 	 -0.037
24 	 10 	  0.020 	  0.000 	 -0.065
24 	 11 	  0.028 	  0.000 	 -0.090
24 	 12 	  0.034 	  0.000 	 -0.112
24 	 13 	  0.040 	  0.000 	 -0.129
24 	 14 	  0.043 	  0.000 	 -0.141
24 	 15 	  0.045 	  0.000 	 -0.147
24 	 16 	  0.045 	 -0.000 	 -0.147
24 	 17 	  0.043 	 -0.000 	 -0.141
24 	 18 	  0.040 	 -0.000 	 -0.129
24 	 19 	  0.034 	 -0.000 	 -0.112
24 	 20 	  0.028 	 -0.000 	 -0.090
24 	 21 	  0.020 	 -0.000 	 -0.065
24 	 22 	  0.011 	 -0.000 	 -0.037
24 	 23 	  0.002 	 -0.000 	 -0.007
24 	 24 	 -0.007 	 -0.000 	  0.022
24 	 25 	 -0.016 	 -0.000 	  0.051
24 	 26 	 -0.024 	 -0.000 	  0.078
24 	 27 	 -0.031 	 -0.000 	  0.102
24 	 28 	 -0.037 	 -0.000 	  0.121
24 	 29 	 -0.042 	 -0.000 	  0.136
24 	 30 	 -0.044 	 -0.000 	  0.145

25 	 0 	 -0.104 	  0.000 	  0.140
25 	 1 	 -0.102 	  0.000 	  0.137
25 	 2 	 -0.095 	  0.000 	  0.129
25 	 3 	 -0.085 	  0.000 	  0.115
25 	 4 	 -0.072 	  0.000 	  0.097
25 	 5 	 -0.055 	  0.000 	  0.074
25 	 6 	 -0.036 	  0.000 	  0.049
25 	 7 	 -0.016 	  0.000 	  0.021
25 	 8 	  0.005 	  0.000 	 -0.007
25 	 9 	  0.026 	  0.000 	 -0.035
25 	 10 	  0.046 	  0.000 	 -0.062
25 	 11 	  0.064 	  0.000 	 -0.086
25 	 12 	  0.079 	  0.000 	 -0.106
25 	 13 	  0.091 	  0.000 	 -0.123
25 	 14 	  0.099 	  0.000 	 -0.134
25 	 15 	  0.103 	  0.000 	 -0.140
25 	 16 	  0.103 	 -0.000 	 -0.140
25 	 17 	  0.099 	 -0.000 	 -0.134
25 	 18 	  0.091 	 -0.000 	 -0.123
25 	 19 	  0.079 	 -0.000 	 -0.106
25 	 20 	  0.064 	 -0.000 	 -0.086
25 	 21 	  0.046 	 -0.000 	 -0.062
25 	 22 	  0.026 	 -0.000 	 -0.035
25 	 23 	  0.005 	 -0.000 	 -0.007
25 	 24 	 -0.016 	 -0.000 	  0.021
25 	 25 	 -0.036 	 -0.000 	  0.049
25 	 26 	 -0.055 	 -0.000 	  0.074
25 	 27 	 -0.072 	 -0.000 	  0.097
25 	 28 	 -0.085 	 -0.000 	  0.115
25 	 29 	 -0.095 	 -0.000 	  0.129
25 	 30 	 -0.102 	 -0.000 	  0.137

26 	 0 	 -0.158 	  0.000 	  0.127
26 	 1 	 -0.155 	  0.000 	  0.124
26 	 2 	 -0.145 	  0.000 	  0.117
26 	 3 	 -0.130 	  0.000 	  0.104
26 	 4 	 -0.109 	  0.000 	  0.087
26 	 5 	 -0.084 	  0.000 	  0.067
26 	 6 	 -0.055 	  0.000 	  0.044
26 	 7 	 -0.024 	  0.000 	  0.019
26 	 8 	  0.008 	  0.000 	 -0.006
26 	 9 	  0.040 	  0.000 	 -0.032
26 	 10 	  0.070 	  0.000 	 -0.056
26 	 11 	  0.097 	  0.000 	 -0.078
26 	 12 	  0.120 	  0.000 	 -0.096
26 	 13 	  0.138 	  0.000 	 -0.111
26 	 14 	  0.151 	  0.000 	 -0.121
26 	 15 	  0.157 	  0.000 	 -0.126
26 	 16 	  0.157 	 -0.000 	 -0.126
26 	 17 	  0.151 	 -0.000 	 -0.121
26 	 18 	  0.138 	 -0.000 	 -0.111
26 	 19 	  0.120 	 -0.000 	 -0.096
26 	 20 	  0.097 	 -0.000 	 -0.078
26 	 21 	  0.070 	 -0.000 	 -0.056
26 	 22 	  0.040 	 -0.000 	 -0.032
26 	 23 	  0.008 	 -0.000 	 -0.006
26 	 24 	 -0.024 	 -0.000 	  0.019
26 	 25 	 -0.055 	 -0.000 	  0.044
26 	 26 	 -0.084 	 -0.000 	  0.067
26 	 27 	 -0.109 	 -0.000 	  0.087
26 	 28 	 -0.130 	 -0.000 	  0.104
26 	 29 	 -0.145 	 -0.000 	  0.117
26 	 30 	 -0.155 	 -0.000 	  0.124

27 	 0 	 -0.206 	  0.000 	  0.108
27 	 1 	 -0.202 	  0.000 	  0.106
27 	 2 	 -0.189 	  0.000 	  0.100
27 	 3 	 -0.169 	  0.000 	  0.089
27 	 4 	 -0.142 	  0.000 	  0.075
27 	 5 	 -0.109 	  0.000 	  0.057
27 	 6 	 -0.072 	  0.000 	  0.038
27 	 7 	 -0.031 	  0.000 	  0.016
27 	 8 	  0.010 	  0.000 	 -0.005
27 	 9 	  0.052 	  0.000 	 -0.027
27 	 10 	  0.091 	  0.000 	 -0.048
27 	 11 	  0.126 	  0.000 	 -0.066
27 	 12 	  0.156 	  0.000 	 -0.082
27 	 13 	  0.180 	  0.000 	 -0.095
27 	 14 	  0.197 	  0.000 	 -0.103
27 	 15 	  0.205 	  0.000 	 -0.108
27 	 16 	  0.205 	 -0.000 	 -0.108
27 	 17 	  0.197 	 -0.000 	 -0.103
27 	 18 	  0.180 	 -0.000 	 -0.095
27 	 19 	  0.156 	 -0.000 	 -0.082
27 	 20 	  0.126 	 -0.000 	 -0.066
27 	 21 	  0.091 	 -0.000 	 -0.048
27 	 22 	  0.052 	 -0.000 	 -0.027
27 	 23 	  0.010 	 -0.000 	 -0.005
27 	 24 	 -0.031 	 -0.000 	  0.016
27 	 25 	 -0.072 	 -0.000 	  0.038
27 	 26 	 -0.109 	 -0.000 	  0.057
27 	 27 	 -0.142 	 -0.000 	  0.075
27 	 28 	 -0.169 	 -0.000 	  0.089
27 	 29 	 -0.189 	 -0.000 	  0.100
27 	 30 	 -0.202 	 -0.000 	  0.106

28 	 0 	 -0.246 	  0.000 	  0.085
28 	 1 	 -0.240 	  0.000 	  0.084
28 	 2 	 -0.226 	  0.000 	  0.079
28 	 3 	 -0.202 	  0.000 	  0.070
28 	 4 	 -0.169 	  0.000 	  0.059
28 	 5 	 -0.130 	  0.000 	  0.045
28 	 6 	 -0.085 	  0.000 	  0.030
28 	 7 	 -0.037 	  0.000 	  0.013
28 	 8 	  0.012 	  0.000 	 -0.004
28 	 9 	  0.062 	  0.000 	 -0.021
28 	 10 	  0.108 	  0.000 	 -0.038
28 	 11 	  0.150 	  0.000 	 -0.052
28 	 12 	  0.186 	  0.000 	 -0.065
28 	 13 	  0.215 	  0.000 	 -0.075
28 	 14 	  0.234 	  0.000 	 -0.082
28 	 15 	  0.244 	  0.000 	 -0.085
28 	 16 	  0.244 	 -0.000 	 -0.085
28 	 17 	  0.234 	 -0.000 	 -0.082
28 	 18 	  0.215 	 -0.000 	 -0.075
28 	 19 	  0.186 	 -0.000 	 -0.065
28 	 20 	  0.150 	 -0.000 	 -0.052
28 	 21 	  0.108 	 -0.000 	 -0.038
28 	 22 	  0.062 	 -0.000 	 -0.021
28 	 23 	  0.012 	 -0.000 	 -0.004
28 	 24 	 -0.037 	 -0.000 	  0.013
28 	 25 	 -0.085 	 -0.000 	  0.030
28 	 26 	 -0.130 	 -0.000 	  0.045
28 	 27 	 -0.169 	 -0.000 	  0.059
28 	 28 	 -0.202 	 -0.000 	  0.070
28 	 29 	 -0.226 	 -0.000 	  0.079
28 	 30 	 -0.240 	 -0.000 	  0.084

29 	 0 	 -0.275 	  0.000 	  0.059
29 	 1 	 -0.269 	  0.000 	  0.058
29 	 2 	 -0.253 	  0.000 	  0.054
29 	 3 	 -0.226 	  0.000 	  0.048
29 	 4 	 -0.189 	  0.000 	  0.041
29 	 5 	 -0.145 	  0.000 	  0.031
29 	 6 	 -0.095 	  0.000 	  0.020
29 	 7 	 -0.042 	  0.000 	  0.009
29 	 8 	  0.014 	  0.000 	 -0.003
29 	 9 	  0.069 	  0.000 	 -0.015
29 	 10 	  0.121 	  0.000 	 -0.026
29 	 11 	  0.168 	  0.000 	 -0.036
29 	 12 	  0.209 	  0.000 	 -0.045
29 	 13 	  0.240 	  0.000 	 -0.052
29 	 14 	  0.262 	  0.000 	 -0.056
29 	 15 	  0.273 	  0.000 	 -0.059
29 	 16 	  0.273 	 -0.000 	 -0.059
29 	 17 	  0.262 	 -0.000 	 -0.056
29 	 18 	  0.240 	 -0.000 	 -0.052
29 	 19 	  0.209 	 -0.000 	 -0.045
29 	 20 	  0.168 	 -0.000 	 -0.036
29 	 21 	  0.121 	 -0.000 	 -0.026
29 	 22 	  0.069 	 -0.000 	 -0.015
29 	 23 	  0.014 	 -0.000 	 -0.003
29 	 24 	 -0.042 	 -0.000 	  0.009
29 	 25 	 -0.095 	 -0.000 	  0.020
29 	 26 	 -0.145 	 -0.000 	  0.031
29 	 27 	 -0.189 	 -0.000 	  0.041
29 	 28 	 -0.226 	 -0.000 	  0.048
29 	 29 	 -0.253 	 -0.000 	  0.054
29 	 30 	 -0.269 	 -0.000 	  0.058

30 	 0 	 -0.293 	  0.000 	  0.030
30 	 1 	 -0.287 	  0.000 	  0.029
30 	 2 	 -0.269 	  0.000 	  0.028
30 	 3 	 -0.240 	  0.000 	  0.025
30 	 4 	 -0.202 	  0.000 	  0.021
30 	 5 	 -0.155 	  0.000 	  0.016
30 	 6 	 -0.102 	  0.000 	  0.010
30 	 7 	 -0.044 	  0.000 	  0.005
30 	 8 	  0.015 	  0.000 	 -0.002
30 	 9 	  0.073 	  0.000 	 -0.008
30 	 10 	  0.129 	  0.000 	 -0.013
30 	 11 	  0.179 	  0.000 	 -0.018
30 	 12 	  0.222 	  0.000 	 -0.023
30 	 13 	  0.256 	  0.000 	 -0.026
30 	 14 	  0.280 	  0.000 	 -0.029
30 	 15 	  0.292 	  0.000 	 -0.030
30 	 16 	  0.292 	 -0.000 	 -0.030
30 	 17 	  0.280 	 -0.000 	 -0.029
30 	 18 	  0.256 	 -0.000 	 -0.026
30 	 19 	  0.222 	 -0.000 	 -0.023
30 	 20 	  0.179 	 -0.000 	 -0.018
30 	 21 	  0.129 	 -0.000 	 -0.013
30 	 22 	  0.073 	 -0.000 	 -0.008
30 	 23 	  0.015 	 -0.000 	 -0.002
30 	 24 	 -0.044 	 -0.000 	  0.005
30 	 25 	 -0.102 	 -0.000 	  0.010
30 	 26 	 -0.155 	 -0.000 	  0.016
30 	 27 	 -0.202 	 -0.000 	  0.021
30 	 28 	 -0.240 	 -0.000 	  0.025
30 	 29 	 -0.269 	 -0.000 	  0.028
30 	 30 	 -0.287 	 -0.000 	  0.029

