0 	 0 	 -1.055 	  0.000 	 -0.000
0 	 1 	 -1.033 	  0.000 	 -0.000
0 	 2 	 -0.969 	  0.000 	 -0.000
0 	 3 	 -0.866 	  0.000 	 -0.000
0 	 4 	 -0.727 	  0.000 	 -0.000
0 	 5 	 -0.558 	  0.000 	 -0.000
0 	 6 	 -0.366 	  0.000 	 -0.000
0 	 7 	 -0.160 	  0.000 	 -0.000
0 	 8 	  0.053 	  0.000 	  0.000
0 	 9 	  0.264 	  0.000 	  0.000
0 	 10 	  0.464 	  0.000 	  0.000
0 	 11 	  0.646 	  0.000 	  0.000
0 	 12 	  0.800 	  0.000 	  0.000
0 	 13 	  0.922 	  0.000 	  0.000
0 	 14 	  1.006 	  0.000 	  0.000
0 	 15 	  1.049 	  0.000 	  0.000
0 	 16 	  1.049 	 -0.000 	  0.000
0 	 17 	  1.006 	 -0.000 	  0.000
0 	 18 	  0.922 	 -0.000 	  0.000
0 	 19 	  0.800 	 -0.000 	  0.000
0 	 20 	  0.646 	 -0.000 	  0.000
0 	 21 	  0.464 	 -0.000 	  0.000
0 	 22 	  0.264 	 -0.000 	  0.000
0 	 23 	  0.053 	 -0.000 	  0.000
0 	 24 	 -0.160 	 -0.000 	 -0.000
0 	 25 	 -0.366 	 -0.000 	 -0.000
0 	 26 	 -0.558 	 -0.000 	 -0.000
0 	 27 	 -0.727 	 -0.000 	 -0.000
0 	 28 	 -0.866 	 -0.000 	 -0.000
0 	 29 	 -0.969 	 -0.000 	 -0.000
0 	 30 	 -1.033 	 -0.000 	 -0.000

1 	 0 	 -1.033 	  0.000 	 -0.106
1 	 1 	 -1.012 	  0.000 	 -0.104
1 	 2 	 -0.949 	  0.000 	 -0.098
1 	 3 	 -0.848 	  0.000 	 -0.087
1 	 4 	 -0.712 	  0.000 	 -0.073
1 	 5 	 -0.546 	  0.000 	 -0.056
1 	 6 	 -0.359 	  0.000 	 -0.037
1 	 7 	 -0.156 	  0.000 	 -0.016
1 	 8 	  0.052 	  0.000 	  0.005
1 	 9 	  0.259 	  0.000 	  0.027
1 	 10 	  0.455 	  0.000 	  0.047
1 	 11 	  0.632 	  0.000 	  0.065
1 	 12 	  0.784 	  0.000 	  0.081
1 	 13 	  0.903 	  0.000 	  0.093
1 	 14 	  0.986 	  0.000 	  0.101
1 	 15 	  1.028 	  0.000 	  0.106
1 	 16 	  1.028 	 -0.000 	  0.106
1 	 17 	  0.986 	 -0.000 	  0.101
1 	 18 	  0.903 	 -0.000 	  0.093
1 	 19 	  0.784 	 -0.000 	  0.081
1 	 20 	  0.632 	 -0.000 	  0.065
1 	 21 	  0.455 	 -0.000 	  0.047
1 	 22 	  0.259 	 -0.000 	  0.027
1 	 23 	  0.052 	 -0.000 	  0.005
1 	 24 	 -0.156 	 -0.000 	 -0.016
1 	 25 	 -0.359 	 -0.000 	 -0.037
1 	 26 	 -0.546 	 -0.000 	 -0.056
1 	 27 	 -0.712 	 -0.000 	 -0.073
1 	 28 	 -0.848 	 -0.000 	 -0.087
1 	 29 	 -0.949 	 -0.000 	 -0.098
1 	 30 	 -1.012 	 -0.000 	 -0.104

2 	 0 	 -0.969 	  0.000 	 -0.208
2 	 1 	 -0.949 	  0.000 	 -0.204
2 	 2 	 -0.891 	  0.000 	 -0.191
2 	 3 	 -0.795 	  0.000 	 -0.171
2 	 4 	 -0.668 	  0.000 	 -0.143
2 	 5 	 -0.513 	  0.000 	 -0.110
2 	 6 	 -0.337 	  0.000 	 -0.072
2 	 7 	 -0.147 	  0.000 	 -0.031
2 	 8 	  0.049 	  0.000 	  0.011
2 	 9 	  0.243 	  0.000 	  0.052
2 	 10 	  0.427 	  0.000 	  0.092
2 	 11 	  0.593 	  0.000 	  0.127
2 	 12 	  0.735 	  0.000 	  0.158
2 	 13 	  0.847 	  0.000 	  0.182
2 	 14 	  0.925 	  0.000 	  0.198
2 	 15 	  0.964 	  0.000 	  0.207
2 	 16 	  0.964 	 -0.000 	  0.207
2 	 17 	  0.925 	 -0.000 	  0.198
2 	 18 	  0.847 	 -0.000 	  0.182
2 	 19 	  0.735 	 -0.000 	  0.158
2 	 20 	  0.593 	 -0.000 	  0.127
2 	 21 	  0.427 	 -0.000 	  0.092
2 	 22 	  0.243 	 -0.000 	  0.052
2 	 23 	  0.049 	 -0.000 	  0.011
2 	 24 	 -0.147 	 -0.000 	 -0.031
2 	 25 	 -0.337 	 -0.000 	 -0.072
2 	 26 	 -0.513 	 -0.000 	 -0.110
2 	 27 	 -0.668 	 -0.000 	 -0.143
2 	 28 	 -0.795 	 -0.000 	 -0.171
2 	 29 	 -0.891 	 -0.000 	 -0.191
2 	 30 	 -0.949 	 -0.000 	 -0.204

3 	 0 	 -0.866 	  0.000 	 -0.301
3 	 1 	 -0.848 	  0.000 	 -0.295
3 	 2 	 -0.795 	  0.000 	 -0.277
3 	 3 	 -0.710 	  0.000 	 -0.247
3 	 4 	 -0.596 	  0.000 	 -0.208
3 	 5 	 -0.458 	  0.000 	 -0.159
3 	 6 	 -0.301 	  0.000 	 -0.105
3 	 7 	 -0.131 	  0.000 	 -0.046
3 	 8 	  0.044 	  0.000 	  0.015
3 	 9 	  0.217 	  0.000 	  0.076
3 	 10 	  0.381 	  0.000 	  0.133
3 	 11 	  0.530 	  0.000 	  0.184
3 	 12 	  0.657 	  0.000 	  0.229
3 	 13 	  0.757 	  0.000 	  0.263
3 	 14 	  0.826 	  0.000 	  0.287
3 	 15 	  0.861 	  0.000 	  0.300
3 	 16 	  0.861 	 -0.000 	  0.300
3 	 17 	  0.826 	 -0.000 	  0.287
3 	 18 	  0.757 	 -0.000 	  0.263
3 	 19 	  0.657 	 -0.000 	  0.229
3 	 20 	  0.530 	 -0.000 	  0.184
3 	 21 	  0.381 	 -0.000 	  0.133
3 	 22 	  0.217 	 -0.000 	  0.076
3 	 23 	  0.044 	 -0.000 	  0.015
3 	 24 	 -0.131 	 -0.000 	 -0.046
3 	 25 	 -0.301 	 -0.000 	 -0.105
3 	 26 	 -0.458 	 -0.000 	 -0.159
3 	 27 	 -0.596 	 -0.000 	 -0.208
3 	 28 	 -0.710 	 -0.000 	 -0.247
3 	 29 	 -0.795 	 -0.000 	 -0.277
3 	 30 	 -0.848 	 -0.000 	 -0.295

4 	 0 	 -0.727 	  0.000 	 -0.382
4 	 1 	 -0.712 	  0.000 	 -0.374
4 	 2 	 -0.668 	  0.000 	 -0.351
4 	 3 	 -0.596 	  0.000 	 -0.314
4 	 4 	 -0.501 	  0.000 	 -0.263
4 	 5 	 -0.384 	  0.000 	 -0.202
4 	 6 	 -0.252 	  0.000 	 -0.133
4 	 7 	 -0.110 	  0.000 	 -0.058
4 	 8 	  0.037 	  0.000 	  0.019
4 	 9 	  0.182 	  0.000 	  0.096
4 	 10 	  0.320 	  0.000 	  0.168
4 	 11 	  0.445 	  0.000 	  0.234
4 	 12 	  0.551 	  0.000 	  0.290
4 	 13 	  0.635 	  0.000 	  0.334
4 	 14 	  0.693 	  0.000 	  0.365
4 	 15 	  0.723 	  0.000 	  0.380
4 	 16 	  0.723 	 -0.000 	  0.380
4 	 17 	  0.693 	 -0.000 	  0.365
4 	 18 	  0.635 	 -0.000 	  0.334
4 	 19 	  0.551 	 -0.000 	  0.290
4 	 20 	  0.445 	 -0.000 	  0.234
4 	 21 	  0.320 	 -0.000 	  0.168
4 	 22 	  0.182 	 -0.000 	  0.096
4 	 23 	  0.037 	 -0.000 	  0.019
4 	 24 	 -0.110 	 -0.000 	 -0.058
4 	 25 	 -0.252 	 -0.000 	 -0.133
4 	 26 	 -0.384 	 -0.000 	 -0.202
4 	 27 	 -0.501 	 -0.000 	 -0.263
4 	 28 	 -0.596 	 -0.000 	 -0.314
4 	 29 	 -0.668 	 -0.000 	 -0.351
4 	 30 	 -0.712 	 -0.000 	 -0.374

5 	 0 	 -0.558 	  0.000 	 -0.447
5 	 1 	 -0.546 	  0.000 	 -0.438
5 	 2 	 -0.513 	  0.000 	 -0.411
5 	 3 	 -0.458 	  0.000 	 -0.367
5 	 4 	 -0.384 	  0.000 	 -0.308
5 	 5 	 -0.295 	  0.000 	 -0.237
5 	 6 	 -0.194 	  0.000 	 -0.155
5 	 7 	 -0.084 	  0.000 	 -0.068
5 	 8 	  0.028 	  0.000 	  0.023
5 	 9 	  0.140 	  0.000 	  0.112
5 	 10 	  0.246 	  0.000 	  0.197
5 	 11 	  0.341 	  0.000 	  0.274
5 	 12 	  0.423 	  0.000 	  0.340
5 	 13 	  0.488 	  0.000 	  0.391
5 	 14 	  0.532 	  0.000 	  0.427
5 	 15 	  0.555 	  0.000 	  0.445
5 	 16 	  0.555 	 -0.000 	  0.445
5 	 17 	  0.532 	 -0.000 	  0.427
5 	 18 	  0.488 	 -0.000 	  0.391
5 	 19 	  0.423 	 -0.000 	  0.340
5 	 20 	  0.341 	 -0.000 	  0.274
5 	 21 	  0.246 	 -0.000 	  0.197
5 	 22 	  0.140 	 -0.000 	  0.112
5 	 23 	  0.028 	 -0.000 	  0.023
5 	 24 	 -0.084 	 -0.000 	 -0.068
5 	 25 	 -0.194 	 -0.000 	 -0.155
5 	 26 	 -0.295 	 -0.000 	 -0.237
5 	 27 	 -0.384 	 -0.000 	 -0.308
5 	 28 	 -0.458 	 -0.000 	 -0.367
5 	 29 	 -0.513 	 -0.000 	 -0.411
5 	 30 	 -0.546 	 -0.000 	 -0.438

6 	 0 	 -0.366 	  0.000 	 -0.494
6 	 1 	 -0.359 	  0.000 	 -0.484
6 	 2 	 -0.337 	  0.000 	 -0.454
6 	 3 	 -0.301 	  0.000 	 -0.406
6 	 4 	 -0.252 	  0.000 	 -0.341
6 	 5 	 -0.194 	  0.000 	 -0.262
6 	 6 	 -0.127 	  0.000 	 -0.172
6 	 7 	 -0.055 	  0.000 	 -0.075
6 	 8 	  0.019 	  0.000 	  0.025
6 	 9 	  0.092 	  0.000 	  0.124
6 	 10 	  0.161 	  0.000 	  0.218
6 	 11 	  0.224 	  0.000 	  0.303
6 	 12 	  0.278 	  0.000 	  0.375
6 	 13 	  0.320 	  0.000 	  0.432
6 	 14 	  0.349 	  0.000 	  0.472
6 	 15 	  0.364 	  0.000 	  0.492
6 	 16 	  0.364 	 -0.000 	  0.492
6 	 17 	  0.349 	 -0.000 	  0.472
6 	 18 	  0.320 	 -0.000 	  0.432
6 	 19 	  0.278 	 -0.000 	  0.375
6 	 20 	  0.224 	 -0.000 	  0.303
6 	 21 	  0.161 	 -0.000 	  0.218
6 	 22 	  0.092 	 -0.000 	  0.124
6 	 23 	  0.019 	 -0.000 	  0.025
6 	 24 	 -0.055 	 -0.000 	 -0.075
6 	 25 	 -0.127 	 -0.000 	 -0.172
6 	 26 	 -0.194 	 -0.000 	 -0.262
6 	 27 	 -0.252 	 -0.000 	 -0.341
6 	 28 	 -0.301 	 -0.000 	 -0.406
6 	 29 	 -0.337 	 -0.000 	 -0.454
6 	 30 	 -0.359 	 -0.000 	 -0.484

7 	 0 	 -0.160 	  0.000 	 -0.521
7 	 1 	 -0.156 	  0.000 	 -0.511
7 	 2 	 -0.147 	  0.000 	 -0.479
7 	 3 	 -0.131 	  0.000 	 -0.428
7 	 4 	 -0.110 	  0.000 	 -0.359
7 	 5 	 -0.084 	  0.000 	 -0.276
7 	 6 	 -0.055 	  0.000 	 -0.181
7 	 7 	 -0.024 	  0.000 	 -0.079
7 	 8 	  0.008 	  0.000 	  0.026
7 	 9 	  0.040 	  0.000 	  0.131
7 	 10 	  0.070 	  0.000 	  0.230
7 	 11 	  0.098 	  0.000 	  0.319
7 	 12 	  0.121 	  0.000 	  0.395
7 	 13 	  0.140 	  0.000 	  0.456
7 	 14 	  0.152 	  0.000 	  0.497
7 	 15 	  0.159 	  0.000 	  0.519
7 	 16 	  0.159 	 -0.000 	  0.519
7 	 17 	  0.152 	 -0.000 	  0.497
7 	 18 	  0.140 	 -0.000 	  0.456
7 	 19 	  0.121 	 -0.000 	  0.395
7 	 20 	  0.098 	 -0.000 	  0.319
7 	 21 	  0.070 	 -0.000 	  0.230
7 	 22 	  0.040 	 -0.000 	  0.131
7 	 23 	  0.008 	 -0.000 	  0.026
7 	 24 	 -0.024 	 -0.000 	 -0.079
7 	 25 	 -0.055 	 -0.000 	 -0.181
7 	 26 	 -0.084 	 -0.000 	 -0.276
7 	 27 	 -0.110 	 -0.000 	 -0.359
7 	 28 	 -0.131 	 -0.000 	 -0.428
7 	 29 	 -0.147 	 -0.000 	 -0.479
7 	 30 	 -0.156 	 -0.000 	 -0.511

8 	 0 	  0.053 	 -0.000 	 -0.527
8 	 1 	  0.052 	 -0.000 	 -0.516
8 	 2 	  0.049 	 -0.000 	 -0.484
8 	 3 	  0.044 	 -0.000 	 -0.432
8 	 4 	  0.037 	 -0.000 	 -0.363
8 	 5 	  0.028 	 -0.000 	 -0.279
8 	 6 	  0.019 	 -0.000 	 -0.183
8 	 7 	  0.008 	 -0.000 	 -0.080
8 	 8 	 -0.003 	 -0.000 	  0.027
8 	 9 	 -0.013 	 -0.000 	  0.132
8 	 10 	 -0.024 	 -0.000 	  0.232
8 	 11 	 -0.033 	 -0.000 	  0.322
8 	 12 	 -0.041 	 -0.000 	  0.400
8 	 13 	 -0.047 	 -0.000 	  0.460
8 	 14 	 -0.051 	 -0.000 	  0.502
8 	 15 	 -0.053 	 -0.000 	  0.524
8 	 16 	 -0.053 	  0.000 	  0.524
8 	 17 	 -0.051 	  0.000 	  0.502
8 	 18 	 -0.047 	  0.000 	  0.460
8 	 19 	 -0.041 	  0.000 	  0.400
8 	 20 	 -0.033 	  0.000 	  0.322
8 	 21 	 -0.024 	  0.000 	  0.232
8 	 22 	 -0.013 	  0.000 	  0.132
8 	 23 	 -0.003 	  0.000 	  0.027
8 	 24 	  0.008 	  0.000 	 -0.080
8 	 25 	  0.019 	  0.000 	 -0.183
8 	 26 	  0.028 	  0.000 	 -0.279
8 	 27 	  0.037 	  0.000 	 -0.363
8 	 28 	  0.044 	  0.000 	 -0.432
8 	 29 	  0.049 	  0.000 	 -0.484
8 	 30 	  0.052 	  0.000 	 -0.516

9 	 0 	  0.264 	 -0.000 	 -0.510
9 	 1 	  0.259 	 -0.000 	 -0.500
9 	 2 	  0.243 	 -0.000 	 -0.469
9 	 3 	  0.217 	 -0.000 	 -0.419
9 	 4 	  0.182 	 -0.000 	 -0.352
9 	 5 	  0.140 	 -0.000 	 -0.270
9 	 6 	  0.092 	 -0.000 	 -0.177
9 	 7 	  0.040 	 -0.000 	 -0.077
9 	 8 	 -0.013 	 -0.000 	  0.026
9 	 9 	 -0.066 	 -0.000 	  0.128
9 	 10 	 -0.116 	 -0.000 	  0.225
9 	 11 	 -0.162 	 -0.000 	  0.312
9 	 12 	 -0.201 	 -0.000 	  0.387
9 	 13 	 -0.231 	 -0.000 	  0.446
9 	 14 	 -0.252 	 -0.000 	  0.487
9 	 15 	 -0.263 	 -0.000 	  0.508
9 	 16 	 -0.263 	  0.000 	  0.508
9 	 17 	 -0.252 	  0.000 	  0.487
9 	 18 	 -0.231 	  0.000 	  0.446
9 	 19 	 -0.201 	  0.000 	  0.387
9 	 20 	 -0.162 	  0.000 	  0.312
9 	 21 	 -0.116 	  0.000 	  0.225
9 	 22 	 -0.066 	  0.000 	  0.128
9 	 23 	 -0.013 	  0.000 	  0.026
9 	 24 	  0.040 	  0.000 	 -0.077
9 	 25 	  0.092 	  0.000 	 -0.177
9 	 26 	  0.140 	  0.000 	 -0.270
9 	 27 	  0.182 	  0.000 	 -0.352
9 	 28 	  0.217 	  0.000 	 -0.419
9 	 29 	  0.243 	  0.000 	 -0.469
9 	 30 	  0.259 	  0.000 	 -0.500

10 	 0 	  0.464 	 -0.000 	 -0.473
10 	 1 	  0.455 	 -0.000 	 -0.464
10 	 2 	  0.427 	 -0.000 	 -0.435
10 	 3 	  0.381 	 -0.000 	 -0.389
10 	 4 	  0.320 	 -0.000 	 -0.326
10 	 5 	  0.246 	 -0.000 	 -0.250
10 	 6 	  0.161 	 -0.000 	 -0.164
10 	 7 	  0.070 	 -0.000 	 -0.072
10 	 8 	 -0.024 	 -0.000 	  0.024
10 	 9 	 -0.116 	 -0.000 	  0.119
10 	 10 	 -0.205 	 -0.000 	  0.208
10 	 11 	 -0.284 	 -0.000 	  0.290
10 	 12 	 -0.352 	 -0.000 	  0.359
10 	 13 	 -0.406 	 -0.000 	  0.414
10 	 14 	 -0.443 	 -0.000 	  0.452
10 	 15 	 -0.462 	 -0.000 	  0.471
10 	 16 	 -0.462 	  0.000 	  0.471
10 	 17 	 -0.443 	  0.000 	  0.452
10 	 18 	 -0.406 	  0.000 	  0.414
10 	 19 	 -0.352 	  0.000 	  0.359
10 	 20 	 -0.284 	  0.000 	  0.290
10 	 21 	 -0.205 	  0.000 	  0.208
10 	 22 	 -0.116 	  0.000 	  0.119
10 	 23 	 -0.024 	  0.000 	  0.024
10 	 24 	  0.070 	  0.000 	 -0.072
10 	 25 	  0.161 	  0.000 	 -0.164
10 	 26 	  0.246 	  0.000 	 -0.250
10 	 27 	  0.320 	  0.000 	 -0.326
10 	 28 	  0.381 	  0.000 	 -0.389
10 	 29 	  0.427 	  0.000 	 -0.435
10 	 30 	  0.455 	  0.000 	 -0.464

11 	 0 	  0.646 	 -0.000 	 -0.417
11 	 1 	  0.632 	 -0.000 	 -0.408
11 	 2 	  0.593 	 -0.000 	 -0.383
11 	 3 	  0.530 	 -0.000 	 -0.342
11 	 4 	  0.445 	 -0.000 	 -0.287
11 	 5 	  0.341 	 -0.000 	 -0.221
11 	 6 	  0.224 	 -0.000 	 -0.145
11 	 7 	  0.098 	 -0.000 	 -0.063
11 	 8 	 -0.033 	 -0.000 	  0.021
11 	 9 	 -0.162 	 -0.000 	  0.105
11 	 10 	 -0.284 	 -0.000 	  0.184
11 	 11 	 -0.395 	 -0.000 	  0.255
11 	 12 	 -0.490 	 -0.000 	  0.316
11 	 13 	 -0.564 	 -0.000 	  0.365
11 	 14 	 -0.616 	 -0.000 	  0.398
11 	 15 	 -0.642 	 -0.000 	  0.415
11 	 16 	 -0.642 	  0.000 	  0.415
11 	 17 	 -0.616 	  0.000 	  0.398
11 	 18 	 -0.564 	  0.000 	  0.365
11 	 19 	 -0.490 	  0.000 	  0.316
11 	 20 	 -0.395 	  0.000 	  0.255
11 	 21 	 -0.284 	  0.000 	  0.184
11 	 22 	 -0.162 	  0.000 	  0.105
11 	 23 	 -0.033 	  0.000 	  0.021
11 	 24 	  0.098 	  0.000 	 -0.063
11 	 25 	  0.224 	  0.000 	 -0.145
11 	 26 	  0.341 	  0.000 	 -0.221
11 	 27 	  0.445 	  0.000 	 -0.287
11 	 28 	  0.530 	  0.000 	 -0.342
11 	 29 	  0.593 	  0.000 	 -0.383
11 	 30 	  0.632 	  0.000 	 -0.408

12 	 0 	  0.800 	 -0.000 	 -0.343
12 	 1 	  0.784 	 -0.000 	 -0.336
12 	 2 	  0.735 	 -0.000 	 -0.316
12 	 3 	  0.657 	 -0.000 	 -0.282
12 	 4 	  0.551 	 -0.000 	 -0.237
12 	 5 	  0.423 	 -0.000 	 -0.182
12 	 6 	  0.278 	 -0.000 	 -0.119
12 	 7 	  0.121 	 -0.000 	 -0.052
12 	 8 	 -0.041 	 -0.000 	  0.017
12 	 9 	 -0.201 	 -0.000 	  0.086
12 	 10 	 -0.352 	 -0.000 	  0.151
12 	 11 	 -0.490 	 -0.000 	  0.210
12 	 12 	 -0.607 	 -0.000 	  0.261
12 	 13 	 -0.700 	 -0.000 	  0.300
12 	 14 	 -0.763 	 -0.000 	  0.328
12 	 15 	 -0.796 	 -0.000 	  0.342
12 	 16 	 -0.796 	  0.000 	  0.342
12 	 17 	 -0.763 	  0.000 	  0.328
12 	 18 	 -0.700 	  0.000 	  0.300
12 	 19 	 -0.607 	  0.000 	  0.261
12 	 20 	 -0.490 	  0.000 	  0.210
12 	 21 	 -0.352 	  0.000 	  0.151
12 	 22 	 -0.201 	  0.000 	  0.086
12 	 23 	 -0.041 	  0.000 	  0.017
12 	 24 	  0.121 	  0.000 	 -0.052
12 	 25 	  0.278 	  0.000 	 -0.119
12 	 26 	  0.423 	  0.000 	 -0.182
12 	 27 	  0.551 	  0.000 	 -0.237
12 	 28 	  0.657 	  0.000 	 -0.282
12 	 29 	  0.735 	  0.000 	 -0.316
12 	 30 	  0.784 	  0.000 	 -0.336

13 	 0 	  0.922 	 -0.000 	 -0.256
13 	 1 	  0.903 	 -0.000 	 -0.251
13 	 2 	  0.847 	 -0.000 	 -0.235
13 	 3 	  0.757 	 -0.000 	 -0.210
13 	 4 	  0.635 	 -0.000 	 -0.176
13 	 5 	  0.488 	 -0.000 	 -0.135
13 	 6 	  0.320 	 -0.000 	 -0.089
13 	 7 	  0.140 	 -0.000 	 -0.039
13 	 8 	 -0.047 	 -0.000 	  0.013
13 	 9 	 -0.231 	 -0.000 	  0.064
13 	 10 	 -0.406 	 -0.000 	  0.113
13 	 11 	 -0.564 	 -0.000 	  0.157
13 	 12 	 -0.700 	 -0.000 	  0.194
13 	 13 	 -0.806 	 -0.000 	  0.224
13 	 14 	 -0.880 	 -0.000 	  0.244
13 	 15 	 -0.917 	 -0.000 	  0.255
13 	 16 	 -0.917 	  0.000 	  0.255
13 	 17 	 -0.880 	  0.000 	  0.244
13 	 18 	 -0.806 	  0.000 	  0.224
13 	 19 	 -0.700 	  0.000 	  0.194
13 	 20 	 -0.564 	  0.000 	  0.157
13 	 21 	 -0.406 	  0.000 	  0.113
13 	 22 	 -0.231 	  0.000 	  0.064
13 	 23 	 -0.047 	  0.000 	  0.013
13 	 24 	  0.140 	  0.000 	 -0.039
13 	 25 	  0.320 	  0.000 	 -0.089
13 	 26 	  0.488 	  0.000 	 -0.135
13 	 27 	  0.635 	  0.000 	 -0.176
13 	 28 	  0.757 	  0.000 	 -0.210
13 	 29 	  0.847 	  0.000 	 -0.235
13 	 30 	  0.903 	  0.000 	 -0.251

14 	 0 	  1.006 	 -0.000 	 -0.158
14 	 1 	  0.986 	 -0.000 	 -0.155
14 	 2 	  0.925 	 -0.000 	 -0.145
14 	 3 	  0.826 	 -0.000 	 -0.130
14 	 4 	  0.693 	 -0.000 	 -0.109
14 	 5 	  0.532 	 -0.000 	 -0.083
14 	 6 	  0.349 	 -0.000 	 -0.055
14 	 7 	  0.152 	 -0.000 	 -0.024
14 	 8 	 -0.051 	 -0.000 	  0.008
14 	 9 	 -0.252 	 -0.000 	  0.040
14 	 10 	 -0.443 	 -0.000 	  0.070
14 	 11 	 -0.616 	 -0.000 	  0.097
14 	 12 	 -0.763 	 -0.000 	  0.120
14 	 13 	 -0.880 	 -0.000 	  0.138
14 	 14 	 -0.960 	 -0.000 	  0.151
14 	 15 	 -1.001 	 -0.000 	  0.157
14 	 16 	 -1.001 	  0.000 	  0.157
14 	 17 	 -0.960 	  0.000 	  0.151
14 	 18 	 -0.880 	  0.000 	  0.138
14 	 19 	 -0.763 	  0.000 	  0.120
14 	 20 	 -0.616 	  0.000 	  0.097
14 	 21 	 -0.443 	  0.000 	  0.070
14 	 22 	 -0.252 	  0.000 	  0.040
14 	 23 	 -0.051 	  0.000 	  0.008
14 	 24 	  0.152 	  0.000 	 -0.024
14 	 25 	  0.349 	  0.000 	 -0.055
14 	 26 	  0.532 	  0.000 	 -0.083
14 	 27 	  0.693 	  0.000 	 -0.109
14 	 28 	  0.826 	  0.000 	 -0.130
14 	 29 	  0.925 	  0.000 	 -0.145
14 	 30 	  0.986 	  0.000 	 -0.155

15 	 0 	  1.049 	 -0.000 	 -0.053
15 	 1 	  1.028 	 -0.000 	 -0.052
15 	 2 	  0.964 	 -0.000 	 -0.049
15 	 3 	  0.861 	 -0.000 	 -0.044
15 	 4 	  0.723 	 -0.000 	 -0.037
15 	 5 	  0.555 	 -0.000 	 -0.028
15 	 6 	  0.364 	 -0.000 	 -0.019
15 	 7 	  0.159 	 -0.000 	 -0.008
15 	 8 	 -0.053 	 -0.000 	  0.003
15 	 9 	 -0.263 	 -0.000 	  0.013
15 	 10 	 -0.462 	 -0.000 	  0.023
15 	 11 	 -0.642 	 -0.000 	  0.033
15 	 12 	 -0.796 	 -0.000 	  0.040
15 	 13 	 -0.917 	 -0.000 	  0.047
15 	 14 	 -1.001 	 -0.000 	  0.051
15 	 15 	 -1.044 	 -0.000 	  0.053
15 	 16 	 -1.044 	  0.000 	  0.053
15 	 17 	 -1.001 	  0.000 	  0.051
15 	 18 	 -0.917 	  0.000 	  0.047
15 	 19 	 -0.796 	  0.000 	  0.040
15 	 20 	 -0.642 	  0.000 	  0.033
15 	 21 	 -0.462 	  0.000 	  0.023
15 	 22 	 -0.263 	  0.000 	  0.013
15 	 23 	 -0.053 	  0.000 	  0.003
15 	 24 	  0.159 	  0.000 	 -0.008
15 	 25 	  0.364 	  0.000 	 -0.019
15 	 26 	  0.555 	  0.000 	 -0.028
15 	 27 	  0.723 	  0.000 	 -0.037
15 	 28 	  0.861 	  0.000 	 -0.044
15 	 29 	  0.964 	  0.000 	 -0.049
15 	 30 	  1.028 	  0.000 	 -0.052

16 	 0 	  1.049 	 -0.000 	  0.053
16 	 1 	  1.028 	 -0.000 	  0.052
16 	 2 	  0.964 	 -0.000 	  0.049
16 	 3 	  0.861 	 -0.000 	  0.044
16 	 4 	  0.723 	 -0.000 	  0.037
16 	 5 	  0.555 	 -0.000 	  0.028
16 	 6 	  0.364 	 -0.000 	  0.019
16 	 7 	  0.159 	 -0.000 	  0.008
16 	 8 	 -0.053 	 -0.000 	 -0.003
16 	 9 	 -0.263 	 -0.000 	 -0.013
16 	 10 	 -0.462 	 -0.000 	 -0.023
16 	 11 	 -0.642 	 -0.000 	 -0.033
16 	 12 	 -0.796 	 -0.000 	 -0.040
16 	 13 	 -0.917 	 -0.000 	 -0.047
16 	 14 	 -1.001 	 -0.000 	 -0.051
16 	 15 	 -1.044 	 -0.000 	 -0.053
16 	 16 	 -1.044 	  0.000 	 -0.053
16 	 17 	 -1.001 	  0.000 	 -0.051
16 	 18 	 -0.917 	  0.000 	 -0.047
16 	 19 	 -0.796 	  0.000 	 -0.040
16 	 20 	 -0.642 	  0.000 	 -0.033
16 	 21 	 -0.462 	  0.000 	 -0.023
16 	 22 	 -0.263 	  0.000 	 -0.013
16 	 23 	 -0.053 	  0.000 	 -0.003
16 	 24 	  0.159 	  0.000 	  0.008
16 	 25 	  0.364 	  0.000 	  0.019
16 	 26 	  0.555 	  0.000 	  0.028
16 	 27 	  0.723 	  0.000 	  0.037
16 	 28 	  0.861 	  0.000 	  0.044
16 	 29 	  0.964 	  0.000 	  0.049
16 	 30 	  1.028 	  0.000 	  0.052

17 	 0 	  1.006 	 -0.000 	  0.158
17 	 1 	  0.986 	 -0.000 	  0.155
17 	 2 	  0.925 	 -0.000 	  0.145
17 	 3 	  0.826 	 -0.000 	  0.130
17 	 4 	  0.693 	 -0.000 	  0.109
17 	 5 	  0.532 	 -0.000 	  0.083
17 	 6 	  0.349 	 -0.000 	  0.055
17 	 7 	  0.152 	 -0.000 	  0.024
17 	 8 	 -0.051 	 -0.000 	 -0.008
17 	 9 	 -0.252 	 -0.000 	 -0.040
17 	 10 	 -0.443 	 -0.000 	 -0.070
17 	 11 	 -0.616 	 -0.000 	 -0.097
17 	 12 	 -0.763 	 -0.000 	 -0.120
17 	 13 	 -0.880 	 -0.000 	 -0.138
17 	 14 	 -0.960 	 -0.000 	 -0.151
17 	 15 	 -1.001 	 -0.000 	 -0.157
17 	 16 	 -1.001 	  0.000 	 -0.157
17 	 17 	 -0.960 	  0.000 	 -0.151
17 	 18 	 -0.880 	  0.000 	 -0.138
17 	 19 	 -0.763 	  0.000 	 -0.120
17 	 20 	 -0.616 	  0.000 	 -0.097
17 	 21 	 -0.443 	  0.000 	 -0.070
17 	 22 	 -0.252 	  0.000 	 -0.040
17 	 23 	 -0.051 	  0.000 	 -0.008
17 	 24 	  0.152 	  0.000 	  0.024
17 	 25 	  0.349 	  0.000 	  0.055
17 	 26 	  0.532 	  0.000 	  0.083
17 	 27 	  0.693 	  0.000 	  0.109
17 	 28 	  0.826 	  0.000 	  0.130
17 	 29 	  0.925 	  0.000 	  0.145
17 	 30 	  0.986 	  0.000 	  0.155

18 	 0 	  0.922 	 -0.000 	  0.256
18 	 1 	  0.903 	 -0.000 	  0.251
18 	 2 	  0.847 	 -0.000 	  0.235
18 	 3 	  0.757 	 -0.000 	  0.210
18 	 4 	  0.635 	 -0.000 	  0.176
18 	 5 	  0.488 	 -0.000 	  0.135
18 	 6 	  0.320 	 -0.000 	  0.089
18 	 7 	  0.140 	 -0.000 	  0.039
18 	 8 	 -0.047 	 -0.000 	 -0.013
18 	 9 	 -0.231 	 -0.000 	 -0.064
18 	 10 	 -0.406 	 -0.000 	 -0.113
18 	 11 	 -0.564 	 -0.000 	 -0.157
18 	 12 	 -0.700 	 -0.000 	 -0.194
18 	 13 	 -0.806 	 -0.000 	 -0.224
18 	 14 	 -0.880 	 -0.000 	 -0.244
18 	 15 	 -0.917 	 -0.000 	 -0.255
18 	 16 	 -0.917 	  0.000 	 -0.255
18 	 17 	 -0.880 	  0.000 	 -0.244
18 	 18 	 -0.806 	  0.000 	 -0.224
18 	 19 	 -0.700 	  0.000 	 -0.194
18 	 20 	 -0.564 	  0.000 	 -0.157
18 	 21 	 -0.406 	  0.000 	 -0.113
18 	 22 	 -0.231 	  0.000 	 -0.064
18 	 23 	 -0.047 	  0.000 	 -0.013
18 	 24 	  0.140 	  0.000 	  0.039
18 	 25 	  0.320 	  0.000 	  0.089
18 	 26 	  0.488 	  0.000 	  0.135
18 	 27 	  0.635 	  0.000 	  0.176
18 	 28 	  0.757 	  0.000 	  0.210
18 	 29 	  0.847 	  0.000 	  0.235
18 	 30 	  0.903 	  0.000 	  0.251

19 	 0 	  0.800 	 -0.000 	  0.343
19 	 1 	  0.784 	 -0.000 	  0.336
19 	 2 	  0.735 	 -0.000 	  0.316
19 	 3 	  0.657 	 -0.000 	  0.282
19 	 4 	  0.551 	 -0.000 	  0.237
19 	 5 	  0.423 	 -0.000 	  0.182
19 	 6 	  0.278 	 -0.000 	  0.119
19 	 7 	  0.121 	 -0.000 	  0.052
19 	 8 	 -0.041 	 -0.000 	 -0.017
19 	 9 	 -0.201 	 -0.000 	 -0.086
19 	 10 	 -0.352 	 -0.000 	 -0.151
19 	 11 	 -0.490 	 -0.000 	 -0.210
19 	 12 	 -0.607 	 -0.000 	 -0.261
19 	 13 	 -0.700 	 -0.000 	 -0.300
19 	 14 	 -0.763 	 -0.000 	 -0.328
19 	 15 	 -0.796 	 -0.000 	 -0.342
19 	 16 	 -0.796 	  0.000 	 -0.342
19 	 17 	 -0.763 	  0.000 	 -0.328
19 	 18 	 -0.700 	  0.000 	 -0.300
19 	 19 	 -0.607 	  0.000 	 -0.261
19 	 20 	 -0.490 	  0.000 	 -0.210
19 	 21 	 -0.352 	  0.000 	 -0.151
19 	 22 	 -0.201 	  0.000 	 -0.086
19 	 23 	 -0.041 	  0.000 	 -0.017
19 	 24 	  0.121 	  0.000 	  0.052
19 	 25 	  0.278 	  0.000 	  0.119
19 	 26 	  0.423 	  0.000 	  0.182
19 	 27 	  0.551 	  0.000 	  0.237
19 	 28 	  0.657 	  0.000 	  0.282
19 	 29 	  0.735 	  0.000 	  0.316
19 	 30 	  0.784 	  0.000 	  0.336

20 	 0 	  0.646 	 -0.000 	  0.417
20 	 1 	  0.632 	 -0.000 	  0.408
20 	 2 	  0.593 	 -0.000 	  0.383
20 	 3 	  0.530 	 -0.000 	  0.342
20 	 4 	  0.445 	 -0.000 	  0.287
20 	 5 	  0.341 	 -0.000 	  0.221
20 	 6 	  0.224 	 -0.000 	  0.145
20 	 7 	  0.098 	 -0.000 	  0.063
20 	 8 	 -0.033 	 -0.000 	 -0.021
20 	 9 	 -0.162 	 -0.000 	 -0.105
20 	 10 	 -0.284 	 -0.000 	 -0.184
20 	 11 	 -0.395 	 -0.000 	 -0.255
20 	 12 	 -0.490 	 -0.000 	 -0.316
20 	 13 	 -0.564 	 -0.000 	 -0.365
20 	 14 	 -0.616 	 -0.000 	 -0.398
20 	 15 	 -0.642 	 -0.000 	 -0.415
20 	 16 	 -0.642 	  0.000 	 -0.415
20 	 17 	 -0.616 	  0.000 	 -0.398
20 	 18 	 -0.564 	  0.000 	 -0.365
20 	 19 	 -0.490 	  0.000 	 -0.316
20 	 20 	 -0.395 	  0.000 	 -0.255
20 	 21 	 -0.284 	  0.000 	 -0.184
20 	 22 	 -0.162 	  0.000 	 -0.105
20 	 23 	 -0.033 	  0.000 	 -0.021
20 	 24 	  0.098 	  0.000 	  0.063
20 	 25 	  0.224 	  0.000 	  0.145
20 	 26 	  0.341 	  0.000 	  0.221
20 	 27 	  0.445 	  0.000 	  0.287
20 	 28 	  0.530 	  0.000 	  0.342
20 	 29 	  0.593 	  0.000 	  0.383
20 	 30 	  0.632 	  0.000 	  0.408

21 	 0 	  0.464 	 -0.000 	  0.473
21 	 1 	  0.455 	 -0.000 	  0.464
21 	 2 	  0.427 	 -0.000 	  0.435
21 	 3 	  0.381 	 -0.000 	  0.389
21 	 4 	  0.320 	 -0.000 	  0.326
21 	 5 	  0.246 	 -0.000 	  0.250
21 	 6 	  0.161 	 -0.000 	  0.164
21 	 7 	  0.070 	 -0.000 	  0.072
21 	 8 	 -0.024 	 -0.000 	 -0.024
21 	 9 	 -0.116 	 -0.000 	 -0.119
21 	 10 	 -0.205 	 -0.000 	 -0.208
21 	 11 	 -0.284 	 -0.000 	 -0.290
21 	 12 	 -0.352 	 -0.000 	 -0.359
21 	 13 	 -0.406 	 -0.000 	 -0.414
21 	 14 	 -0.443 	 -0.000 	 -0.452
21 	 15 	 -0.462 	 -0.000 	 -0.471
21 	 16 	 -0.462 	  0.000 	 -0.471
21 	 17 	 -0.443 	  0.000 	 -0.452
21 	 18 	 -0.406 	  0.000 	 -0.414
21 	 19 	 -0.352 	  0.000 	 -0.359
21 	 20 	 -0.284 	  0.000 	 -0.290
21 	 21 	 -0.205 	  0.000 	 -0.208
21 	 22 	 -0.116 	  0.000 	 -0.119
21 	 23 	 -0.024 	  0.000 	 -0.024
21 	 24 	  0.070 	  0.000 	  0.072
21 	 25 	  0.161 	  0.000 	  0.164
21 	 26 	  0.246 	  0.000 	  0.250
21 	 27 	  0.320 	  0.000 	  0.326
21 	 28 	  0.381 	  0.000 	  0.389
21 	 29 	  0.427 	  0.000 	  0.435
21 	 30 	  0.455 	  0.000 	  0.464

22 	 0 	  0.264 	 -0.000 	  0.510
22 	 1 	  0.259 	 -0.000 	  0.500
22 	 2 	  0.243 	 -0.000 	  0.469
22 	 3 	  0.217 	 -0.000 	  0.419
22 	 4 	  0.182 	 -0.000 	  0.352
22 	 5 	  0.140 	 -0.000 	  0.270
22 	 6 	  0.092 	 -0.000 	  0.177
22 	 7 	  0.040 	 -0.000 	  0.077
22 	 8 	 -0.013 	 -0.000 	 -0.026
22 	 9 	 -0.066 	 -0.000 	 -0.128
22 	 10 	 -0.116 	 -0.000 	 -0.225
22 	 11 	 -0.162 	 -0.000 	 -0.312
22 	 12 	 -0.201 	 -0.000 	 -0.387
22 	 13 	 -0.231 	 -0.000 	 -0.446
22 	 14 	 -0.252 	 -0.000 	 -0.487
22 	 15 	 -0.263 	 -0.000 	 -0.508
22 	 16 	 -0.263 	  0.000 	 -0.508
22 	 17 	 -0.252 	  0.000 	 -0.487
22 	 18 	 -0.231 	  0.000 	 -0.446
22 	 19 	 -0.201 	  0.000 	 -0.387
22 	 20 	 -0.162 	  0.000 	 -0.312
22 	 21 	 -0.116 	  0.000 	 -0.225
22 	 22 	 -0.066 	  0.000 	 -0.128
22 	 23 	 -0.013 	  0.000 	 -0.026
22 	 24 	  0.040 	  0.000 	  0.077
22 	 25 	  0.092 	  0.000 	  0.177
22 	 26 	  0.140 	  0.000 	  0.270
22 	 27 	  0.182 	  0.000 	  0.352
22 	 28 	  0.217 	  0.000 	  0.419
22 	 29 	  0.243 	  0.000 	  0.469
22 	 30 	  0.259 	  0.000 	  0.500

23 	 0 	  0.053 	 -0.000 	  0.527
23 	 1 	  0.052 	 -0.000 	  0.516
23 	 2 	  0.049 	 -0.000 	  0.484
23 	 3 	  0.044 	 -0.000 	  0.432
23 	 4 	  0.037 	 -0.000 	  0.363
23 	 5 	  0.028 	 -0.000 	  0.279
23 	 6 	  0.019 	 -0.000 	  0.183
23 	 7 	  0.008 	 -0.000 	  0.080
23 	 8 	 -0.003 	 -0.000 	 -0.027
23 	 9 	 -0.013 	 -0.000 	 -0.132
23 	 10 	 -0.024 	 -0.000 	 -0.232
23 	 11 	 -0.033 	 -0.000 	 -0.322
23 	 12 	 -0.041 	 -0.000 	 -0.400
23 	 13 	 -0.047 	 -0.000 	 -0.460
23 	 14 	 -0.051 	 -0.000 	 -0.502
23 	 15 	 -0.053 	 -0.000 	 -0.524
23 	 16 	 -0.053 	  0.000 	 -0.524
23 	 17 	 -0.051 	  0.000 	 -0.502
23 	 18 	 -0.047 	  0.000 	 -0.460
23 	 19 	 -0.041 	  0.000 	 -0.400
23 	 20 	 -0.033 	  0.000 	 -0.322
23 	 21 	 -0.024 	  0.000 	 -0.232
23 	 22 	 -0.013 	  0.000 	 -0.132
23 	 23 	 -0.003 	  0.000 	 -0.027
23 	 24 	  0.008 	  0.000 	  0.080
23 	 25 	  0.019 	  0.000 	  0.183
23 	 26 	  0.028 	  0.000 	  0.279
23 	 27 	  0.037 	  0.000 	  0.363
23 	 28 	  0.044 	  0.000 	  0.432
23 	 29 	  0.049 	  0.000 	  0.484
23 	 30 	  0.052 	  0.000 	  0.516

24 	 0 	 -0.160 	  0.000 	  0.521
24 	 1 	 -0.156 	  0.000 	  0.511
24 	 2 	 -0.147 	  0.000 	  0.479
24 	 3 	 -0.131 	  0.000 	  0.428
24 	 4 	 -0.110 	  0.000 	  0.359
24 	 5 	 -0.084 	  0.000 	  0.276
24 	 6 	 -0.055 	  0.000 	  0.181
24 	 7 	 -0.024 	  0.000 	  0.079
24 	 8 	  0.008 	  0.000 	 -0.026
24 	 9 	  0.040 	  0.000 	 -0.131
24 	 10 	  0.070 	  0.000 	 -0.230
24 	 11 	  0.098 	  0.000 	 -0.319
24 	 12 	  0.121 	  0.000 	 -0.395
24 	 13 	  0.140 	  0.000 	 -0.456
24 	 14 	  0.152 	  0.000 	 -0.497
24 	 15 	  0.159 	  0.000 	 -0.519
24 	 16 	  0.159 	 -0.000 	 -0.519
24 	 17 	  0.152 	 -0.000 	 -0.497
24 	 18 	  0.140 	 -0.000 	 -0.456
24 	 19 	  0.121 	 -0.000 	 -0.395
24 	 20 	  0.098 	 -0.000 	 -0.319
24 	 21 	  0.070 	 -0.000 	 -0.230
24 	 22 	  0.040 	 -0.000 	 -0.131
24 	 23 	  0.008 	 -0.000 	 -0.026
24 	 24 	 -0.024 	 -0.000 	  0.079
24 	 25 	 -0.055 	 -0.000 	  0.181
24 	 26 	 -0.084 	 -0.000 	  0.276
24 	 27 	 -0.110 	 -0.000 	  0.359
24 	 28 	 -0.131 	 -0.000 	  0.428
24 	 29 	 -0.147 	 -0.000 	  0.479
24 	 30 	 -0.156 	 -0.000 	  0.511

25 	 0 	 -0.366 	  0.000 	  0.494
25 	 1 	 -0.359 	  0.000 	  0.484
25 	 2 	 -0.337 	  0.000 	  0.454
25 	 3 	 -0.301 	  0.000 	  0.406
25 	 4 	 -0.252 	  0.000 	  0.341
25 	 5 	 -0.194 	  0.000 	  0.262
25 	 6 	 -0.127 	  0.000 	  0.172
25 	 7 	 -0.055 	  0.000 	  0.075
25 	 8 	  0.019 	  0.000 	 -0.025
25 	 9 	  0.092 	  0.000 	 -0.124
25 	 10 	  0.161 	  0.000 	 -0.218
25 	 11 	  0.224 	  0.000 	 -0.303
25 	 12 	  0.278 	  0.000 	 -0.375
25 	 13 	  0.320 	  0.000 	 -0.432
25 	 14 	  0.349 	  0.000 	 -0.472
25 	 15 	  0.364 	  0.000 	 -0.492
25 	 16 	  0.364 	 -0.000 	 -0.492
25 	 17 	  0.349 	 -0.000 	 -0.472
25 	 18 	  0.320 	 -0.000 	 -0.432
25 	 19 	  0.278 	 -0.000 	 -0.375
25 	 20 	  0.224 	 -0.000 	 -0.303
25 	 21 	  0.161 	 -0.000 	 -0.218
25 	 22 	  0.092 	 -0.000 	 -0.124
25 	 23 	  0.019 	 -0.000 	 -0.025
25 	 24 	 -0.055 	 -0.000 	  0.075
25 	 25 	 -0.127 	 -0.000 	  0.172
25 	 26 	 -0.194 	 -0.000 	  0.262
25 	 27 	 -0.252 	 -0.000 	  0.341
25 	 28 	 -0.301 	 -0.000 	  0.406
25 	 29 	 -0.337 	 -0.000 	  0.454
25 	 30 	 -0.359 	 -0.000 	  0.484

26 	 0 	 -0.558 	  0.000 	  0.447
26 	 1 	 -0.546 	  0.000 	  0.438
26 	 2 	 -0.513 	  0.000 	  0.411
26 	 3 	 -0.458 	  0.000 	  0.367
26 	 4 	 -0.384 	  0.000 	  0.308
26 	 5 	 -0.295 	  0.000 	  0.237
26 	 6 	 -0.194 	  0.000 	  0.155
26 	 7 	 -0.084 	  0.000 	  0.068
26 	 8 	  0.028 	  0.000 	 -0.023
26 	 9 	  0.140 	  0.000 	 -0.112
26 	 10 	  0.246 	  0.000 	 -0.197
26 	 11 	  0.341 	  0.000 	 -0.274
26 	 12 	  0.423 	  0.000 	 -0.340
26 	 13 	  0.488 	  0.000 	 -0.391
26 	 14 	  0.532 	  0.000 	 -0.427
26 	 15 	  0.555 	  0.000 	 -0.445
26 	 16 	  0.555 	 -0.000 	 -0.445
26 	 17 	  0.532 	 -0.000 	 -0.427
26 	 18 	  0.488 	 -0.000 	 -0.391
26 	 19 	  0.423 	 -0.000 	 -0.340
26 	 20 	  0.341 	 -0.000 	 -0.274
26 	 21 	  0.246 	 -0.000 	 -0.197
26 	 22 	  0.140 	 -0.000 	 -0.112
26 	 23 	  0.028 	 -0.000 	 -0.023
26 	 24 	 -0.084 	 -0.000 	  0.068
26 	 25 	 -0.194 	 -0.000 	  0.155
26 	 26 	 -0.295 	 -0.000 	  0.237
26 	 27 	 -0.384 	 -0.000 	  0.308
26 	 28 	 -0.458 	 -0.000 	  0.367
26 	 29 	 -0.513 	 -0.000 	  0.411
26 	 30 	 -0.546 	 -0.000 	  0.438

27 	 0 	 -0.727 	  0.000 	  0.382
27 	 1 	 -0.712 	  0.000 	  0.374
27 	 2 	 -0.668 	  0.000 	  0.351
27 	 3 	 -0.596 	  0.000 	  0.314
27 	 4 	 -0.501 	  0.000 	  0.263
27 	 5 	 -0.384 	  0.000 	  0.202
27 	 6 	 -0.252 	  0.000 	  0.133
27 	 7 	 -0.110 	  0.000 	  0.058
27 	 8 	  0.037 	  0.000 	 -0.019
27 	 9 	  0.182 	  0.000 	 -0.096
27 	 10 	  0.320 	  0.000 	 -0.168
27 	 11 	  0.445 	  0.000 	 -0.234
27 	 12 	  0.551 	  0.000 	 -0.290
27 	 13 	  0.635 	  0.000 	 -0.334
27 	 14 	  0.693 	  0.000 	 -0.365
27 	 15 	  0.723 	  0.000 	 -0.380
27 	 16 	  0.723 	 -0.000 	 -0.380
27 	 17 	  0.693 	 -0.000 	 -0.365
27 	 18 	  0.635 	 -0.000 	 -0.334
27 	 19 	  0.551 	 -0.000 	 -0.290
27 	 20 	  0.445 	 -0.000 	 -0.234
27 	 21 	  0.320 	 -0.000 	 -0.168
27 	 22 	  0.182 	 -0.000 	 -0.096
27 	 23 	  0.037 	 -0.000 	 -0.019
27 	 24 	 -0.110 	 -0.000 	  0.058
27 	 25 	 -0.252 	 -0.000 	  0.133
27 	 26 	 -0.384 	 -0.000 	  0.202
27 	 27 	 -0.501 	 -0.000 	  0.263
27 	 28 	 -0.596 	 -0.000 	  0.314
27 	 29 	 -0.668 	 -0.000 	  0.351
27 	 30 	 -0.712 	 -0.000 	  0.374

28 	 0 	 -0.866 	  0.000 	  0.301
28 	 1 	 -0.848 	  0.000 	  0.295
28 	 2 	 -0.795 	  0.000 	  0.277
28 	 3 	 -0.710 	  0.000 	  0.247
28 	 4 	 -0.596 	  0.000 	  0.208
28 	 5 	 -0.458 	  0.000 	  0.159
28 	 6 	 -0.301 	  0.000 	  0.105
28 	 7 	 -0.131 	  0.000 	  0.046
28 	 8 	  0.044 	  0.000 	 -0.015
28 	 9 	  0.217 	  0.000 	 -0.076
28 	 10 	  0.381 	  0.000 	 -0.133
28 	 11 	  0.530 	  0.000 	 -0.184
28 	 12 	  0.657 	  0.000 	 -0.229
28 	 13 	  0.757 	  0.000 	 -0.263
28 	 14 	  0.826 	  0.000 	 -0.287
28 	 15 	  0.861 	  0.000 	 -0.300
28 	 16 	  0.861 	 -0.000 	 -0.300
28 	 17 	  0.826 	 -0.000 	 -0.287
28 	 18 	  0.757 	 -0.000 	 -0.263
28 	 19 	  0.657 	 -0.000 	 -0.229
28 	 20 	  0.530 	 -0.000 	 -0.184
28 	 21 	  0.381 	 -0.000 	 -0.133
28 	 22 	  0.217 	 -0.000 	 -0.076
28 	 23 	  0.044 	 -0.000 	 -0.015
28 	 24 	 -0.131 	 -0.000 	  0.046
28 	 25 	 -0.301 	 -0.000 	  0.105
28 	 26 	 -0.458 	 -0.000 	  0.159
28 	 27 	 -0.596 	 -0.000 	  0.208
28 	 28 	 -0.710 	 -0.000 	  0.247
28 	 29 	 -0.795 	 -0.000 	  0.277
28 	 30 	 -0.848 	 -0.000 	  0.295

29 	 0 	 -0.969 	  0.000 	  0.208
29 	 1 	 -0.949 	  0.000 	  0.204
29 	 2 	 -0.891 	  0.000 	  0.191
29 	 3 	 -0.795 	  0.000 	  0.171
29 	 4 	 -0.668 	  0.000 	  0.143
29 	 5 	 -0.513 	  0.000 	  0.110
29 	 6 	 -0.337 	  0.000 	  0.072
29 	 7 	 -0.147 	  0.000 	  0.031
29 	 8 	  0.049 	  0.000 	 -0.011
29 	 9 	  0.243 	  0.000 	 -0.052
29 	 10 	  0.427 	  0.000 	 -0.092
29 	 11 	  0.593 	  0.000 	 -0.127
29 	 12 	  0.735 	  0.000 	 -0.158
29 	 13 	  0.847 	  0.000 	 -0.182
29 	 14 	  0.925 	  0.000 	 -0.198
29 	 15 	  0.964 	  0.000 	 -0.207
29 	 16 	  0.964 	 -0.000 	 -0.207
29 	 17 	  0.925 	 -0.000 	 -0.198
29 	 18 	  0.847 	 -0.000 	 -0.182
29 	 19 	  0.735 	 -0.000 	 -0.158
29 	 20 	  0.593 	 -0.000 	 -0.127
29 	 21 	  0.427 	 -0.000 	 -0.092
29 	 22 	  0.243 	 -0.000 	 -0.052
29 	 23 	  0.049 	 -0.000 	 -0.011
29 	 24 	 -0.147 	 -0.000 	  0.031
29 	 25 	 -0.337 	 -0.000 	  0.072
29 	 26 	 -0.513 	 -0.000 	  0.110
29 	 27 	 -0.668 	 -0.000 	  0.143
29 	 28 	 -0.795 	 -0.000 	  0.171
29 	 29 	 -0.891 	 -0.000 	  0.191
29 	 30 	 -0.949 	 -0.000 	  0.204

30 	 0 	 -1.033 	  0.000 	  0.106
30 	 1 	 -1.012 	  0.000 	  0.104
30 	 2 	 -0.949 	  0.000 	  0.098
30 	 3 	 -0.848 	  0.000 	  0.087
30 	 4 	 -0.712 	  0.000 	  0.073
30 	 5 	 -0.546 	  0.000 	  0.056
30 	 6 	 -0.359 	  0.000 	  0.037
30 	 7 	 -0.156 	  0.000 	  0.016
30 	 8 	  0.052 	  0.000 	 -0.005
30 	 9 	  0.259 	  0.000 	 -0.027
30 	 10 	  0.455 	  0.000 	 -0.047
30 	 11 	  0.632 	  0.000 	 -0.065
30 	 12 	  0.784 	  0.000 	 -0.081
30 	 13 	  0.903 	  0.000 	 -0.093
30 	 14 	  0.986 	  0.000 	 -0.101
30 	 15 	  1.028 	  0.000 	 -0.106
30 	 16 	  1.028 	 -0.000 	 -0.106
30 	 17 	  0.986 	 -0.000 	 -0.101
30 	 18 	  0.903 	 -0.000 	 -0.093
30 	 19 	  0.784 	 -0.000 	 -0.081
30 	 20 	  0.632 	 -0.000 	 -0.065
30 	 21 	  0.455 	 -0.000 	 -0.047
30 	 22 	  0.259 	 -0.000 	 -0.027
30 	 23 	  0.052 	 -0.000 	 -0.005
30 	 24 	 -0.156 	 -0.000 	  0.016
30 	 25 	 -0.359 	 -0.000 	  0.037
30 	 26 	 -0.546 	 -0.000 	  0.056
30 	 27 	 -0.712 	 -0.000 	  0.073
30 	 28 	 -0.848 	 -0.000 	  0.087
30 	 29 	 -0.949 	 -0.000 	  0.098
30 	 30 	 -1.012 	 -0.000 	  0.104

