0 	 0 	 -0.766 	  0.000 	 -0.000
0 	 1 	 -0.750 	  0.000 	 -0.000
0 	 2 	 -0.704 	  0.000 	 -0.000
0 	 3 	 -0.629 	  0.000 	 -0.000
0 	 4 	 -0.528 	  0.000 	 -0.000
0 	 5 	 -0.405 	  0.000 	 -0.000
0 	 6 	 -0.266 	  0.000 	 -0.000
0 	 7 	 -0.116 	  0.000 	 -0.000
0 	 8 	  0.039 	  0.000 	  0.000
0 	 9 	  0.192 	  0.000 	  0.000
0 	 10 	  0.337 	  0.000 	  0.000
0 	 11 	  0.469 	  0.000 	  0.000
0 	 12 	  0.581 	  0.000 	  0.000
0 	 13 	  0.670 	  0.000 	  0.000
0 	 14 	  0.731 	  0.000 	  0.000
0 	 15 	  0.762 	  0.000 	  0.000
0 	 16 	  0.762 	 -0.000 	  0.000
0 	 17 	  0.731 	 -0.000 	  0.000
0 	 18 	  0.670 	 -0.000 	  0.000
0 	 19 	  0.581 	 -0.000 	  0.000
0 	 20 	  0.469 	 -0.000 	  0.000
0 	 21 	  0.337 	 -0.000 	  0.000
0 	 22 	  0.192 	 -0.000 	  0.000
0 	 23 	  0.039 	 -0.000 	  0.000
0 	 24 	 -0.116 	 -0.000 	 -0.000
0 	 25 	 -0.266 	 -0.000 	 -0.000
0 	 26 	 -0.405 	 -0.000 	 -0.000
0 	 27 	 -0.528 	 -0.000 	 -0.000
0 	 28 	 -0.629 	 -0.000 	 -0.000
0 	 29 	 -0.704 	 -0.000 	 -0.000
0 	 30 	 -0.750 	 -0.000 	 -0.000

1 	 0 	 -0.750 	  0.000 	 -0.077
1 	 1 	 -0.735 	  0.000 	 -0.075
1 	 2 	 -0.689 	  0.000 	 -0.071
1 	 3 	 -0.616 	  0.000 	 -0.063
1 	 4 	 -0.517 	  0.000 	 -0.053
1 	 5 	 -0.397 	  0.000 	 -0.041
1 	 6 	 -0.261 	  0.000 	 -0.027
1 	 7 	 -0.114 	  0.000 	 -0.012
1 	 8 	  0.038 	  0.000 	  0.004
1 	 9 	  0.188 	  0.000 	  0.019
1 	 10 	  0.330 	  0.000 	  0.034
1 	 11 	  0.459 	  0.000 	  0.047
1 	 12 	  0.569 	  0.000 	  0.058
1 	 13 	  0.656 	  0.000 	  0.067
1 	 14 	  0.716 	  0.000 	  0.074
1 	 15 	  0.746 	  0.000 	  0.077
1 	 16 	  0.746 	 -0.000 	  0.077
1 	 17 	  0.716 	 -0.000 	  0.074
1 	 18 	  0.656 	 -0.000 	  0.067
1 	 19 	  0.569 	 -0.000 	  0.058
1 	 20 	  0.459 	 -0.000 	  0.047
1 	 21 	  0.330 	 -0.000 	  0.034
1 	 22 	  0.188 	 -0.000 	  0.019
1 	 23 	  0.038 	 -0.000 	  0.004
1 	 24 	 -0.114 	 -0.000 	 -0.012
1 	 25 	 -0.261 	 -0.000 	 -0.027
1 	 26 	 -0.397 	 -0.000 	 -0.041
1 	 27 	 -0.517 	 -0.000 	 -0.053
1 	 28 	 -0.616 	 -0.000 	 -0.063
1 	 29 	 -0.689 	 -0.000 	 -0.071
1 	 30 	 -0.735 	 -0.000 	 -0.075

2 	 0 	 -0.704 	  0.000 	 -0.151
2 	 1 	 -0.689 	  0.000 	 -0.148
2 	 2 	 -0.647 	  0.000 	 -0.139
2 	 3 	 -0.578 	  0.000 	 -0.124
2 	 4 	 -0.485 	  0.000 	 -0.104
2 	 5 	 -0.372 	  0.000 	 -0.080
2 	 6 	 -0.244 	  0.000 	 -0.052
2 	 7 	 -0.107 	  0.000 	 -0.023
2 	 8 	  0.036 	  0.000 	  0.008
2 	 9 	  0.176 	  0.000 	  0.038
2 	 10 	  0.310 	  0.000 	  0.066
2 	 11 	  0.431 	  0.000 	  0.092
2 	 12 	  0.534 	  0.000 	  0.115
2 	 13 	  0.615 	  0.000 	  0.132
2 	 14 	  0.671 	  0.000 	  0.144
2 	 15 	  0.700 	  0.000 	  0.150
2 	 16 	  0.700 	 -0.000 	  0.150
2 	 17 	  0.671 	 -0.000 	  0.144
2 	 18 	  0.615 	 -0.000 	  0.132
2 	 19 	  0.534 	 -0.000 	  0.115
2 	 20 	  0.431 	 -0.000 	  0.092
2 	 21 	  0.310 	 -0.000 	  0.066
2 	 22 	  0.176 	 -0.000 	  0.038
2 	 23 	  0.036 	 -0.000 	  0.008
2 	 24 	 -0.107 	 -0.000 	 -0.023
2 	 25 	 -0.244 	 -0.000 	 -0.052
2 	 26 	 -0.372 	 -0.000 	 -0.080
2 	 27 	 -0.485 	 -0.000 	 -0.104
2 	 28 	 -0.578 	 -0.000 	 -0.124
2 	 29 	 -0.647 	 -0.000 	 -0.139
2 	 30 	 -0.689 	 -0.000 	 -0.148

3 	 0 	 -0.629 	  0.000 	 -0.219
3 	 1 	 -0.616 	  0.000 	 -0.214
3 	 2 	 -0.578 	  0.000 	 -0.201
3 	 3 	 -0.516 	  0.000 	 -0.180
3 	 4 	 -0.433 	  0.000 	 -0.151
3 	 5 	 -0.332 	  0.000 	 -0.116
3 	 6 	 -0.218 	  0.000 	 -0.076
3 	 7 	 -0.095 	  0.000 	 -0.033
3 	 8 	  0.032 	  0.000 	  0.011
3 	 9 	  0.158 	  0.000 	  0.055
3 	 10 	  0.277 	  0.000 	  0.096
3 	 11 	  0.385 	  0.000 	  0.134
3 	 12 	  0.477 	  0.000 	  0.166
3 	 13 	  0.550 	  0.000 	  0.191
3 	 14 	  0.600 	  0.000 	  0.209
3 	 15 	  0.625 	  0.000 	  0.218
3 	 16 	  0.625 	 -0.000 	  0.218
3 	 17 	  0.600 	 -0.000 	  0.209
3 	 18 	  0.550 	 -0.000 	  0.191
3 	 19 	  0.477 	 -0.000 	  0.166
3 	 20 	  0.385 	 -0.000 	  0.134
3 	 21 	  0.277 	 -0.000 	  0.096
3 	 22 	  0.158 	 -0.000 	  0.055
3 	 23 	  0.032 	 -0.000 	  0.011
3 	 24 	 -0.095 	 -0.000 	 -0.033
3 	 25 	 -0.218 	 -0.000 	 -0.076
3 	 26 	 -0.332 	 -0.000 	 -0.116
3 	 27 	 -0.433 	 -0.000 	 -0.151
3 	 28 	 -0.516 	 -0.000 	 -0.180
3 	 29 	 -0.578 	 -0.000 	 -0.201
3 	 30 	 -0.616 	 -0.000 	 -0.214

4 	 0 	 -0.528 	  0.000 	 -0.278
4 	 1 	 -0.517 	  0.000 	 -0.272
4 	 2 	 -0.485 	  0.000 	 -0.255
4 	 3 	 -0.433 	  0.000 	 -0.228
4 	 4 	 -0.363 	  0.000 	 -0.191
4 	 5 	 -0.279 	  0.000 	 -0.147
4 	 6 	 -0.183 	  0.000 	 -0.096
4 	 7 	 -0.080 	  0.000 	 -0.042
4 	 8 	  0.027 	  0.000 	  0.014
4 	 9 	  0.132 	  0.000 	  0.070
4 	 10 	  0.232 	  0.000 	  0.122
4 	 11 	  0.323 	  0.000 	  0.170
4 	 12 	  0.400 	  0.000 	  0.211
4 	 13 	  0.461 	  0.000 	  0.243
4 	 14 	  0.503 	  0.000 	  0.265
4 	 15 	  0.525 	  0.000 	  0.276
4 	 16 	  0.525 	 -0.000 	  0.276
4 	 17 	  0.503 	 -0.000 	  0.265
4 	 18 	  0.461 	 -0.000 	  0.243
4 	 19 	  0.400 	 -0.000 	  0.211
4 	 20 	  0.323 	 -0.000 	  0.170
4 	 21 	  0.232 	 -0.000 	  0.122
4 	 22 	  0.132 	 -0.000 	  0.070
4 	 23 	  0.027 	 -0.000 	  0.014
4 	 24 	 -0.080 	 -0.000 	 -0.042
4 	 25 	 -0.183 	 -0.000 	 -0.096
4 	 26 	 -0.279 	 -0.000 	 -0.147
4 	 27 	 -0.363 	 -0.000 	 -0.191
4 	 28 	 -0.433 	 -0.000 	 -0.228
4 	 29 	 -0.485 	 -0.000 	 -0.255
4 	 30 	 -0.517 	 -0.000 	 -0.272

5 	 0 	 -0.405 	  0.000 	 -0.325
5 	 1 	 -0.397 	  0.000 	 -0.318
5 	 2 	 -0.372 	  0.000 	 -0.299
5 	 3 	 -0.332 	  0.000 	 -0.267
5 	 4 	 -0.279 	  0.000 	 -0.224
5 	 5 	 -0.214 	  0.000 	 -0.172
5 	 6 	 -0.141 	  0.000 	 -0.113
5 	 7 	 -0.061 	  0.000 	 -0.049
5 	 8 	  0.021 	  0.000 	  0.016
5 	 9 	  0.102 	  0.000 	  0.081
5 	 10 	  0.178 	  0.000 	  0.143
5 	 11 	  0.248 	  0.000 	  0.199
5 	 12 	  0.307 	  0.000 	  0.247
5 	 13 	  0.354 	  0.000 	  0.284
5 	 14 	  0.386 	  0.000 	  0.310
5 	 15 	  0.403 	  0.000 	  0.323
5 	 16 	  0.403 	 -0.000 	  0.323
5 	 17 	  0.386 	 -0.000 	  0.310
5 	 18 	  0.354 	 -0.000 	  0.284
5 	 19 	  0.307 	 -0.000 	  0.247
5 	 20 	  0.248 	 -0.000 	  0.199
5 	 21 	  0.178 	 -0.000 	  0.143
5 	 22 	  0.102 	 -0.000 	  0.081
5 	 23 	  0.021 	 -0.000 	  0.016
5 	 24 	 -0.061 	 -0.000 	 -0.049
5 	 25 	 -0.141 	 -0.000 	 -0.113
5 	 26 	 -0.214 	 -0.000 	 -0.172
5 	 27 	 -0.279 	 -0.000 	 -0.224
5 	 28 	 -0.332 	 -0.000 	 -0.267
5 	 29 	 -0.372 	 -0.000 	 -0.299
5 	 30 	 -0.397 	 -0.000 	 -0.318

6 	 0 	 -0.266 	  0.000 	 -0.359
6 	 1 	 -0.261 	  0.000 	 -0.352
6 	 2 	 -0.244 	  0.000 	 -0.330
6 	 3 	 -0.218 	  0.000 	 -0.295
6 	 4 	 -0.183 	  0.000 	 -0.247
6 	 5 	 -0.141 	  0.000 	 -0.190
6 	 6 	 -0.092 	  0.000 	 -0.125
6 	 7 	 -0.040 	  0.000 	 -0.054
6 	 8 	  0.013 	  0.000 	  0.018
6 	 9 	  0.067 	  0.000 	  0.090
6 	 10 	  0.117 	  0.000 	  0.158
6 	 11 	  0.163 	  0.000 	  0.220
6 	 12 	  0.202 	  0.000 	  0.272
6 	 13 	  0.233 	  0.000 	  0.314
6 	 14 	  0.254 	  0.000 	  0.343
6 	 15 	  0.265 	  0.000 	  0.357
6 	 16 	  0.265 	 -0.000 	  0.357
6 	 17 	  0.254 	 -0.000 	  0.343
6 	 18 	  0.233 	 -0.000 	  0.314
6 	 19 	  0.202 	 -0.000 	  0.272
6 	 20 	  0.163 	 -0.000 	  0.220
6 	 21 	  0.117 	 -0.000 	  0.158
6 	 22 	  0.067 	 -0.000 	  0.090
6 	 23 	  0.013 	 -0.000 	  0.018
6 	 24 	 -0.040 	 -0.000 	 -0.054
6 	 25 	 -0.092 	 -0.000 	 -0.125
6 	 26 	 -0.141 	 -0.000 	 -0.190
6 	 27 	 -0.183 	 -0.000 	 -0.247
6 	 28 	 -0.218 	 -0.000 	 -0.295
6 	 29 	 -0.244 	 -0.000 	 -0.330
6 	 30 	 -0.261 	 -0.000 	 -0.352

7 	 0 	 -0.116 	  0.000 	 -0.378
7 	 1 	 -0.114 	  0.000 	 -0.371
7 	 2 	 -0.107 	  0.000 	 -0.348
7 	 3 	 -0.095 	  0.000 	 -0.311
7 	 4 	 -0.080 	  0.000 	 -0.261
7 	 5 	 -0.061 	  0.000 	 -0.200
7 	 6 	 -0.040 	  0.000 	 -0.131
7 	 7 	 -0.018 	  0.000 	 -0.057
7 	 8 	  0.006 	  0.000 	  0.019
7 	 9 	  0.029 	  0.000 	  0.095
7 	 10 	  0.051 	  0.000 	  0.167
7 	 11 	  0.071 	  0.000 	  0.232
7 	 12 	  0.088 	  0.000 	  0.287
7 	 13 	  0.101 	  0.000 	  0.331
7 	 14 	  0.111 	  0.000 	  0.361
7 	 15 	  0.115 	  0.000 	  0.377
7 	 16 	  0.115 	 -0.000 	  0.377
7 	 17 	  0.111 	 -0.000 	  0.361
7 	 18 	  0.101 	 -0.000 	  0.331
7 	 19 	  0.088 	 -0.000 	  0.287
7 	 20 	  0.071 	 -0.000 	  0.232
7 	 21 	  0.051 	 -0.000 	  0.167
7 	 22 	  0.029 	 -0.000 	  0.095
7 	 23 	  0.006 	 -0.000 	  0.019
7 	 24 	 -0.018 	 -0.000 	 -0.057
7 	 25 	 -0.040 	 -0.000 	 -0.131
7 	 26 	 -0.061 	 -0.000 	 -0.200
7 	 27 	 -0.080 	 -0.000 	 -0.261
7 	 28 	 -0.095 	 -0.000 	 -0.311
7 	 29 	 -0.107 	 -0.000 	 -0.348
7 	 30 	 -0.114 	 -0.000 	 -0.371

8 	 0 	  0.039 	 -0.000 	 -0.382
8 	 1 	  0.038 	 -0.000 	 -0.375
8 	 2 	  0.036 	 -0.000 	 -0.351
8 	 3 	  0.032 	 -0.000 	 -0.314
8 	 4 	  0.027 	 -0.000 	 -0.263
8 	 5 	  0.021 	 -0.000 	 -0.202
8 	 6 	  0.013 	 -0.000 	 -0.133
8 	 7 	  0.006 	 -0.000 	 -0.058
8 	 8 	 -0.002 	 -0.000 	  0.019
8 	 9 	 -0.010 	 -0.000 	  0.096
8 	 10 	 -0.017 	 -0.000 	  0.168
8 	 11 	 -0.024 	 -0.000 	  0.234
8 	 12 	 -0.029 	 -0.000 	  0.290
8 	 13 	 -0.034 	 -0.000 	  0.334
8 	 14 	 -0.037 	 -0.000 	  0.365
8 	 15 	 -0.039 	 -0.000 	  0.380
8 	 16 	 -0.039 	  0.000 	  0.380
8 	 17 	 -0.037 	  0.000 	  0.365
8 	 18 	 -0.034 	  0.000 	  0.334
8 	 19 	 -0.029 	  0.000 	  0.290
8 	 20 	 -0.024 	  0.000 	  0.234
8 	 21 	 -0.017 	  0.000 	  0.168
8 	 22 	 -0.010 	  0.000 	  0.096
8 	 23 	 -0.002 	  0.000 	  0.019
8 	 24 	  0.006 	  0.000 	 -0.058
8 	 25 	  0.013 	  0.000 	 -0.133
8 	 26 	  0.021 	  0.000 	 -0.202
8 	 27 	  0.027 	  0.000 	 -0.263
8 	 28 	  0.032 	  0.000 	 -0.314
8 	 29 	  0.036 	  0.000 	 -0.351
8 	 30 	  0.038 	  0.000 	 -0.375

9 	 0 	  0.192 	 -0.000 	 -0.371
9 	 1 	  0.188 	 -0.000 	 -0.363
9 	 2 	  0.176 	 -0.000 	 -0.341
9 	 3 	  0.158 	 -0.000 	 -0.304
9 	 4 	  0.132 	 -0.000 	 -0.255
9 	 5 	  0.102 	 -0.000 	 -0.196
9 	 6 	  0.067 	 -0.000 	 -0.129
9 	 7 	  0.029 	 -0.000 	 -0.056
9 	 8 	 -0.010 	 -0.000 	  0.019
9 	 9 	 -0.048 	 -0.000 	  0.093
9 	 10 	 -0.085 	 -0.000 	  0.163
9 	 11 	 -0.117 	 -0.000 	  0.227
9 	 12 	 -0.146 	 -0.000 	  0.281
9 	 13 	 -0.168 	 -0.000 	  0.324
9 	 14 	 -0.183 	 -0.000 	  0.354
9 	 15 	 -0.191 	 -0.000 	  0.369
9 	 16 	 -0.191 	  0.000 	  0.369
9 	 17 	 -0.183 	  0.000 	  0.354
9 	 18 	 -0.168 	  0.000 	  0.324
9 	 19 	 -0.146 	  0.000 	  0.281
9 	 20 	 -0.117 	  0.000 	  0.227
9 	 21 	 -0.085 	  0.000 	  0.163
9 	 22 	 -0.048 	  0.000 	  0.093
9 	 23 	 -0.010 	  0.000 	  0.019
9 	 24 	  0.029 	  0.000 	 -0.056
9 	 25 	  0.067 	  0.000 	 -0.129
9 	 26 	  0.102 	  0.000 	 -0.196
9 	 27 	  0.132 	  0.000 	 -0.255
9 	 28 	  0.158 	  0.000 	 -0.304
9 	 29 	  0.176 	  0.000 	 -0.341
9 	 30 	  0.188 	  0.000 	 -0.363

10 	 0 	  0.337 	 -0.000 	 -0.344
10 	 1 	  0.330 	 -0.000 	 -0.337
10 	 2 	  0.310 	 -0.000 	 -0.316
10 	 3 	  0.277 	 -0.000 	 -0.282
10 	 4 	  0.232 	 -0.000 	 -0.237
10 	 5 	  0.178 	 -0.000 	 -0.182
10 	 6 	  0.117 	 -0.000 	 -0.119
10 	 7 	  0.051 	 -0.000 	 -0.052
10 	 8 	 -0.017 	 -0.000 	  0.017
10 	 9 	 -0.085 	 -0.000 	  0.086
10 	 10 	 -0.149 	 -0.000 	  0.151
10 	 11 	 -0.206 	 -0.000 	  0.210
10 	 12 	 -0.256 	 -0.000 	  0.261
10 	 13 	 -0.295 	 -0.000 	  0.301
10 	 14 	 -0.322 	 -0.000 	  0.328
10 	 15 	 -0.336 	 -0.000 	  0.342
10 	 16 	 -0.336 	  0.000 	  0.342
10 	 17 	 -0.322 	  0.000 	  0.328
10 	 18 	 -0.295 	  0.000 	  0.301
10 	 19 	 -0.256 	  0.000 	  0.261
10 	 20 	 -0.206 	  0.000 	  0.210
10 	 21 	 -0.149 	  0.000 	  0.151
10 	 22 	 -0.085 	  0.000 	  0.086
10 	 23 	 -0.017 	  0.000 	  0.017
10 	 24 	  0.051 	  0.000 	 -0.052
10 	 25 	  0.117 	  0.000 	 -0.119
10 	 26 	  0.178 	  0.000 	 -0.182
10 	 27 	  0.232 	  0.000 	 -0.237
10 	 28 	  0.277 	  0.000 	 -0.282
10 	 29 	  0.310 	  0.000 	 -0.316
10 	 30 	  0.330 	  0.000 	 -0.337

11 	 0 	  0.469 	 -0.000 	 -0.303
11 	 1 	  0.459 	 -0.000 	 -0.297
11 	 2 	  0.431 	 -0.000 	 -0.278
11 	 3 	  0.385 	 -0.000 	 -0.249
11 	 4 	  0.323 	 -0.000 	 -0.209
11 	 5 	  0.248 	 -0.000 	 -0.160
11 	 6 	  0.163 	 -0.000 	 -0.105
11 	 7 	  0.071 	 -0.000 	 -0.046
11 	 8 	 -0.024 	 -0.000 	  0.015
11 	 9 	 -0.117 	 -0.000 	  0.076
11 	 10 	 -0.206 	 -0.000 	  0.133
11 	 11 	 -0.287 	 -0.000 	  0.185
11 	 12 	 -0.356 	 -0.000 	  0.230
11 	 13 	 -0.410 	 -0.000 	  0.265
11 	 14 	 -0.447 	 -0.000 	  0.289
11 	 15 	 -0.466 	 -0.000 	  0.301
11 	 16 	 -0.466 	  0.000 	  0.301
11 	 17 	 -0.447 	  0.000 	  0.289
11 	 18 	 -0.410 	  0.000 	  0.265
11 	 19 	 -0.356 	  0.000 	  0.230
11 	 20 	 -0.287 	  0.000 	  0.185
11 	 21 	 -0.206 	  0.000 	  0.133
11 	 22 	 -0.117 	  0.000 	  0.076
11 	 23 	 -0.024 	  0.000 	  0.015
11 	 24 	  0.071 	  0.000 	 -0.046
11 	 25 	  0.163 	  0.000 	 -0.105
11 	 26 	  0.248 	  0.000 	 -0.160
11 	 27 	  0.323 	  0.000 	 -0.209
11 	 28 	  0.385 	  0.000 	 -0.249
11 	 29 	  0.431 	  0.000 	 -0.278
11 	 30 	  0.459 	  0.000 	 -0.297

12 	 0 	  0.581 	 -0.000 	 -0.249
12 	 1 	  0.569 	 -0.000 	 -0.244
12 	 2 	  0.534 	 -0.000 	 -0.229
12 	 3 	  0.477 	 -0.000 	 -0.205
12 	 4 	  0.400 	 -0.000 	 -0.172
12 	 5 	  0.307 	 -0.000 	 -0.132
12 	 6 	  0.202 	 -0.000 	 -0.087
12 	 7 	  0.088 	 -0.000 	 -0.038
12 	 8 	 -0.029 	 -0.000 	  0.013
12 	 9 	 -0.146 	 -0.000 	  0.063
12 	 10 	 -0.256 	 -0.000 	  0.110
12 	 11 	 -0.356 	 -0.000 	  0.153
12 	 12 	 -0.441 	 -0.000 	  0.189
12 	 13 	 -0.508 	 -0.000 	  0.218
12 	 14 	 -0.554 	 -0.000 	  0.238
12 	 15 	 -0.578 	 -0.000 	  0.248
12 	 16 	 -0.578 	  0.000 	  0.248
12 	 17 	 -0.554 	  0.000 	  0.238
12 	 18 	 -0.508 	  0.000 	  0.218
12 	 19 	 -0.441 	  0.000 	  0.189
12 	 20 	 -0.356 	  0.000 	  0.153
12 	 21 	 -0.256 	  0.000 	  0.110
12 	 22 	 -0.146 	  0.000 	  0.063
12 	 23 	 -0.029 	  0.000 	  0.013
12 	 24 	  0.088 	  0.000 	 -0.038
12 	 25 	  0.202 	  0.000 	 -0.087
12 	 26 	  0.307 	  0.000 	 -0.132
12 	 27 	  0.400 	  0.000 	 -0.172
12 	 28 	  0.477 	  0.000 	 -0.205
12 	 29 	  0.534 	  0.000 	 -0.229
12 	 30 	  0.569 	  0.000 	 -0.244

13 	 0 	  0.670 	 -0.000 	 -0.186
13 	 1 	  0.656 	 -0.000 	 -0.182
13 	 2 	  0.615 	 -0.000 	 -0.171
13 	 3 	  0.550 	 -0.000 	 -0.153
13 	 4 	  0.461 	 -0.000 	 -0.128
13 	 5 	  0.354 	 -0.000 	 -0.098
13 	 6 	  0.233 	 -0.000 	 -0.065
13 	 7 	  0.101 	 -0.000 	 -0.028
13 	 8 	 -0.034 	 -0.000 	  0.009
13 	 9 	 -0.168 	 -0.000 	  0.047
13 	 10 	 -0.295 	 -0.000 	  0.082
13 	 11 	 -0.410 	 -0.000 	  0.114
13 	 12 	 -0.508 	 -0.000 	  0.141
13 	 13 	 -0.585 	 -0.000 	  0.162
13 	 14 	 -0.639 	 -0.000 	  0.177
13 	 15 	 -0.666 	 -0.000 	  0.185
13 	 16 	 -0.666 	  0.000 	  0.185
13 	 17 	 -0.639 	  0.000 	  0.177
13 	 18 	 -0.585 	  0.000 	  0.162
13 	 19 	 -0.508 	  0.000 	  0.141
13 	 20 	 -0.410 	  0.000 	  0.114
13 	 21 	 -0.295 	  0.000 	  0.082
13 	 22 	 -0.168 	  0.000 	  0.047
13 	 23 	 -0.034 	  0.000 	  0.009
13 	 24 	  0.101 	  0.000 	 -0.028
13 	 25 	  0.233 	  0.000 	 -0.065
13 	 26 	  0.354 	  0.000 	 -0.098
13 	 27 	  0.461 	  0.000 	 -0.128
13 	 28 	  0.550 	  0.000 	 -0.153
13 	 29 	  0.615 	  0.000 	 -0.171
13 	 30 	  0.656 	  0.000 	 -0.182

14 	 0 	  0.731 	 -0.000 	 -0.115
14 	 1 	  0.716 	 -0.000 	 -0.112
14 	 2 	  0.671 	 -0.000 	 -0.105
14 	 3 	  0.600 	 -0.000 	 -0.094
14 	 4 	  0.503 	 -0.000 	 -0.079
14 	 5 	  0.386 	 -0.000 	 -0.061
14 	 6 	  0.254 	 -0.000 	 -0.040
14 	 7 	  0.111 	 -0.000 	 -0.017
14 	 8 	 -0.037 	 -0.000 	  0.006
14 	 9 	 -0.183 	 -0.000 	  0.029
14 	 10 	 -0.322 	 -0.000 	  0.050
14 	 11 	 -0.447 	 -0.000 	  0.070
14 	 12 	 -0.554 	 -0.000 	  0.087
14 	 13 	 -0.639 	 -0.000 	  0.100
14 	 14 	 -0.697 	 -0.000 	  0.109
14 	 15 	 -0.727 	 -0.000 	  0.114
14 	 16 	 -0.727 	  0.000 	  0.114
14 	 17 	 -0.697 	  0.000 	  0.109
14 	 18 	 -0.639 	  0.000 	  0.100
14 	 19 	 -0.554 	  0.000 	  0.087
14 	 20 	 -0.447 	  0.000 	  0.070
14 	 21 	 -0.322 	  0.000 	  0.050
14 	 22 	 -0.183 	  0.000 	  0.029
14 	 23 	 -0.037 	  0.000 	  0.006
14 	 24 	  0.111 	  0.000 	 -0.017
14 	 25 	  0.254 	  0.000 	 -0.040
14 	 26 	  0.386 	  0.000 	 -0.061
14 	 27 	  0.503 	  0.000 	 -0.079
14 	 28 	  0.600 	  0.000 	 -0.094
14 	 29 	  0.671 	  0.000 	 -0.105
14 	 30 	  0.716 	  0.000 	 -0.112

15 	 0 	  0.762 	 -0.000 	 -0.039
15 	 1 	  0.746 	 -0.000 	 -0.038
15 	 2 	  0.700 	 -0.000 	 -0.036
15 	 3 	  0.625 	 -0.000 	 -0.032
15 	 4 	  0.525 	 -0.000 	 -0.027
15 	 5 	  0.403 	 -0.000 	 -0.020
15 	 6 	  0.265 	 -0.000 	 -0.013
15 	 7 	  0.115 	 -0.000 	 -0.006
15 	 8 	 -0.039 	 -0.000 	  0.002
15 	 9 	 -0.191 	 -0.000 	  0.010
15 	 10 	 -0.336 	 -0.000 	  0.017
15 	 11 	 -0.466 	 -0.000 	  0.024
15 	 12 	 -0.578 	 -0.000 	  0.029
15 	 13 	 -0.666 	 -0.000 	  0.034
15 	 14 	 -0.727 	 -0.000 	  0.037
15 	 15 	 -0.758 	 -0.000 	  0.039
15 	 16 	 -0.758 	  0.000 	  0.039
15 	 17 	 -0.727 	  0.000 	  0.037
15 	 18 	 -0.666 	  0.000 	  0.034
15 	 19 	 -0.578 	  0.000 	  0.029
15 	 20 	 -0.466 	  0.000 	  0.024
15 	 21 	 -0.336 	  0.000 	  0.017
15 	 22 	 -0.191 	  0.000 	  0.010
15 	 23 	 -0.039 	  0.000 	  0.002
15 	 24 	  0.115 	  0.000 	 -0.006
15 	 25 	  0.265 	  0.000 	 -0.013
15 	 26 	  0.403 	  0.000 	 -0.020
15 	 27 	  0.525 	  0.000 	 -0.027
15 	 28 	  0.625 	  0.000 	 -0.032
15 	 29 	  0.700 	  0.000 	 -0.036
15 	 30 	  0.746 	  0.000 	 -0.038

16 	 0 	  0.762 	 -0.000 	  0.039
16 	 1 	  0.746 	 -0.000 	  0.038
16 	 2 	  0.700 	 -0.000 	  0.036
16 	 3 	  0.625 	 -0.000 	  0.032
16 	 4 	  0.525 	 -0.000 	  0.027
16 	 5 	  0.403 	 -0.000 	  0.020
16 	 6 	  0.265 	 -0.000 	  0.013
16 	 7 	  0.115 	 -0.000 	  0.006
16 	 8 	 -0.039 	 -0.000 	 -0.002
16 	 9 	 -0.191 	 -0.000 	 -0.010
16 	 10 	 -0.336 	 -0.000 	 -0.017
16 	 11 	 -0.466 	 -0.000 	 -0.024
16 	 12 	 -0.578 	 -0.000 	 -0.029
16 	 13 	 -0.666 	 -0.000 	 -0.034
16 	 14 	 -0.727 	 -0.000 	 -0.037
16 	 15 	 -0.758 	 -0.000 	 -0.039
16 	 16 	 -0.758 	  0.000 	 -0.039
16 	 17 	 -0.727 	  0.000 	 -0.037
16 	 18 	 -0.666 	  0.000 	 -0.034
16 	 19 	 -0.578 	  0.000 	 -0.029
16 	 20 	 -0.466 	  0.000 	 -0.024
16 	 21 	 -0.336 	  0.000 	 -0.017
16 	 22 	 -0.191 	  0.000 	 -0.010
16 	 23 	 -0.039 	  0.000 	 -0.002
16 	 24 	  0.115 	  0.000 	  0.006
16 	 25 	  0.265 	  0.000 	  0.013
16 	 26 	  0.403 	  0.000 	  0.020
16 	 27 	  0.525 	  0.000 	  0.027
16 	 28 	  0.625 	  0.000 	  0.032
16 	 29 	  0.700 	  0.000 	  0.036
16 	 30 	  0.746 	  0.000 	  0.038

17 	 0 	  0.731 	 -0.000 	  0.115
17 	 1 	  0.716 	 -0.000 	  0.112
17 	 2 	  0.671 	 -0.000 	  0.105
17 	 3 	  0.600 	 -0.000 	  0.094
17 	 4 	  0.503 	 -0.000 	  0.079
17 	 5 	  0.386 	 -0.000 	  0.061
17 	 6 	  0.254 	 -0.000 	  0.040
17 	 7 	  0.111 	 -0.000 	  0.017
17 	 8 	 -0.037 	 -0.000 	 -0.006
17 	 9 	 -0.183 	 -0.000 	 -0.029
17 	 10 	 -0.322 	 -0.000 	 -0.050
17 	 11 	 -0.447 	 -0.000 	 -0.070
17 	 12 	 -0.554 	 -0.000 	 -0.087
17 	 13 	 -0.639 	 -0.000 	 -0.100
17 	 14 	 -0.697 	 -0.000 	 -0.109
17 	 15 	 -0.727 	 -0.000 	 -0.114
17 	 16 	 -0.727 	  0.000 	 -0.114
17 	 17 	 -0.697 	  0.000 	 -0.109
17 	 18 	 -0.639 	  0.000 	 -0.100
17 	 19 	 -0.554 	  0.000 	 -0.087
17 	 20 	 -0.447 	  0.000 	 -0.070
17 	 21 	 -0.322 	  0.000 	 -0.050
17 	 22 	 -0.183 	  0.000 	 -0.029
17 	 23 	 -0.037 	  0.000 	 -0.006
17 	 24 	  0.111 	  0.000 	  0.017
17 	 25 	  0.254 	  0.000 	  0.040
17 	 26 	  0.386 	  0.000 	  0.061
17 	 27 	  0.503 	  0.000 	  0.079
17 	 28 	  0.600 	  0.000 	  0.094
17 	 29 	  0.671 	  0.000 	  0.105
17 	 30 	  0.716 	  0.000 	  0.112

18 	 0 	  0.670 	 -0.000 	  0.186
18 	 1 	  0.656 	 -0.000 	  0.182
18 	 2 	  0.615 	 -0.000 	  0.171
18 	 3 	  0.550 	 -0.000 	  0.153
18 	 4 	  0.461 	 -0.000 	  0.128
18 	 5 	  0.354 	 -0.000 	  0.098
18 	 6 	  0.233 	 -0.000 	  0.065
18 	 7 	  0.101 	 -0.000 	  0.028
18 	 8 	 -0.034 	 -0.000 	 -0.009
18 	 9 	 -0.168 	 -0.000 	 -0.047
18 	 10 	 -0.295 	 -0.000 	 -0.082
18 	 11 	 -0.410 	 -0.000 	 -0.114
18 	 12 	 -0.508 	 -0.000 	 -0.141
18 	 13 	 -0.585 	 -0.000 	 -0.162
18 	 14 	 -0.639 	 -0.000 	 -0.177
18 	 15 	 -0.666 	 -0.000 	 -0.185
18 	 16 	 -0.666 	  0.000 	 -0.185
18 	 17 	 -0.639 	  0.000 	 -0.177
18 	 18 	 -0.585 	  0.000 	 -0.162
18 	 19 	 -0.508 	  0.000 	 -0.141
18 	 20 	 -0.410 	  0.000 	 -0.114
18 	 21 	 -0.295 	  0.000 	 -0.082
18 	 22 	 -0.168 	  0.000 	 -0.047
18 	 23 	 -0.034 	  0.000 	 -0.009
18 	 24 	  0.101 	  0.000 	  0.028
18 	 25 	  0.233 	  0.000 	  0.065
18 	 26 	  0.354 	  0.000 	  0.098
18 	 27 	  0.461 	  0.000 	  0.128
18 	 28 	  0.550 	  0.000 	  0.153
18 	 29 	  0.615 	  0.000 	  0.171
18 	 30 	  0.656 	  0.000 	  0.182

19 	 0 	  0.581 	 -0.000 	  0.249
19 	 1 	  0.569 	 -0.000 	  0.244
19 	 2 	  0.534 	 -0.000 	  0.229
19 	 3 	  0.477 	 -0.000 	  0.205
19 	 4 	  0.400 	 -0.000 	  0.172
19 	 5 	  0.307 	 -0.000 	  0.132
19 	 6 	  0.202 	 -0.000 	  0.087
19 	 7 	  0.088 	 -0.000 	  0.038
19 	 8 	 -0.029 	 -0.000 	 -0.013
19 	 9 	 -0.146 	 -0.000 	 -0.063
19 	 10 	 -0.256 	 -0.000 	 -0.110
19 	 11 	 -0.356 	 -0.000 	 -0.153
19 	 12 	 -0.441 	 -0.000 	 -0.189
19 	 13 	 -0.508 	 -0.000 	 -0.218
19 	 14 	 -0.554 	 -0.000 	 -0.238
19 	 15 	 -0.578 	 -0.000 	 -0.248
19 	 16 	 -0.578 	  0.000 	 -0.248
19 	 17 	 -0.554 	  0.000 	 -0.238
19 	 18 	 -0.508 	  0.000 	 -0.218
19 	 19 	 -0.441 	  0.000 	 -0.189
19 	 20 	 -0.356 	  0.000 	 -0.153
19 	 21 	 -0.256 	  0.000 	 -0.110
19 	 22 	 -0.146 	  0.000 	 -0.063
19 	 23 	 -0.029 	  0.000 	 -0.013
19 	 24 	  0.088 	  0.000 	  0.038
19 	 25 	  0.202 	  0.000 	  0.087
19 	 26 	  0.307 	  0.000 	  0.132
19 	 27 	  0.400 	  0.000 	  0.172
19 	 28 	  0.477 	  0.000 	  0.205
19 	 29 	  0.534 	  0.000 	  0.229
19 	 30 	  0.569 	  0.000 	  0.244

20 	 0 	  0.469 	 -0.000 	  0.303
20 	 1 	  0.459 	 -0.000 	  0.297
20 	 2 	  0.431 	 -0.000 	  0.278
20 	 3 	  0.385 	 -0.000 	  0.249
20 	 4 	  0.323 	 -0.000 	  0.209
20 	 5 	  0.248 	 -0.000 	  0.160
20 	 6 	  0.163 	 -0.000 	  0.105
20 	 7 	  0.071 	 -0.000 	  0.046
20 	 8 	 -0.024 	 -0.000 	 -0.015
20 	 9 	 -0.117 	 -0.000 	 -0.076
20 	 10 	 -0.206 	 -0.000 	 -0.133
20 	 11 	 -0.287 	 -0.000 	 -0.185
20 	 12 	 -0.356 	 -0.000 	 -0.230
20 	 13 	 -0.410 	 -0.000 	 -0.265
20 	 14 	 -0.447 	 -0.000 	 -0.289
20 	 15 	 -0.466 	 -0.000 	 -0.301
20 	 16 	 -0.466 	  0.000 	 -0.301
20 	 17 	 -0.447 	  0.000 	 -0.289
20 	 18 	 -0.410 	  0.000 	 -0.265
20 	 19 	 -0.356 	  0.000 	 -0.230
20 	 20 	 -0.287 	  0.000 	 -0.185
20 	 21 	 -0.206 	  0.000 	 -0.133
20 	 22 	 -0.117 	  0.000 	 -0.076
20 	 23 	 -0.024 	  0.000 	 -0.015
20 	 24 	  0.071 	  0.000 	  0.046
20 	 25 	  0.163 	  0.000 	  0.105
20 	 26 	  0.248 	  0.000 	  0.160
20 	 27 	  0.323 	  0.000 	  0.209
20 	 28 	  0.385 	  0.000 	  0.249
20 	 29 	  0.431 	  0.000 	  0.278
20 	 30 	  0.459 	  0.000 	  0.297

21 	 0 	  0.337 	 -0.000 	  0.344
21 	 1 	  0.330 	 -0.000 	  0.337
21 	 2 	  0.310 	 -0.000 	  0.316
21 	 3 	  0.277 	 -0.000 	  0.282
21 	 4 	  0.232 	 -0.000 	  0.237
21 	 5 	  0.178 	 -0.000 	  0.182
21 	 6 	  0.117 	 -0.000 	  0.119
21 	 7 	  0.051 	 -0.000 	  0.052
21 	 8 	 -0.017 	 -0.000 	 -0.017
21 	 9 	 -0.085 	 -0.000 	 -0.086
21 	 10 	 -0.149 	 -0.000 	 -0.151
21 	 11 	 -0.206 	 -0.000 	 -0.210
21 	 12 	 -0.256 	 -0.000 	 -0.261
21 	 13 	 -0.295 	 -0.000 	 -0.301
21 	 14 	 -0.322 	 -0.000 	 -0.328
21 	 15 	 -0.336 	 -0.000 	 -0.342
21 	 16 	 -0.336 	  0.000 	 -0.342
21 	 17 	 -0.322 	  0.000 	 -0.328
21 	 18 	 -0.295 	  0.000 	 -0.301
21 	 19 	 -0.256 	  0.000 	 -0.261
21 	 20 	 -0.206 	  0.000 	 -0.210
21 	 21 	 -0.149 	  0.000 	 -0.151
21 	 22 	 -0.085 	  0.000 	 -0.086
21 	 23 	 -0.017 	  0.000 	 -0.017
21 	 24 	  0.051 	  0.000 	  0.052
21 	 25 	  0.117 	  0.000 	  0.119
21 	 26 	  0.178 	  0.000 	  0.182
21 	 27 	  0.232 	  0.000 	  0.237
21 	 28 	  0.277 	  0.000 	  0.282
21 	 29 	  0.310 	  0.000 	  0.316
21 	 30 	  0.330 	  0.000 	  0.337

22 	 0 	  0.192 	 -0.000 	  0.371
22 	 1 	  0.188 	 -0.000 	  0.363
22 	 2 	  0.176 	 -0.000 	  0.341
22 	 3 	  0.158 	 -0.000 	  0.304
22 	 4 	  0.132 	 -0.000 	  0.255
22 	 5 	  0.102 	 -0.000 	  0.196
22 	 6 	  0.067 	 -0.000 	  0.129
22 	 7 	  0.029 	 -0.000 	  0.056
22 	 8 	 -0.010 	 -0.000 	 -0.019
22 	 9 	 -0.048 	 -0.000 	 -0.093
22 	 10 	 -0.085 	 -0.000 	 -0.163
22 	 11 	 -0.117 	 -0.000 	 -0.227
22 	 12 	 -0.146 	 -0.000 	 -0.281
22 	 13 	 -0.168 	 -0.000 	 -0.324
22 	 14 	 -0.183 	 -0.000 	 -0.354
22 	 15 	 -0.191 	 -0.000 	 -0.369
22 	 16 	 -0.191 	  0.000 	 -0.369
22 	 17 	 -0.183 	  0.000 	 -0.354
22 	 18 	 -0.168 	  0.000 	 -0.324
22 	 19 	 -0.146 	  0.000 	 -0.281
22 	 20 	 -0.117 	  0.000 	 -0.227
22 	 21 	 -0.085 	  0.000 	 -0.163
22 	 22 	 -0.048 	  0.000 	 -0.093
22 	 23 	 -0.010 	  0.000 	 -0.019
22 	 24 	  0.029 	  0.000 	  0.056
22 	 25 	  0.067 	  0.000 	  0.129
22 	 26 	  0.102 	  0.000 	  0.196
22 	 27 	  0.132 	  0.000 	  0.255
22 	 28 	  0.158 	  0.000 	  0.304
22 	 29 	  0.176 	  0.000 	  0.341
22 	 30 	  0.188 	  0.000 	  0.363

23 	 0 	  0.039 	 -0.000 	  0.382
23 	 1 	  0.038 	 -0.000 	  0.375
23 	 2 	  0.036 	 -0.000 	  0.351
23 	 3 	  0.032 	 -0.000 	  0.314
23 	 4 	  0.027 	 -0.000 	  0.263
23 	 5 	  0.021 	 -0.000 	  0.202
23 	 6 	  0.013 	 -0.000 	  0.133
23 	 7 	  0.006 	 -0.000 	  0.058
23 	 8 	 -0.002 	 -0.000 	 -0.019
23 	 9 	 -0.010 	 -0.000 	 -0.096
23 	 10 	 -0.017 	 -0.000 	 -0.168
23 	 11 	 -0.024 	 -0.000 	 -0.234
23 	 12 	 -0.029 	 -0.000 	 -0.290
23 	 13 	 -0.034 	 -0.000 	 -0.334
23 	 14 	 -0.037 	 -0.000 	 -0.365
23 	 15 	 -0.039 	 -0.000 	 -0.380
23 	 16 	 -0.039 	  0.000 	 -0.380
23 	 17 	 -0.037 	  0.000 	 -0.365
23 	 18 	 -0.034 	  0.000 	 -0.334
23 	 19 	 -0.029 	  0.000 	 -0.290
23 	 20 	 -0.024 	  0.000 	 -0.234
23 	 21 	 -0.017 	  0.000 	 -0.168
23 	 22 	 -0.010 	  0.000 	 -0.096
23 	 23 	 -0.002 	  0.000 	 -0.019
23 	 24 	  0.006 	  0.000 	  0.058
23 	 25 	  0.013 	  0.000 	  0.133
23 	 26 	  0.021 	  0.000 	  0.202
23 	 27 	  0.027 	  0.000 	  0.263
23 	 28 	  0.032 	  0.000 	  0.314
23 	 29 	  0.036 	  0.000 	  0.351
23 	 30 	  0.038 	  0.000 	  0.375

24 	 0 	 -0.116 	  0.000 	  0.378
24 	 1 	 -0.114 	  0.000 	  0.371
24 	 2 	 -0.107 	  0.000 	  0.348
24 	 3 	 -0.095 	  0.000 	  0.311
24 	 4 	 -0.080 	  0.000 	  0.261
24 	 5 	 -0.061 	  0.000 	  0.200
24 	 6 	 -0.040 	  0.000 	  0.131
24 	 7 	 -0.018 	  0.000 	  0.057
24 	 8 	  0.006 	  0.000 	 -0.019
24 	 9 	  0.029 	  0.000 	 -0.095
24 	 10 	  0.051 	  0.000 	 -0.167
24 	 11 	  0.071 	  0.000 	 -0.232
24 	 12 	  0.088 	  0.000 	 -0.287
24 	 13 	  0.101 	  0.000 	 -0.331
24 	 14 	  0.111 	  0.000 	 -0.361
24 	 15 	  0.115 	  0.000 	 -0.377
24 	 16 	  0.115 	 -0.000 	 -0.377
24 	 17 	  0.111 	 -0.000 	 -0.361
24 	 18 	  0.101 	 -0.000 	 -0.331
24 	 19 	  0.088 	 -0.000 	 -0.287
24 	 20 	  0.071 	 -0.000 	 -0.232
24 	 21 	  0.051 	 -0.000 	 -0.167
24 	 22 	  0.029 	 -0.000 	 -0.095
24 	 23 	  0.006 	 -0.000 	 -0.019
24 	 24 	 -0.018 	 -0.000 	  0.057
24 	 25 	 -0.040 	 -0.000 	  0.131
24 	 26 	 -0.061 	 -0.000 	  0.200
24 	 27 	 -0.080 	 -0.000 	  0.261
24 	 28 	 -0.095 	 -0.000 	  0.311
24 	 29 	 -0.107 	 -0.000 	  0.348
24 	 30 	 -0.114 	 -0.000 	  0.371

25 	 0 	 -0.266 	  0.000 	  0.359
25 	 1 	 -0.261 	  0.000 	  0.352
25 	 2 	 -0.244 	  0.000 	  0.330
25 	 3 	 -0.218 	  0.000 	  0.295
25 	 4 	 -0.183 	  0.000 	  0.247
25 	 5 	 -0.141 	  0.000 	  0.190
25 	 6 	 -0.092 	  0.000 	  0.125
25 	 7 	 -0.040 	  0.000 	  0.054
25 	 8 	  0.013 	  0.000 	 -0.018
25 	 9 	  0.067 	  0.000 	 -0.090
25 	 10 	  0.117 	  0.000 	 -0.158
25 	 11 	  0.163 	  0.000 	 -0.220
25 	 12 	  0.202 	  0.000 	 -0.272
25 	 13 	  0.233 	  0.000 	 -0.314
25 	 14 	  0.254 	  0.000 	 -0.343
25 	 15 	  0.265 	  0.000 	 -0.357
25 	 16 	  0.265 	 -0.000 	 -0.357
25 	 17 	  0.254 	 -0.000 	 -0.343
25 	 18 	  0.233 	 -0.000 	 -0.314
25 	 19 	  0.202 	 -0.000 	 -0.272
25 	 20 	  0.163 	 -0.000 	 -0.220
25 	 21 	  0.117 	 -0.000 	 -0.158
25 	 22 	  0.067 	 -0.000 	 -0.090
25 	 23 	  0.013 	 -0.000 	 -0.018
25 	 24 	 -0.040 	 -0.000 	  0.054
25 	 25 	 -0.092 	 -0.000 	  0.125
25 	 26 	 -0.141 	 -0.000 	  0.190
25 	 27 	 -0.183 	 -0.000 	  0.247
25 	 28 	 -0.218 	 -0.000 	  0.295
25 	 29 	 -0.244 	 -0.000 	  0.330
25 	 30 	 -0.261 	 -0.000 	  0.352

26 	 0 	 -0.405 	  0.000 	  0.325
26 	 1 	 -0.397 	  0.000 	  0.318
26 	 2 	 -0.372 	  0.000 	  0.299
26 	 3 	 -0.332 	  0.000 	  0.267
26 	 4 	 -0.279 	  0.000 	  0.224
26 	 5 	 -0.214 	  0.000 	  0.172
26 	 6 	 -0.141 	  0.000 	  0.113
26 	 7 	 -0.061 	  0.000 	  0.049
26 	 8 	  0.021 	  0.000 	 -0.016
26 	 9 	  0.102 	  0.000 	 -0.081
26 	 10 	  0.178 	  0.000 	 -0.143
26 	 11 	  0.248 	  0.000 	 -0.199
26 	 12 	  0.307 	  0.000 	 -0.247
26 	 13 	  0.354 	  0.000 	 -0.284
26 	 14 	  0.386 	  0.000 	 -0.310
26 	 15 	  0.403 	  0.000 	 -0.323
26 	 16 	  0.403 	 -0.000 	 -0.323
26 	 17 	  0.386 	 -0.000 	 -0.310
26 	 18 	  0.354 	 -0.000 	 -0.284
26 	 19 	  0.307 	 -0.000 	 -0.247
26 	 20 	  0.248 	 -0.000 	 -0.199
26 	 21 	  0.178 	 -0.000 	 -0.143
26 	 22 	  0.102 	 -0.000 	 -0.081
26 	 23 	  0.021 	 -0.000 	 -0.016
26 	 24 	 -0.061 	 -0.000 	  0.049
26 	 25 	 -0.141 	 -0.000 	  0.113
26 	 26 	 -0.214 	 -0.000 	  0.172
26 	 27 	 -0.279 	 -0.000 	  0.224
26 	 28 	 -0.332 	 -0.000 	  0.267
26 	 29 	 -0.372 	 -0.000 	  0.299
26 	 30 	 -0.397 	 -0.000 	  0.318

27 	 0 	 -0.528 	  0.000 	  0.278
27 	 1 	 -0.517 	  0.000 	  0.272
27 	 2 	 -0.485 	  0.000 	  0.255
27 	 3 	 -0.433 	  0.000 	  0.228
27 	 4 	 -0.363 	  0.000 	  0.191
27 	 5 	 -0.279 	  0.000 	  0.147
27 	 6 	 -0.183 	  0.000 	  0.096
27 	 7 	 -0.080 	  0.000 	  0.042
27 	 8 	  0.027 	  0.000 	 -0.014
27 	 9 	  0.132 	  0.000 	 -0.070
27 	 10 	  0.232 	  0.000 	 -0.122
27 	 11 	  0.323 	  0.000 	 -0.170
27 	 12 	  0.400 	  0.000 	 -0.211
27 	 13 	  0.461 	  0.000 	 -0.243
27 	 14 	  0.503 	  0.000 	 -0.265
27 	 15 	  0.525 	  0.000 	 -0.276
27 	 16 	  0.525 	 -0.000 	 -0.276
27 	 17 	  0.503 	 -0.000 	 -0.265
27 	 18 	  0.461 	 -0.000 	 -0.243
27 	 19 	  0.400 	 -0.000 	 -0.211
27 	 20 	  0.323 	 -0.000 	 -0.170
27 	 21 	  0.232 	 -0.000 	 -0.122
27 	 22 	  0.132 	 -0.000 	 -0.070
27 	 23 	  0.027 	 -0.000 	 -0.014
27 	 24 	 -0.080 	 -0.000 	  0.042
27 	 25 	 -0.183 	 -0.000 	  0.096
27 	 26 	 -0.279 	 -0.000 	  0.147
27 	 27 	 -0.363 	 -0.000 	  0.191
27 	 28 	 -0.433 	 -0.000 	  0.228
27 	 29 	 -0.485 	 -0.000 	  0.255
27 	 30 	 -0.517 	 -0.000 	  0.272

28 	 0 	 -0.629 	  0.000 	  0.219
28 	 1 	 -0.616 	  0.000 	  0.214
28 	 2 	 -0.578 	  0.000 	  0.201
28 	 3 	 -0.516 	  0.000 	  0.180
28 	 4 	 -0.433 	  0.000 	  0.151
28 	 5 	 -0.332 	  0.000 	  0.116
28 	 6 	 -0.218 	  0.000 	  0.076
28 	 7 	 -0.095 	  0.000 	  0.033
28 	 8 	  0.032 	  0.000 	 -0.011
28 	 9 	  0.158 	  0.000 	 -0.055
28 	 10 	  0.277 	  0.000 	 -0.096
28 	 11 	  0.385 	  0.000 	 -0.134
28 	 12 	  0.477 	  0.000 	 -0.166
28 	 13 	  0.550 	  0.000 	 -0.191
28 	 14 	  0.600 	  0.000 	 -0.209
28 	 15 	  0.625 	  0.000 	 -0.218
28 	 16 	  0.625 	 -0.000 	 -0.218
28 	 17 	  0.600 	 -0.000 	 -0.209
28 	 18 	  0.550 	 -0.000 	 -0.191
28 	 19 	  0.477 	 -0.000 	 -0.166
28 	 20 	  0.385 	 -0.000 	 -0.134
28 	 21 	  0.277 	 -0.000 	 -0.096
28 	 22 	  0.158 	 -0.000 	 -0.055
28 	 23 	  0.032 	 -0.000 	 -0.011
28 	 24 	 -0.095 	 -0.000 	  0.033
28 	 25 	 -0.218 	 -0.000 	  0.076
28 	 26 	 -0.332 	 -0.000 	  0.116
28 	 27 	 -0.433 	 -0.000 	  0.151
28 	 28 	 -0.516 	 -0.000 	  0.180
28 	 29 	 -0.578 	 -0.000 	  0.201
28 	 30 	 -0.616 	 -0.000 	  0.214

29 	 0 	 -0.704 	  0.000 	  0.151
29 	 1 	 -0.689 	  0.000 	  0.148
29 	 2 	 -0.647 	  0.000 	  0.139
29 	 3 	 -0.578 	  0.000 	  0.124
29 	 4 	 -0.485 	  0.000 	  0.104
29 	 5 	 -0.372 	  0.000 	  0.080
29 	 6 	 -0.244 	  0.000 	  0.052
29 	 7 	 -0.107 	  0.000 	  0.023
29 	 8 	  0.036 	  0.000 	 -0.008
29 	 9 	  0.176 	  0.000 	 -0.038
29 	 10 	  0.310 	  0.000 	 -0.066
29 	 11 	  0.431 	  0.000 	 -0.092
29 	 12 	  0.534 	  0.000 	 -0.115
29 	 13 	  0.615 	  0.000 	 -0.132
29 	 14 	  0.671 	  0.000 	 -0.144
29 	 15 	  0.700 	  0.000 	 -0.150
29 	 16 	  0.700 	 -0.000 	 -0.150
29 	 17 	  0.671 	 -0.000 	 -0.144
29 	 18 	  0.615 	 -0.000 	 -0.132
29 	 19 	  0.534 	 -0.000 	 -0.115
29 	 20 	  0.431 	 -0.000 	 -0.092
29 	 21 	  0.310 	 -0.000 	 -0.066
29 	 22 	  0.176 	 -0.000 	 -0.038
29 	 23 	  0.036 	 -0.000 	 -0.008
29 	 24 	 -0.107 	 -0.000 	  0.023
29 	 25 	 -0.244 	 -0.000 	  0.052
29 	 26 	 -0.372 	 -0.000 	  0.080
29 	 27 	 -0.485 	 -0.000 	  0.104
29 	 28 	 -0.578 	 -0.000 	  0.124
29 	 29 	 -0.647 	 -0.000 	  0.139
29 	 30 	 -0.689 	 -0.000 	  0.148

30 	 0 	 -0.750 	  0.000 	  0.077
30 	 1 	 -0.735 	  0.000 	  0.075
30 	 2 	 -0.689 	  0.000 	  0.071
30 	 3 	 -0.616 	  0.000 	  0.063
30 	 4 	 -0.517 	  0.000 	  0.053
30 	 5 	 -0.397 	  0.000 	  0.041
30 	 6 	 -0.261 	  0.000 	  0.027
30 	 7 	 -0.114 	  0.000 	  0.012
30 	 8 	  0.038 	  0.000 	 -0.004
30 	 9 	  0.188 	  0.000 	 -0.019
30 	 10 	  0.330 	  0.000 	 -0.034
30 	 11 	  0.459 	  0.000 	 -0.047
30 	 12 	  0.569 	  0.000 	 -0.058
30 	 13 	  0.656 	  0.000 	 -0.067
30 	 14 	  0.716 	  0.000 	 -0.074
30 	 15 	  0.746 	  0.000 	 -0.077
30 	 16 	  0.746 	 -0.000 	 -0.077
30 	 17 	  0.716 	 -0.000 	 -0.074
30 	 18 	  0.656 	 -0.000 	 -0.067
30 	 19 	  0.569 	 -0.000 	 -0.058
30 	 20 	  0.459 	 -0.000 	 -0.047
30 	 21 	  0.330 	 -0.000 	 -0.034
30 	 22 	  0.188 	 -0.000 	 -0.019
30 	 23 	  0.038 	 -0.000 	 -0.004
30 	 24 	 -0.114 	 -0.000 	  0.012
30 	 25 	 -0.261 	 -0.000 	  0.027
30 	 26 	 -0.397 	 -0.000 	  0.041
30 	 27 	 -0.517 	 -0.000 	  0.053
30 	 28 	 -0.616 	 -0.000 	  0.063
30 	 29 	 -0.689 	 -0.000 	  0.071
30 	 30 	 -0.735 	 -0.000 	  0.075

