0 	 0 	 -0.358 	  0.000 	 -0.000
0 	 1 	 -0.351 	  0.000 	 -0.000
0 	 2 	 -0.329 	  0.000 	 -0.000
0 	 3 	 -0.294 	  0.000 	 -0.000
0 	 4 	 -0.247 	  0.000 	 -0.000
0 	 5 	 -0.189 	  0.000 	 -0.000
0 	 6 	 -0.124 	  0.000 	 -0.000
0 	 7 	 -0.054 	  0.000 	 -0.000
0 	 8 	  0.018 	  0.000 	  0.000
0 	 9 	  0.090 	  0.000 	  0.000
0 	 10 	  0.158 	  0.000 	  0.000
0 	 11 	  0.219 	  0.000 	  0.000
0 	 12 	  0.272 	  0.000 	  0.000
0 	 13 	  0.313 	  0.000 	  0.000
0 	 14 	  0.342 	  0.000 	  0.000
0 	 15 	  0.356 	  0.000 	  0.000
0 	 16 	  0.356 	 -0.000 	  0.000
0 	 17 	  0.342 	 -0.000 	  0.000
0 	 18 	  0.313 	 -0.000 	  0.000
0 	 19 	  0.272 	 -0.000 	  0.000
0 	 20 	  0.219 	 -0.000 	  0.000
0 	 21 	  0.158 	 -0.000 	  0.000
0 	 22 	  0.090 	 -0.000 	  0.000
0 	 23 	  0.018 	 -0.000 	  0.000
0 	 24 	 -0.054 	 -0.000 	 -0.000
0 	 25 	 -0.124 	 -0.000 	 -0.000
0 	 26 	 -0.189 	 -0.000 	 -0.000
0 	 27 	 -0.247 	 -0.000 	 -0.000
0 	 28 	 -0.294 	 -0.000 	 -0.000
0 	 29 	 -0.329 	 -0.000 	 -0.000
0 	 30 	 -0.351 	 -0.000 	 -0.000

1 	 0 	 -0.351 	  0.000 	 -0.036
1 	 1 	 -0.344 	  0.000 	 -0.035
1 	 2 	 -0.322 	  0.000 	 -0.033
1 	 3 	 -0.288 	  0.000 	 -0.030
1 	 4 	 -0.242 	  0.000 	 -0.025
1 	 5 	 -0.186 	  0.000 	 -0.019
1 	 6 	 -0.122 	  0.000 	 -0.013
1 	 7 	 -0.053 	  0.000 	 -0.005
1 	 8 	  0.018 	  0.000 	  0.002
1 	 9 	  0.088 	  0.000 	  0.009
1 	 10 	  0.154 	  0.000 	  0.016
1 	 11 	  0.215 	  0.000 	  0.022
1 	 12 	  0.266 	  0.000 	  0.027
1 	 13 	  0.307 	  0.000 	  0.032
1 	 14 	  0.335 	  0.000 	  0.034
1 	 15 	  0.349 	  0.000 	  0.036
1 	 16 	  0.349 	 -0.000 	  0.036
1 	 17 	  0.335 	 -0.000 	  0.034
1 	 18 	  0.307 	 -0.000 	  0.032
1 	 19 	  0.266 	 -0.000 	  0.027
1 	 20 	  0.215 	 -0.000 	  0.022
1 	 21 	  0.154 	 -0.000 	  0.016
1 	 22 	  0.088 	 -0.000 	  0.009
1 	 23 	  0.018 	 -0.000 	  0.002
1 	 24 	 -0.053 	 -0.000 	 -0.005
1 	 25 	 -0.122 	 -0.000 	 -0.013
1 	 26 	 -0.186 	 -0.000 	 -0.019
1 	 27 	 -0.242 	 -0.000 	 -0.025
1 	 28 	 -0.288 	 -0.000 	 -0.030
1 	 29 	 -0.322 	 -0.000 	 -0.033
1 	 30 	 -0.344 	 -0.000 	 -0.035

2 	 0 	 -0.329 	  0.000 	 -0.071
2 	 1 	 -0.322 	  0.000 	 -0.069
2 	 2 	 -0.302 	  0.000 	 -0.065
2 	 3 	 -0.270 	  0.000 	 -0.058
2 	 4 	 -0.227 	  0.000 	 -0.049
2 	 5 	 -0.174 	  0.000 	 -0.037
2 	 6 	 -0.114 	  0.000 	 -0.025
2 	 7 	 -0.050 	  0.000 	 -0.011
2 	 8 	  0.017 	  0.000 	  0.004
2 	 9 	  0.082 	  0.000 	  0.018
2 	 10 	  0.145 	  0.000 	  0.031
2 	 11 	  0.201 	  0.000 	  0.043
2 	 12 	  0.250 	  0.000 	  0.054
2 	 13 	  0.288 	  0.000 	  0.062
2 	 14 	  0.314 	  0.000 	  0.067
2 	 15 	  0.327 	  0.000 	  0.070
2 	 16 	  0.327 	 -0.000 	  0.070
2 	 17 	  0.314 	 -0.000 	  0.067
2 	 18 	  0.288 	 -0.000 	  0.062
2 	 19 	  0.250 	 -0.000 	  0.054
2 	 20 	  0.201 	 -0.000 	  0.043
2 	 21 	  0.145 	 -0.000 	  0.031
2 	 22 	  0.082 	 -0.000 	  0.018
2 	 23 	  0.017 	 -0.000 	  0.004
2 	 24 	 -0.050 	 -0.000 	 -0.011
2 	 25 	 -0.114 	 -0.000 	 -0.025
2 	 26 	 -0.174 	 -0.000 	 -0.037
2 	 27 	 -0.227 	 -0.000 	 -0.049
2 	 28 	 -0.270 	 -0.000 	 -0.058
2 	 29 	 -0.302 	 -0.000 	 -0.065
2 	 30 	 -0.322 	 -0.000 	 -0.069

3 	 0 	 -0.294 	  0.000 	 -0.102
3 	 1 	 -0.288 	  0.000 	 -0.100
3 	 2 	 -0.270 	  0.000 	 -0.094
3 	 3 	 -0.241 	  0.000 	 -0.084
3 	 4 	 -0.203 	  0.000 	 -0.070
3 	 5 	 -0.155 	  0.000 	 -0.054
3 	 6 	 -0.102 	  0.000 	 -0.036
3 	 7 	 -0.045 	  0.000 	 -0.015
3 	 8 	  0.015 	  0.000 	  0.005
3 	 9 	  0.074 	  0.000 	  0.026
3 	 10 	  0.129 	  0.000 	  0.045
3 	 11 	  0.180 	  0.000 	  0.063
3 	 12 	  0.223 	  0.000 	  0.078
3 	 13 	  0.257 	  0.000 	  0.089
3 	 14 	  0.280 	  0.000 	  0.098
3 	 15 	  0.292 	  0.000 	  0.102
3 	 16 	  0.292 	 -0.000 	  0.102
3 	 17 	  0.280 	 -0.000 	  0.098
3 	 18 	  0.257 	 -0.000 	  0.089
3 	 19 	  0.223 	 -0.000 	  0.078
3 	 20 	  0.180 	 -0.000 	  0.063
3 	 21 	  0.129 	 -0.000 	  0.045
3 	 22 	  0.074 	 -0.000 	  0.026
3 	 23 	  0.015 	 -0.000 	  0.005
3 	 24 	 -0.045 	 -0.000 	 -0.015
3 	 25 	 -0.102 	 -0.000 	 -0.036
3 	 26 	 -0.155 	 -0.000 	 -0.054
3 	 27 	 -0.203 	 -0.000 	 -0.070
3 	 28 	 -0.241 	 -0.000 	 -0.084
3 	 29 	 -0.270 	 -0.000 	 -0.094
3 	 30 	 -0.288 	 -0.000 	 -0.100

4 	 0 	 -0.247 	  0.000 	 -0.130
4 	 1 	 -0.242 	  0.000 	 -0.127
4 	 2 	 -0.227 	  0.000 	 -0.119
4 	 3 	 -0.203 	  0.000 	 -0.107
4 	 4 	 -0.170 	  0.000 	 -0.089
4 	 5 	 -0.131 	  0.000 	 -0.069
4 	 6 	 -0.086 	  0.000 	 -0.045
4 	 7 	 -0.037 	  0.000 	 -0.020
4 	 8 	  0.012 	  0.000 	  0.007
4 	 9 	  0.062 	  0.000 	  0.033
4 	 10 	  0.109 	  0.000 	  0.057
4 	 11 	  0.151 	  0.000 	  0.079
4 	 12 	  0.187 	  0.000 	  0.098
4 	 13 	  0.216 	  0.000 	  0.113
4 	 14 	  0.235 	  0.000 	  0.124
4 	 15 	  0.245 	  0.000 	  0.129
4 	 16 	  0.245 	 -0.000 	  0.129
4 	 17 	  0.235 	 -0.000 	  0.124
4 	 18 	  0.216 	 -0.000 	  0.113
4 	 19 	  0.187 	 -0.000 	  0.098
4 	 20 	  0.151 	 -0.000 	  0.079
4 	 21 	  0.109 	 -0.000 	  0.057
4 	 22 	  0.062 	 -0.000 	  0.033
4 	 23 	  0.012 	 -0.000 	  0.007
4 	 24 	 -0.037 	 -0.000 	 -0.020
4 	 25 	 -0.086 	 -0.000 	 -0.045
4 	 26 	 -0.131 	 -0.000 	 -0.069
4 	 27 	 -0.170 	 -0.000 	 -0.089
4 	 28 	 -0.203 	 -0.000 	 -0.107
4 	 29 	 -0.227 	 -0.000 	 -0.119
4 	 30 	 -0.242 	 -0.000 	 -0.127

5 	 0 	 -0.189 	  0.000 	 -0.152
5 	 1 	 -0.186 	  0.000 	 -0.149
5 	 2 	 -0.174 	  0.000 	 -0.140
5 	 3 	 -0.155 	  0.000 	 -0.125
5 	 4 	 -0.131 	  0.000 	 -0.105
5 	 5 	 -0.100 	  0.000 	 -0.080
5 	 6 	 -0.066 	  0.000 	 -0.053
5 	 7 	 -0.029 	  0.000 	 -0.023
5 	 8 	  0.010 	  0.000 	  0.008
5 	 9 	  0.047 	  0.000 	  0.038
5 	 10 	  0.083 	  0.000 	  0.067
5 	 11 	  0.116 	  0.000 	  0.093
5 	 12 	  0.144 	  0.000 	  0.115
5 	 13 	  0.166 	  0.000 	  0.133
5 	 14 	  0.181 	  0.000 	  0.145
5 	 15 	  0.188 	  0.000 	  0.151
5 	 16 	  0.188 	 -0.000 	  0.151
5 	 17 	  0.181 	 -0.000 	  0.145
5 	 18 	  0.166 	 -0.000 	  0.133
5 	 19 	  0.144 	 -0.000 	  0.115
5 	 20 	  0.116 	 -0.000 	  0.093
5 	 21 	  0.083 	 -0.000 	  0.067
5 	 22 	  0.047 	 -0.000 	  0.038
5 	 23 	  0.010 	 -0.000 	  0.008
5 	 24 	 -0.029 	 -0.000 	 -0.023
5 	 25 	 -0.066 	 -0.000 	 -0.053
5 	 26 	 -0.100 	 -0.000 	 -0.080
5 	 27 	 -0.131 	 -0.000 	 -0.105
5 	 28 	 -0.155 	 -0.000 	 -0.125
5 	 29 	 -0.174 	 -0.000 	 -0.140
5 	 30 	 -0.186 	 -0.000 	 -0.149

6 	 0 	 -0.124 	  0.000 	 -0.168
6 	 1 	 -0.122 	  0.000 	 -0.164
6 	 2 	 -0.114 	  0.000 	 -0.154
6 	 3 	 -0.102 	  0.000 	 -0.138
6 	 4 	 -0.086 	  0.000 	 -0.116
6 	 5 	 -0.066 	  0.000 	 -0.089
6 	 6 	 -0.043 	  0.000 	 -0.058
6 	 7 	 -0.019 	  0.000 	 -0.025
6 	 8 	  0.006 	  0.000 	  0.009
6 	 9 	  0.031 	  0.000 	  0.042
6 	 10 	  0.055 	  0.000 	  0.074
6 	 11 	  0.076 	  0.000 	  0.103
6 	 12 	  0.094 	  0.000 	  0.127
6 	 13 	  0.109 	  0.000 	  0.147
6 	 14 	  0.119 	  0.000 	  0.160
6 	 15 	  0.124 	  0.000 	  0.167
6 	 16 	  0.124 	 -0.000 	  0.167
6 	 17 	  0.119 	 -0.000 	  0.160
6 	 18 	  0.109 	 -0.000 	  0.147
6 	 19 	  0.094 	 -0.000 	  0.127
6 	 20 	  0.076 	 -0.000 	  0.103
6 	 21 	  0.055 	 -0.000 	  0.074
6 	 22 	  0.031 	 -0.000 	  0.042
6 	 23 	  0.006 	 -0.000 	  0.009
6 	 24 	 -0.019 	 -0.000 	 -0.025
6 	 25 	 -0.043 	 -0.000 	 -0.058
6 	 26 	 -0.066 	 -0.000 	 -0.089
6 	 27 	 -0.086 	 -0.000 	 -0.116
6 	 28 	 -0.102 	 -0.000 	 -0.138
6 	 29 	 -0.114 	 -0.000 	 -0.154
6 	 30 	 -0.122 	 -0.000 	 -0.164

7 	 0 	 -0.054 	  0.000 	 -0.177
7 	 1 	 -0.053 	  0.000 	 -0.173
7 	 2 	 -0.050 	  0.000 	 -0.163
7 	 3 	 -0.045 	  0.000 	 -0.145
7 	 4 	 -0.037 	  0.000 	 -0.122
7 	 5 	 -0.029 	  0.000 	 -0.094
7 	 6 	 -0.019 	  0.000 	 -0.061
7 	 7 	 -0.008 	  0.000 	 -0.027
7 	 8 	  0.003 	  0.000 	  0.009
7 	 9 	  0.014 	  0.000 	  0.044
7 	 10 	  0.024 	  0.000 	  0.078
7 	 11 	  0.033 	  0.000 	  0.108
7 	 12 	  0.041 	  0.000 	  0.134
7 	 13 	  0.047 	  0.000 	  0.155
7 	 14 	  0.052 	  0.000 	  0.169
7 	 15 	  0.054 	  0.000 	  0.176
7 	 16 	  0.054 	 -0.000 	  0.176
7 	 17 	  0.052 	 -0.000 	  0.169
7 	 18 	  0.047 	 -0.000 	  0.155
7 	 19 	  0.041 	 -0.000 	  0.134
7 	 20 	  0.033 	 -0.000 	  0.108
7 	 21 	  0.024 	 -0.000 	  0.078
7 	 22 	  0.014 	 -0.000 	  0.044
7 	 23 	  0.003 	 -0.000 	  0.009
7 	 24 	 -0.008 	 -0.000 	 -0.027
7 	 25 	 -0.019 	 -0.000 	 -0.061
7 	 26 	 -0.029 	 -0.000 	 -0.094
7 	 27 	 -0.037 	 -0.000 	 -0.122
7 	 28 	 -0.045 	 -0.000 	 -0.145
7 	 29 	 -0.050 	 -0.000 	 -0.163
7 	 30 	 -0.053 	 -0.000 	 -0.173

8 	 0 	  0.018 	 -0.000 	 -0.179
8 	 1 	  0.018 	 -0.000 	 -0.175
8 	 2 	  0.017 	 -0.000 	 -0.164
8 	 3 	  0.015 	 -0.000 	 -0.147
8 	 4 	  0.012 	 -0.000 	 -0.123
8 	 5 	  0.010 	 -0.000 	 -0.095
8 	 6 	  0.006 	 -0.000 	 -0.062
8 	 7 	  0.003 	 -0.000 	 -0.027
8 	 8 	 -0.001 	 -0.000 	  0.009
8 	 9 	 -0.005 	 -0.000 	  0.045
8 	 10 	 -0.008 	 -0.000 	  0.079
8 	 11 	 -0.011 	 -0.000 	  0.109
8 	 12 	 -0.014 	 -0.000 	  0.136
8 	 13 	 -0.016 	 -0.000 	  0.156
8 	 14 	 -0.017 	 -0.000 	  0.171
8 	 15 	 -0.018 	 -0.000 	  0.178
8 	 16 	 -0.018 	  0.000 	  0.178
8 	 17 	 -0.017 	  0.000 	  0.171
8 	 18 	 -0.016 	  0.000 	  0.156
8 	 19 	 -0.014 	  0.000 	  0.136
8 	 20 	 -0.011 	  0.000 	  0.109
8 	 21 	 -0.008 	  0.000 	  0.079
8 	 22 	 -0.005 	  0.000 	  0.045
8 	 23 	 -0.001 	  0.000 	  0.009
8 	 24 	  0.003 	  0.000 	 -0.027
8 	 25 	  0.006 	  0.000 	 -0.062
8 	 26 	  0.010 	  0.000 	 -0.095
8 	 27 	  0.012 	  0.000 	 -0.123
8 	 28 	  0.015 	  0.000 	 -0.147
8 	 29 	  0.017 	  0.000 	 -0.164
8 	 30 	  0.018 	  0.000 	 -0.175

9 	 0 	  0.090 	 -0.000 	 -0.173
9 	 1 	  0.088 	 -0.000 	 -0.170
9 	 2 	  0.082 	 -0.000 	 -0.159
9 	 3 	  0.074 	 -0.000 	 -0.142
9 	 4 	  0.062 	 -0.000 	 -0.119
9 	 5 	  0.047 	 -0.000 	 -0.092
9 	 6 	  0.031 	 -0.000 	 -0.060
9 	 7 	  0.014 	 -0.000 	 -0.026
9 	 8 	 -0.005 	 -0.000 	  0.009
9 	 9 	 -0.023 	 -0.000 	  0.043
9 	 10 	 -0.040 	 -0.000 	  0.076
9 	 11 	 -0.055 	 -0.000 	  0.106
9 	 12 	 -0.068 	 -0.000 	  0.132
9 	 13 	 -0.078 	 -0.000 	  0.152
9 	 14 	 -0.086 	 -0.000 	  0.165
9 	 15 	 -0.089 	 -0.000 	  0.172
9 	 16 	 -0.089 	  0.000 	  0.172
9 	 17 	 -0.086 	  0.000 	  0.165
9 	 18 	 -0.078 	  0.000 	  0.152
9 	 19 	 -0.068 	  0.000 	  0.132
9 	 20 	 -0.055 	  0.000 	  0.106
9 	 21 	 -0.040 	  0.000 	  0.076
9 	 22 	 -0.023 	  0.000 	  0.043
9 	 23 	 -0.005 	  0.000 	  0.009
9 	 24 	  0.014 	  0.000 	 -0.026
9 	 25 	  0.031 	  0.000 	 -0.060
9 	 26 	  0.047 	  0.000 	 -0.092
9 	 27 	  0.062 	  0.000 	 -0.119
9 	 28 	  0.074 	  0.000 	 -0.142
9 	 29 	  0.082 	  0.000 	 -0.159
9 	 30 	  0.088 	  0.000 	 -0.170

10 	 0 	  0.158 	 -0.000 	 -0.161
10 	 1 	  0.154 	 -0.000 	 -0.157
10 	 2 	  0.145 	 -0.000 	 -0.148
10 	 3 	  0.129 	 -0.000 	 -0.132
10 	 4 	  0.109 	 -0.000 	 -0.111
10 	 5 	  0.083 	 -0.000 	 -0.085
10 	 6 	  0.055 	 -0.000 	 -0.056
10 	 7 	  0.024 	 -0.000 	 -0.024
10 	 8 	 -0.008 	 -0.000 	  0.008
10 	 9 	 -0.040 	 -0.000 	  0.040
10 	 10 	 -0.069 	 -0.000 	  0.071
10 	 11 	 -0.097 	 -0.000 	  0.098
10 	 12 	 -0.120 	 -0.000 	  0.122
10 	 13 	 -0.138 	 -0.000 	  0.141
10 	 14 	 -0.150 	 -0.000 	  0.153
10 	 15 	 -0.157 	 -0.000 	  0.160
10 	 16 	 -0.157 	  0.000 	  0.160
10 	 17 	 -0.150 	  0.000 	  0.153
10 	 18 	 -0.138 	  0.000 	  0.141
10 	 19 	 -0.120 	  0.000 	  0.122
10 	 20 	 -0.097 	  0.000 	  0.098
10 	 21 	 -0.069 	  0.000 	  0.071
10 	 22 	 -0.040 	  0.000 	  0.040
10 	 23 	 -0.008 	  0.000 	  0.008
10 	 24 	  0.024 	  0.000 	 -0.024
10 	 25 	  0.055 	  0.000 	 -0.056
10 	 26 	  0.083 	  0.000 	 -0.085
10 	 27 	  0.109 	  0.000 	 -0.111
10 	 28 	  0.129 	  0.000 	 -0.132
10 	 29 	  0.145 	  0.000 	 -0.148
10 	 30 	  0.154 	  0.000 	 -0.157

11 	 0 	  0.219 	 -0.000 	 -0.142
11 	 1 	  0.215 	 -0.000 	 -0.139
11 	 2 	  0.201 	 -0.000 	 -0.130
11 	 3 	  0.180 	 -0.000 	 -0.116
11 	 4 	  0.151 	 -0.000 	 -0.098
11 	 5 	  0.116 	 -0.000 	 -0.075
11 	 6 	  0.076 	 -0.000 	 -0.049
11 	 7 	  0.033 	 -0.000 	 -0.021
11 	 8 	 -0.011 	 -0.000 	  0.007
11 	 9 	 -0.055 	 -0.000 	  0.035
11 	 10 	 -0.097 	 -0.000 	  0.062
11 	 11 	 -0.134 	 -0.000 	  0.087
11 	 12 	 -0.166 	 -0.000 	  0.107
11 	 13 	 -0.192 	 -0.000 	  0.124
11 	 14 	 -0.209 	 -0.000 	  0.135
11 	 15 	 -0.218 	 -0.000 	  0.141
11 	 16 	 -0.218 	  0.000 	  0.141
11 	 17 	 -0.209 	  0.000 	  0.135
11 	 18 	 -0.192 	  0.000 	  0.124
11 	 19 	 -0.166 	  0.000 	  0.107
11 	 20 	 -0.134 	  0.000 	  0.087
11 	 21 	 -0.097 	  0.000 	  0.062
11 	 22 	 -0.055 	  0.000 	  0.035
11 	 23 	 -0.011 	  0.000 	  0.007
11 	 24 	  0.033 	  0.000 	 -0.021
11 	 25 	  0.076 	  0.000 	 -0.049
11 	 26 	  0.116 	  0.000 	 -0.075
11 	 27 	  0.151 	  0.000 	 -0.098
11 	 28 	  0.180 	  0.000 	 -0.116
11 	 29 	  0.201 	  0.000 	 -0.130
11 	 30 	  0.215 	  0.000 	 -0.139

12 	 0 	  0.272 	 -0.000 	 -0.117
12 	 1 	  0.266 	 -0.000 	 -0.114
12 	 2 	  0.250 	 -0.000 	 -0.107
12 	 3 	  0.223 	 -0.000 	 -0.096
12 	 4 	  0.187 	 -0.000 	 -0.080
12 	 5 	  0.144 	 -0.000 	 -0.062
12 	 6 	  0.094 	 -0.000 	 -0.041
12 	 7 	  0.041 	 -0.000 	 -0.018
12 	 8 	 -0.014 	 -0.000 	  0.006
12 	 9 	 -0.068 	 -0.000 	  0.029
12 	 10 	 -0.120 	 -0.000 	  0.051
12 	 11 	 -0.166 	 -0.000 	  0.071
12 	 12 	 -0.206 	 -0.000 	  0.089
12 	 13 	 -0.238 	 -0.000 	  0.102
12 	 14 	 -0.259 	 -0.000 	  0.111
12 	 15 	 -0.270 	 -0.000 	  0.116
12 	 16 	 -0.270 	  0.000 	  0.116
12 	 17 	 -0.259 	  0.000 	  0.111
12 	 18 	 -0.238 	  0.000 	  0.102
12 	 19 	 -0.206 	  0.000 	  0.089
12 	 20 	 -0.166 	  0.000 	  0.071
12 	 21 	 -0.120 	  0.000 	  0.051
12 	 22 	 -0.068 	  0.000 	  0.029
12 	 23 	 -0.014 	  0.000 	  0.006
12 	 24 	  0.041 	  0.000 	 -0.018
12 	 25 	  0.094 	  0.000 	 -0.041
12 	 26 	  0.144 	  0.000 	 -0.062
12 	 27 	  0.187 	  0.000 	 -0.080
12 	 28 	  0.223 	  0.000 	 -0.096
12 	 29 	  0.250 	  0.000 	 -0.107
12 	 30 	  0.266 	  0.000 	 -0.114

13 	 0 	  0.313 	 -0.000 	 -0.087
13 	 1 	  0.307 	 -0.000 	 -0.085
13 	 2 	  0.288 	 -0.000 	 -0.080
13 	 3 	  0.257 	 -0.000 	 -0.071
13 	 4 	  0.216 	 -0.000 	 -0.060
13 	 5 	  0.166 	 -0.000 	 -0.046
13 	 6 	  0.109 	 -0.000 	 -0.030
13 	 7 	  0.047 	 -0.000 	 -0.013
13 	 8 	 -0.016 	 -0.000 	  0.004
13 	 9 	 -0.078 	 -0.000 	  0.022
13 	 10 	 -0.138 	 -0.000 	  0.038
13 	 11 	 -0.192 	 -0.000 	  0.053
13 	 12 	 -0.238 	 -0.000 	  0.066
13 	 13 	 -0.274 	 -0.000 	  0.076
13 	 14 	 -0.299 	 -0.000 	  0.083
13 	 15 	 -0.312 	 -0.000 	  0.086
13 	 16 	 -0.312 	  0.000 	  0.086
13 	 17 	 -0.299 	  0.000 	  0.083
13 	 18 	 -0.274 	  0.000 	  0.076
13 	 19 	 -0.238 	  0.000 	  0.066
13 	 20 	 -0.192 	  0.000 	  0.053
13 	 21 	 -0.138 	  0.000 	  0.038
13 	 22 	 -0.078 	  0.000 	  0.022
13 	 23 	 -0.016 	  0.000 	  0.004
13 	 24 	  0.047 	  0.000 	 -0.013
13 	 25 	  0.109 	  0.000 	 -0.030
13 	 26 	  0.166 	  0.000 	 -0.046
13 	 27 	  0.216 	  0.000 	 -0.060
13 	 28 	  0.257 	  0.000 	 -0.071
13 	 29 	  0.288 	  0.000 	 -0.080
13 	 30 	  0.307 	  0.000 	 -0.085

14 	 0 	  0.342 	 -0.000 	 -0.054
14 	 1 	  0.335 	 -0.000 	 -0.053
14 	 2 	  0.314 	 -0.000 	 -0.049
14 	 3 	  0.280 	 -0.000 	 -0.044
14 	 4 	  0.235 	 -0.000 	 -0.037
14 	 5 	  0.181 	 -0.000 	 -0.028
14 	 6 	  0.119 	 -0.000 	 -0.019
14 	 7 	  0.052 	 -0.000 	 -0.008
14 	 8 	 -0.017 	 -0.000 	  0.003
14 	 9 	 -0.086 	 -0.000 	  0.013
14 	 10 	 -0.150 	 -0.000 	  0.024
14 	 11 	 -0.209 	 -0.000 	  0.033
14 	 12 	 -0.259 	 -0.000 	  0.041
14 	 13 	 -0.299 	 -0.000 	  0.047
14 	 14 	 -0.326 	 -0.000 	  0.051
14 	 15 	 -0.340 	 -0.000 	  0.053
14 	 16 	 -0.340 	  0.000 	  0.053
14 	 17 	 -0.326 	  0.000 	  0.051
14 	 18 	 -0.299 	  0.000 	  0.047
14 	 19 	 -0.259 	  0.000 	  0.041
14 	 20 	 -0.209 	  0.000 	  0.033
14 	 21 	 -0.150 	  0.000 	  0.024
14 	 22 	 -0.086 	  0.000 	  0.013
14 	 23 	 -0.017 	  0.000 	  0.003
14 	 24 	  0.052 	  0.000 	 -0.008
14 	 25 	  0.119 	  0.000 	 -0.019
14 	 26 	  0.181 	  0.000 	 -0.028
14 	 27 	  0.235 	  0.000 	 -0.037
14 	 28 	  0.280 	  0.000 	 -0.044
14 	 29 	  0.314 	  0.000 	 -0.049
14 	 30 	  0.335 	  0.000 	 -0.053

15 	 0 	  0.356 	 -0.000 	 -0.018
15 	 1 	  0.349 	 -0.000 	 -0.018
15 	 2 	  0.327 	 -0.000 	 -0.017
15 	 3 	  0.292 	 -0.000 	 -0.015
15 	 4 	  0.245 	 -0.000 	 -0.012
15 	 5 	  0.188 	 -0.000 	 -0.010
15 	 6 	  0.124 	 -0.000 	 -0.006
15 	 7 	  0.054 	 -0.000 	 -0.003
15 	 8 	 -0.018 	 -0.000 	  0.001
15 	 9 	 -0.089 	 -0.000 	  0.005
15 	 10 	 -0.157 	 -0.000 	  0.008
15 	 11 	 -0.218 	 -0.000 	  0.011
15 	 12 	 -0.270 	 -0.000 	  0.014
15 	 13 	 -0.312 	 -0.000 	  0.016
15 	 14 	 -0.340 	 -0.000 	  0.017
15 	 15 	 -0.354 	 -0.000 	  0.018
15 	 16 	 -0.354 	  0.000 	  0.018
15 	 17 	 -0.340 	  0.000 	  0.017
15 	 18 	 -0.312 	  0.000 	  0.016
15 	 19 	 -0.270 	  0.000 	  0.014
15 	 20 	 -0.218 	  0.000 	  0.011
15 	 21 	 -0.157 	  0.000 	  0.008
15 	 22 	 -0.089 	  0.000 	  0.005
15 	 23 	 -0.018 	  0.000 	  0.001
15 	 24 	  0.054 	  0.000 	 -0.003
15 	 25 	  0.124 	  0.000 	 -0.006
15 	 26 	  0.188 	  0.000 	 -0.010
15 	 27 	  0.245 	  0.000 	 -0.012
15 	 28 	  0.292 	  0.000 	 -0.015
15 	 29 	  0.327 	  0.000 	 -0.017
15 	 30 	  0.349 	  0.000 	 -0.018

16 	 0 	  0.356 	 -0.000 	  0.018
16 	 1 	  0.349 	 -0.000 	  0.018
16 	 2 	  0.327 	 -0.000 	  0.017
16 	 3 	  0.292 	 -0.000 	  0.015
16 	 4 	  0.245 	 -0.000 	  0.012
16 	 5 	  0.188 	 -0.000 	  0.010
16 	 6 	  0.124 	 -0.000 	  0.006
16 	 7 	  0.054 	 -0.000 	  0.003
16 	 8 	 -0.018 	 -0.000 	 -0.001
16 	 9 	 -0.089 	 -0.000 	 -0.005
16 	 10 	 -0.157 	 -0.000 	 -0.008
16 	 11 	 -0.218 	 -0.000 	 -0.011
16 	 12 	 -0.270 	 -0.000 	 -0.014
16 	 13 	 -0.312 	 -0.000 	 -0.016
16 	 14 	 -0.340 	 -0.000 	 -0.017
16 	 15 	 -0.354 	 -0.000 	 -0.018
16 	 16 	 -0.354 	  0.000 	 -0.018
16 	 17 	 -0.340 	  0.000 	 -0.017
16 	 18 	 -0.312 	  0.000 	 -0.016
16 	 19 	 -0.270 	  0.000 	 -0.014
16 	 20 	 -0.218 	  0.000 	 -0.011
16 	 21 	 -0.157 	  0.000 	 -0.008
16 	 22 	 -0.089 	  0.000 	 -0.005
16 	 23 	 -0.018 	  0.000 	 -0.001
16 	 24 	  0.054 	  0.000 	  0.003
16 	 25 	  0.124 	  0.000 	  0.006
16 	 26 	  0.188 	  0.000 	  0.010
16 	 27 	  0.245 	  0.000 	  0.012
16 	 28 	  0.292 	  0.000 	  0.015
16 	 29 	  0.327 	  0.000 	  0.017
16 	 30 	  0.349 	  0.000 	  0.018

17 	 0 	  0.342 	 -0.000 	  0.054
17 	 1 	  0.335 	 -0.000 	  0.053
17 	 2 	  0.314 	 -0.000 	  0.049
17 	 3 	  0.280 	 -0.000 	  0.044
17 	 4 	  0.235 	 -0.000 	  0.037
17 	 5 	  0.181 	 -0.000 	  0.028
17 	 6 	  0.119 	 -0.000 	  0.019
17 	 7 	  0.052 	 -0.000 	  0.008
17 	 8 	 -0.017 	 -0.000 	 -0.003
17 	 9 	 -0.086 	 -0.000 	 -0.013
17 	 10 	 -0.150 	 -0.000 	 -0.024
17 	 11 	 -0.209 	 -0.000 	 -0.033
17 	 12 	 -0.259 	 -0.000 	 -0.041
17 	 13 	 -0.299 	 -0.000 	 -0.047
17 	 14 	 -0.326 	 -0.000 	 -0.051
17 	 15 	 -0.340 	 -0.000 	 -0.053
17 	 16 	 -0.340 	  0.000 	 -0.053
17 	 17 	 -0.326 	  0.000 	 -0.051
17 	 18 	 -0.299 	  0.000 	 -0.047
17 	 19 	 -0.259 	  0.000 	 -0.041
17 	 20 	 -0.209 	  0.000 	 -0.033
17 	 21 	 -0.150 	  0.000 	 -0.024
17 	 22 	 -0.086 	  0.000 	 -0.013
17 	 23 	 -0.017 	  0.000 	 -0.003
17 	 24 	  0.052 	  0.000 	  0.008
17 	 25 	  0.119 	  0.000 	  0.019
17 	 26 	  0.181 	  0.000 	  0.028
17 	 27 	  0.235 	  0.000 	  0.037
17 	 28 	  0.280 	  0.000 	  0.044
17 	 29 	  0.314 	  0.000 	  0.049
17 	 30 	  0.335 	  0.000 	  0.053

18 	 0 	  0.313 	 -0.000 	  0.087
18 	 1 	  0.307 	 -0.000 	  0.085
18 	 2 	  0.288 	 -0.000 	  0.080
18 	 3 	  0.257 	 -0.000 	  0.071
18 	 4 	  0.216 	 -0.000 	  0.060
18 	 5 	  0.166 	 -0.000 	  0.046
18 	 6 	  0.109 	 -0.000 	  0.030
18 	 7 	  0.047 	 -0.000 	  0.013
18 	 8 	 -0.016 	 -0.000 	 -0.004
18 	 9 	 -0.078 	 -0.000 	 -0.022
18 	 10 	 -0.138 	 -0.000 	 -0.038
18 	 11 	 -0.192 	 -0.000 	 -0.053
18 	 12 	 -0.238 	 -0.000 	 -0.066
18 	 13 	 -0.274 	 -0.000 	 -0.076
18 	 14 	 -0.299 	 -0.000 	 -0.083
18 	 15 	 -0.312 	 -0.000 	 -0.086
18 	 16 	 -0.312 	  0.000 	 -0.086
18 	 17 	 -0.299 	  0.000 	 -0.083
18 	 18 	 -0.274 	  0.000 	 -0.076
18 	 19 	 -0.238 	  0.000 	 -0.066
18 	 20 	 -0.192 	  0.000 	 -0.053
18 	 21 	 -0.138 	  0.000 	 -0.038
18 	 22 	 -0.078 	  0.000 	 -0.022
18 	 23 	 -0.016 	  0.000 	 -0.004
18 	 24 	  0.047 	  0.000 	  0.013
18 	 25 	  0.109 	  0.000 	  0.030
18 	 26 	  0.166 	  0.000 	  0.046
18 	 27 	  0.216 	  0.000 	  0.060
18 	 28 	  0.257 	  0.000 	  0.071
18 	 29 	  0.288 	  0.000 	  0.080
18 	 30 	  0.307 	  0.000 	  0.085

19 	 0 	  0.272 	 -0.000 	  0.117
19 	 1 	  0.266 	 -0.000 	  0.114
19 	 2 	  0.250 	 -0.000 	  0.107
19 	 3 	  0.223 	 -0.000 	  0.096
19 	 4 	  0.187 	 -0.000 	  0.080
19 	 5 	  0.144 	 -0.000 	  0.062
19 	 6 	  0.094 	 -0.000 	  0.041
19 	 7 	  0.041 	 -0.000 	  0.018
19 	 8 	 -0.014 	 -0.000 	 -0.006
19 	 9 	 -0.068 	 -0.000 	 -0.029
19 	 10 	 -0.120 	 -0.000 	 -0.051
19 	 11 	 -0.166 	 -0.000 	 -0.071
19 	 12 	 -0.206 	 -0.000 	 -0.089
19 	 13 	 -0.238 	 -0.000 	 -0.102
19 	 14 	 -0.259 	 -0.000 	 -0.111
19 	 15 	 -0.270 	 -0.000 	 -0.116
19 	 16 	 -0.270 	  0.000 	 -0.116
19 	 17 	 -0.259 	  0.000 	 -0.111
19 	 18 	 -0.238 	  0.000 	 -0.102
19 	 19 	 -0.206 	  0.000 	 -0.089
19 	 20 	 -0.166 	  0.000 	 -0.071
19 	 21 	 -0.120 	  0.000 	 -0.051
19 	 22 	 -0.068 	  0.000 	 -0.029
19 	 23 	 -0.014 	  0.000 	 -0.006
19 	 24 	  0.041 	  0.000 	  0.018
19 	 25 	  0.094 	  0.000 	  0.041
19 	 26 	  0.144 	  0.000 	  0.062
19 	 27 	  0.187 	  0.000 	  0.080
19 	 28 	  0.223 	  0.000 	  0.096
19 	 29 	  0.250 	  0.000 	  0.107
19 	 30 	  0.266 	  0.000 	  0.114

20 	 0 	  0.219 	 -0.000 	  0.142
20 	 1 	  0.215 	 -0.000 	  0.139
20 	 2 	  0.201 	 -0.000 	  0.130
20 	 3 	  0.180 	 -0.000 	  0.116
20 	 4 	  0.151 	 -0.000 	  0.098
20 	 5 	  0.116 	 -0.000 	  0.075
20 	 6 	  0.076 	 -0.000 	  0.049
20 	 7 	  0.033 	 -0.000 	  0.021
20 	 8 	 -0.011 	 -0.000 	 -0.007
20 	 9 	 -0.055 	 -0.000 	 -0.035
20 	 10 	 -0.097 	 -0.000 	 -0.062
20 	 11 	 -0.134 	 -0.000 	 -0.087
20 	 12 	 -0.166 	 -0.000 	 -0.107
20 	 13 	 -0.192 	 -0.000 	 -0.124
20 	 14 	 -0.209 	 -0.000 	 -0.135
20 	 15 	 -0.218 	 -0.000 	 -0.141
20 	 16 	 -0.218 	  0.000 	 -0.141
20 	 17 	 -0.209 	  0.000 	 -0.135
20 	 18 	 -0.192 	  0.000 	 -0.124
20 	 19 	 -0.166 	  0.000 	 -0.107
20 	 20 	 -0.134 	  0.000 	 -0.087
20 	 21 	 -0.097 	  0.000 	 -0.062
20 	 22 	 -0.055 	  0.000 	 -0.035
20 	 23 	 -0.011 	  0.000 	 -0.007
20 	 24 	  0.033 	  0.000 	  0.021
20 	 25 	  0.076 	  0.000 	  0.049
20 	 26 	  0.116 	  0.000 	  0.075
20 	 27 	  0.151 	  0.000 	  0.098
20 	 28 	  0.180 	  0.000 	  0.116
20 	 29 	  0.201 	  0.000 	  0.130
20 	 30 	  0.215 	  0.000 	  0.139

21 	 0 	  0.158 	 -0.000 	  0.161
21 	 1 	  0.154 	 -0.000 	  0.157
21 	 2 	  0.145 	 -0.000 	  0.148
21 	 3 	  0.129 	 -0.000 	  0.132
21 	 4 	  0.109 	 -0.000 	  0.111
21 	 5 	  0.083 	 -0.000 	  0.085
21 	 6 	  0.055 	 -0.000 	  0.056
21 	 7 	  0.024 	 -0.000 	  0.024
21 	 8 	 -0.008 	 -0.000 	 -0.008
21 	 9 	 -0.040 	 -0.000 	 -0.040
21 	 10 	 -0.069 	 -0.000 	 -0.071
21 	 11 	 -0.097 	 -0.000 	 -0.098
21 	 12 	 -0.120 	 -0.000 	 -0.122
21 	 13 	 -0.138 	 -0.000 	 -0.141
21 	 14 	 -0.150 	 -0.000 	 -0.153
21 	 15 	 -0.157 	 -0.000 	 -0.160
21 	 16 	 -0.157 	  0.000 	 -0.160
21 	 17 	 -0.150 	  0.000 	 -0.153
21 	 18 	 -0.138 	  0.000 	 -0.141
21 	 19 	 -0.120 	  0.000 	 -0.122
21 	 20 	 -0.097 	  0.000 	 -0.098
21 	 21 	 -0.069 	  0.000 	 -0.071
21 	 22 	 -0.040 	  0.000 	 -0.040
21 	 23 	 -0.008 	  0.000 	 -0.008
21 	 24 	  0.024 	  0.000 	  0.024
21 	 25 	  0.055 	  0.000 	  0.056
21 	 26 	  0.083 	  0.000 	  0.085
21 	 27 	  0.109 	  0.000 	  0.111
21 	 28 	  0.129 	  0.000 	  0.132
21 	 29 	  0.145 	  0.000 	  0.148
21 	 30 	  0.154 	  0.000 	  0.157

22 	 0 	  0.090 	 -0.000 	  0.173
22 	 1 	  0.088 	 -0.000 	  0.170
22 	 2 	  0.082 	 -0.000 	  0.159
22 	 3 	  0.074 	 -0.000 	  0.142
22 	 4 	  0.062 	 -0.000 	  0.119
22 	 5 	  0.047 	 -0.000 	  0.092
22 	 6 	  0.031 	 -0.000 	  0.060
22 	 7 	  0.014 	 -0.000 	  0.026
22 	 8 	 -0.005 	 -0.000 	 -0.009
22 	 9 	 -0.023 	 -0.000 	 -0.043
22 	 10 	 -0.040 	 -0.000 	 -0.076
22 	 11 	 -0.055 	 -0.000 	 -0.106
22 	 12 	 -0.068 	 -0.000 	 -0.132
22 	 13 	 -0.078 	 -0.000 	 -0.152
22 	 14 	 -0.086 	 -0.000 	 -0.165
22 	 15 	 -0.089 	 -0.000 	 -0.172
22 	 16 	 -0.089 	  0.000 	 -0.172
22 	 17 	 -0.086 	  0.000 	 -0.165
22 	 18 	 -0.078 	  0.000 	 -0.152
22 	 19 	 -0.068 	  0.000 	 -0.132
22 	 20 	 -0.055 	  0.000 	 -0.106
22 	 21 	 -0.040 	  0.000 	 -0.076
22 	 22 	 -0.023 	  0.000 	 -0.043
22 	 23 	 -0.005 	  0.000 	 -0.009
22 	 24 	  0.014 	  0.000 	  0.026
22 	 25 	  0.031 	  0.000 	  0.060
22 	 26 	  0.047 	  0.000 	  0.092
22 	 27 	  0.062 	  0.000 	  0.119
22 	 28 	  0.074 	  0.000 	  0.142
22 	 29 	  0.082 	  0.000 	  0.159
22 	 30 	  0.088 	  0.000 	  0.170

23 	 0 	  0.018 	 -0.000 	  0.179
23 	 1 	  0.018 	 -0.000 	  0.175
23 	 2 	  0.017 	 -0.000 	  0.164
23 	 3 	  0.015 	 -0.000 	  0.147
23 	 4 	  0.012 	 -0.000 	  0.123
23 	 5 	  0.010 	 -0.000 	  0.095
23 	 6 	  0.006 	 -0.000 	  0.062
23 	 7 	  0.003 	 -0.000 	  0.027
23 	 8 	 -0.001 	 -0.000 	 -0.009
23 	 9 	 -0.005 	 -0.000 	 -0.045
23 	 10 	 -0.008 	 -0.000 	 -0.079
23 	 11 	 -0.011 	 -0.000 	 -0.109
23 	 12 	 -0.014 	 -0.000 	 -0.136
23 	 13 	 -0.016 	 -0.000 	 -0.156
23 	 14 	 -0.017 	 -0.000 	 -0.171
23 	 15 	 -0.018 	 -0.000 	 -0.178
23 	 16 	 -0.018 	  0.000 	 -0.178
23 	 17 	 -0.017 	  0.000 	 -0.171
23 	 18 	 -0.016 	  0.000 	 -0.156
23 	 19 	 -0.014 	  0.000 	 -0.136
23 	 20 	 -0.011 	  0.000 	 -0.109
23 	 21 	 -0.008 	  0.000 	 -0.079
23 	 22 	 -0.005 	  0.000 	 -0.045
23 	 23 	 -0.001 	  0.000 	 -0.009
23 	 24 	  0.003 	  0.000 	  0.027
23 	 25 	  0.006 	  0.000 	  0.062
23 	 26 	  0.010 	  0.000 	  0.095
23 	 27 	  0.012 	  0.000 	  0.123
23 	 28 	  0.015 	  0.000 	  0.147
23 	 29 	  0.017 	  0.000 	  0.164
23 	 30 	  0.018 	  0.000 	  0.175

24 	 0 	 -0.054 	  0.000 	  0.177
24 	 1 	 -0.053 	  0.000 	  0.173
24 	 2 	 -0.050 	  0.000 	  0.163
24 	 3 	 -0.045 	  0.000 	  0.145
24 	 4 	 -0.037 	  0.000 	  0.122
24 	 5 	 -0.029 	  0.000 	  0.094
24 	 6 	 -0.019 	  0.000 	  0.061
24 	 7 	 -0.008 	  0.000 	  0.027
24 	 8 	  0.003 	  0.000 	 -0.009
24 	 9 	  0.014 	  0.000 	 -0.044
24 	 10 	  0.024 	  0.000 	 -0.078
24 	 11 	  0.033 	  0.000 	 -0.108
24 	 12 	  0.041 	  0.000 	 -0.134
24 	 13 	  0.047 	  0.000 	 -0.155
24 	 14 	  0.052 	  0.000 	 -0.169
24 	 15 	  0.054 	  0.000 	 -0.176
24 	 16 	  0.054 	 -0.000 	 -0.176
24 	 17 	  0.052 	 -0.000 	 -0.169
24 	 18 	  0.047 	 -0.000 	 -0.155
24 	 19 	  0.041 	 -0.000 	 -0.134
24 	 20 	  0.033 	 -0.000 	 -0.108
24 	 21 	  0.024 	 -0.000 	 -0.078
24 	 22 	  0.014 	 -0.000 	 -0.044
24 	 23 	  0.003 	 -0.000 	 -0.009
24 	 24 	 -0.008 	 -0.000 	  0.027
24 	 25 	 -0.019 	 -0.000 	  0.061
24 	 26 	 -0.029 	 -0.000 	  0.094
24 	 27 	 -0.037 	 -0.000 	  0.122
24 	 28 	 -0.045 	 -0.000 	  0.145
24 	 29 	 -0.050 	 -0.000 	  0.163
24 	 30 	 -0.053 	 -0.000 	  0.173

25 	 0 	 -0.124 	  0.000 	  0.168
25 	 1 	 -0.122 	  0.000 	  0.164
25 	 2 	 -0.114 	  0.000 	  0.154
25 	 3 	 -0.102 	  0.000 	  0.138
25 	 4 	 -0.086 	  0.000 	  0.116
25 	 5 	 -0.066 	  0.000 	  0.089
25 	 6 	 -0.043 	  0.000 	  0.058
25 	 7 	 -0.019 	  0.000 	  0.025
25 	 8 	  0.006 	  0.000 	 -0.009
25 	 9 	  0.031 	  0.000 	 -0.042
25 	 10 	  0.055 	  0.000 	 -0.074
25 	 11 	  0.076 	  0.000 	 -0.103
25 	 12 	  0.094 	  0.000 	 -0.127
25 	 13 	  0.109 	  0.000 	 -0.147
25 	 14 	  0.119 	  0.000 	 -0.160
25 	 15 	  0.124 	  0.000 	 -0.167
25 	 16 	  0.124 	 -0.000 	 -0.167
25 	 17 	  0.119 	 -0.000 	 -0.160
25 	 18 	  0.109 	 -0.000 	 -0.147
25 	 19 	  0.094 	 -0.000 	 -0.127
25 	 20 	  0.076 	 -0.000 	 -0.103
25 	 21 	  0.055 	 -0.000 	 -0.074
25 	 22 	  0.031 	 -0.000 	 -0.042
25 	 23 	  0.006 	 -0.000 	 -0.009
25 	 24 	 -0.019 	 -0.000 	  0.025
25 	 25 	 -0.043 	 -0.000 	  0.058
25 	 26 	 -0.066 	 -0.000 	  0.089
25 	 27 	 -0.086 	 -0.000 	  0.116
25 	 28 	 -0.102 	 -0.000 	  0.138
25 	 29 	 -0.114 	 -0.000 	  0.154
25 	 30 	 -0.122 	 -0.000 	  0.164

26 	 0 	 -0.189 	  0.000 	  0.152
26 	 1 	 -0.186 	  0.000 	  0.149
26 	 2 	 -0.174 	  0.000 	  0.140
26 	 3 	 -0.155 	  0.000 	  0.125
26 	 4 	 -0.131 	  0.000 	  0.105
26 	 5 	 -0.100 	  0.000 	  0.080
26 	 6 	 -0.066 	  0.000 	  0.053
26 	 7 	 -0.029 	  0.000 	  0.023
26 	 8 	  0.010 	  0.000 	 -0.008
26 	 9 	  0.047 	  0.000 	 -0.038
26 	 10 	  0.083 	  0.000 	 -0.067
26 	 11 	  0.116 	  0.000 	 -0.093
26 	 12 	  0.144 	  0.000 	 -0.115
26 	 13 	  0.166 	  0.000 	 -0.133
26 	 14 	  0.181 	  0.000 	 -0.145
26 	 15 	  0.188 	  0.000 	 -0.151
26 	 16 	  0.188 	 -0.000 	 -0.151
26 	 17 	  0.181 	 -0.000 	 -0.145
26 	 18 	  0.166 	 -0.000 	 -0.133
26 	 19 	  0.144 	 -0.000 	 -0.115
26 	 20 	  0.116 	 -0.000 	 -0.093
26 	 21 	  0.083 	 -0.000 	 -0.067
26 	 22 	  0.047 	 -0.000 	 -0.038
26 	 23 	  0.010 	 -0.000 	 -0.008
26 	 24 	 -0.029 	 -0.000 	  0.023
26 	 25 	 -0.066 	 -0.000 	  0.053
26 	 26 	 -0.100 	 -0.000 	  0.080
26 	 27 	 -0.131 	 -0.000 	  0.105
26 	 28 	 -0.155 	 -0.000 	  0.125
26 	 29 	 -0.174 	 -0.000 	  0.140
26 	 30 	 -0.186 	 -0.000 	  0.149

27 	 0 	 -0.247 	  0.000 	  0.130
27 	 1 	 -0.242 	  0.000 	  0.127
27 	 2 	 -0.227 	  0.000 	  0.119
27 	 3 	 -0.203 	  0.000 	  0.107
27 	 4 	 -0.170 	  0.000 	  0.089
27 	 5 	 -0.131 	  0.000 	  0.069
27 	 6 	 -0.086 	  0.000 	  0.045
27 	 7 	 -0.037 	  0.000 	  0.020
27 	 8 	  0.012 	  0.000 	 -0.007
27 	 9 	  0.062 	  0.000 	 -0.033
27 	 10 	  0.109 	  0.000 	 -0.057
27 	 11 	  0.151 	  0.000 	 -0.079
27 	 12 	  0.187 	  0.000 	 -0.098
27 	 13 	  0.216 	  0.000 	 -0.113
27 	 14 	  0.235 	  0.000 	 -0.124
27 	 15 	  0.245 	  0.000 	 -0.129
27 	 16 	  0.245 	 -0.000 	 -0.129
27 	 17 	  0.235 	 -0.000 	 -0.124
27 	 18 	  0.216 	 -0.000 	 -0.113
27 	 19 	  0.187 	 -0.000 	 -0.098
27 	 20 	  0.151 	 -0.000 	 -0.079
27 	 21 	  0.109 	 -0.000 	 -0.057
27 	 22 	  0.062 	 -0.000 	 -0.033
27 	 23 	  0.012 	 -0.000 	 -0.007
27 	 24 	 -0.037 	 -0.000 	  0.020
27 	 25 	 -0.086 	 -0.000 	  0.045
27 	 26 	 -0.131 	 -0.000 	  0.069
27 	 27 	 -0.170 	 -0.000 	  0.089
27 	 28 	 -0.203 	 -0.000 	  0.107
27 	 29 	 -0.227 	 -0.000 	  0.119
27 	 30 	 -0.242 	 -0.000 	  0.127

28 	 0 	 -0.294 	  0.000 	  0.102
28 	 1 	 -0.288 	  0.000 	  0.100
28 	 2 	 -0.270 	  0.000 	  0.094
28 	 3 	 -0.241 	  0.000 	  0.084
28 	 4 	 -0.203 	  0.000 	  0.070
28 	 5 	 -0.155 	  0.000 	  0.054
28 	 6 	 -0.102 	  0.000 	  0.036
28 	 7 	 -0.045 	  0.000 	  0.015
28 	 8 	  0.015 	  0.000 	 -0.005
28 	 9 	  0.074 	  0.000 	 -0.026
28 	 10 	  0.129 	  0.000 	 -0.045
28 	 11 	  0.180 	  0.000 	 -0.063
28 	 12 	  0.223 	  0.000 	 -0.078
28 	 13 	  0.257 	  0.000 	 -0.089
28 	 14 	  0.280 	  0.000 	 -0.098
28 	 15 	  0.292 	  0.000 	 -0.102
28 	 16 	  0.292 	 -0.000 	 -0.102
28 	 17 	  0.280 	 -0.000 	 -0.098
28 	 18 	  0.257 	 -0.000 	 -0.089
28 	 19 	  0.223 	 -0.000 	 -0.078
28 	 20 	  0.180 	 -0.000 	 -0.063
28 	 21 	  0.129 	 -0.000 	 -0.045
28 	 22 	  0.074 	 -0.000 	 -0.026
28 	 23 	  0.015 	 -0.000 	 -0.005
28 	 24 	 -0.045 	 -0.000 	  0.015
28 	 25 	 -0.102 	 -0.000 	  0.036
28 	 26 	 -0.155 	 -0.000 	  0.054
28 	 27 	 -0.203 	 -0.000 	  0.070
28 	 28 	 -0.241 	 -0.000 	  0.084
28 	 29 	 -0.270 	 -0.000 	  0.094
28 	 30 	 -0.288 	 -0.000 	  0.100

29 	 0 	 -0.329 	  0.000 	  0.071
29 	 1 	 -0.322 	  0.000 	  0.069
29 	 2 	 -0.302 	  0.000 	  0.065
29 	 3 	 -0.270 	  0.000 	  0.058
29 	 4 	 -0.227 	  0.000 	  0.049
29 	 5 	 -0.174 	  0.000 	  0.037
29 	 6 	 -0.114 	  0.000 	  0.025
29 	 7 	 -0.050 	  0.000 	  0.011
29 	 8 	  0.017 	  0.000 	 -0.004
29 	 9 	  0.082 	  0.000 	 -0.018
29 	 10 	  0.145 	  0.000 	 -0.031
29 	 11 	  0.201 	  0.000 	 -0.043
29 	 12 	  0.250 	  0.000 	 -0.054
29 	 13 	  0.288 	  0.000 	 -0.062
29 	 14 	  0.314 	  0.000 	 -0.067
29 	 15 	  0.327 	  0.000 	 -0.070
29 	 16 	  0.327 	 -0.000 	 -0.070
29 	 17 	  0.314 	 -0.000 	 -0.067
29 	 18 	  0.288 	 -0.000 	 -0.062
29 	 19 	  0.250 	 -0.000 	 -0.054
29 	 20 	  0.201 	 -0.000 	 -0.043
29 	 21 	  0.145 	 -0.000 	 -0.031
29 	 22 	  0.082 	 -0.000 	 -0.018
29 	 23 	  0.017 	 -0.000 	 -0.004
29 	 24 	 -0.050 	 -0.000 	  0.011
29 	 25 	 -0.114 	 -0.000 	  0.025
29 	 26 	 -0.174 	 -0.000 	  0.037
29 	 27 	 -0.227 	 -0.000 	  0.049
29 	 28 	 -0.270 	 -0.000 	  0.058
29 	 29 	 -0.302 	 -0.000 	  0.065
29 	 30 	 -0.322 	 -0.000 	  0.069

30 	 0 	 -0.351 	  0.000 	  0.036
30 	 1 	 -0.344 	  0.000 	  0.035
30 	 2 	 -0.322 	  0.000 	  0.033
30 	 3 	 -0.288 	  0.000 	  0.030
30 	 4 	 -0.242 	  0.000 	  0.025
30 	 5 	 -0.186 	  0.000 	  0.019
30 	 6 	 -0.122 	  0.000 	  0.013
30 	 7 	 -0.053 	  0.000 	  0.005
30 	 8 	  0.018 	  0.000 	 -0.002
30 	 9 	  0.088 	  0.000 	 -0.009
30 	 10 	  0.154 	  0.000 	 -0.016
30 	 11 	  0.215 	  0.000 	 -0.022
30 	 12 	  0.266 	  0.000 	 -0.027
30 	 13 	  0.307 	  0.000 	 -0.032
30 	 14 	  0.335 	  0.000 	 -0.034
30 	 15 	  0.349 	  0.000 	 -0.036
30 	 16 	  0.349 	 -0.000 	 -0.036
30 	 17 	  0.335 	 -0.000 	 -0.034
30 	 18 	  0.307 	 -0.000 	 -0.032
30 	 19 	  0.266 	 -0.000 	 -0.027
30 	 20 	  0.215 	 -0.000 	 -0.022
30 	 21 	  0.154 	 -0.000 	 -0.016
30 	 22 	  0.088 	 -0.000 	 -0.009
30 	 23 	  0.018 	 -0.000 	 -0.002
30 	 24 	 -0.053 	 -0.000 	  0.005
30 	 25 	 -0.122 	 -0.000 	  0.013
30 	 26 	 -0.186 	 -0.000 	  0.019
30 	 27 	 -0.242 	 -0.000 	  0.025
30 	 28 	 -0.288 	 -0.000 	  0.030
30 	 29 	 -0.322 	 -0.000 	  0.033
30 	 30 	 -0.344 	 -0.000 	  0.035

