0 	 0 	 -0.640 	  0.000 	 -0.000
0 	 1 	 -0.627 	  0.000 	 -0.000
0 	 2 	 -0.588 	  0.000 	 -0.000
0 	 3 	 -0.525 	  0.000 	 -0.000
0 	 4 	 -0.441 	  0.000 	 -0.000
0 	 5 	 -0.338 	  0.000 	 -0.000
0 	 6 	 -0.222 	  0.000 	 -0.000
0 	 7 	 -0.097 	  0.000 	 -0.000
0 	 8 	  0.032 	  0.000 	  0.000
0 	 9 	  0.160 	  0.000 	  0.000
0 	 10 	  0.282 	  0.000 	  0.000
0 	 11 	  0.392 	  0.000 	  0.000
0 	 12 	  0.485 	  0.000 	  0.000
0 	 13 	  0.559 	  0.000 	  0.000
0 	 14 	  0.610 	  0.000 	  0.000
0 	 15 	  0.636 	  0.000 	  0.000
0 	 16 	  0.636 	 -0.000 	  0.000
0 	 17 	  0.610 	 -0.000 	  0.000
0 	 18 	  0.559 	 -0.000 	  0.000
0 	 19 	  0.485 	 -0.000 	  0.000
0 	 20 	  0.392 	 -0.000 	  0.000
0 	 21 	  0.282 	 -0.000 	  0.000
0 	 22 	  0.160 	 -0.000 	  0.000
0 	 23 	  0.032 	 -0.000 	  0.000
0 	 24 	 -0.097 	 -0.000 	 -0.000
0 	 25 	 -0.222 	 -0.000 	 -0.000
0 	 26 	 -0.338 	 -0.000 	 -0.000
0 	 27 	 -0.441 	 -0.000 	 -0.000
0 	 28 	 -0.525 	 -0.000 	 -0.000
0 	 29 	 -0.588 	 -0.000 	 -0.000
0 	 30 	 -0.627 	 -0.000 	 -0.000

1 	 0 	 -0.627 	  0.000 	 -0.064
1 	 1 	 -0.614 	  0.000 	 -0.063
1 	 2 	 -0.576 	  0.000 	 -0.059
1 	 3 	 -0.514 	  0.000 	 -0.053
1 	 4 	 -0.432 	  0.000 	 -0.044
1 	 5 	 -0.331 	  0.000 	 -0.034
1 	 6 	 -0.218 	  0.000 	 -0.022
1 	 7 	 -0.095 	  0.000 	 -0.010
1 	 8 	  0.032 	  0.000 	  0.003
1 	 9 	  0.157 	  0.000 	  0.016
1 	 10 	  0.276 	  0.000 	  0.028
1 	 11 	  0.384 	  0.000 	  0.039
1 	 12 	  0.475 	  0.000 	  0.049
1 	 13 	  0.548 	  0.000 	  0.056
1 	 14 	  0.598 	  0.000 	  0.061
1 	 15 	  0.623 	  0.000 	  0.064
1 	 16 	  0.623 	 -0.000 	  0.064
1 	 17 	  0.598 	 -0.000 	  0.061
1 	 18 	  0.548 	 -0.000 	  0.056
1 	 19 	  0.475 	 -0.000 	  0.049
1 	 20 	  0.384 	 -0.000 	  0.039
1 	 21 	  0.276 	 -0.000 	  0.028
1 	 22 	  0.157 	 -0.000 	  0.016
1 	 23 	  0.032 	 -0.000 	  0.003
1 	 24 	 -0.095 	 -0.000 	 -0.010
1 	 25 	 -0.218 	 -0.000 	 -0.022
1 	 26 	 -0.331 	 -0.000 	 -0.034
1 	 27 	 -0.432 	 -0.000 	 -0.044
1 	 28 	 -0.514 	 -0.000 	 -0.053
1 	 29 	 -0.576 	 -0.000 	 -0.059
1 	 30 	 -0.614 	 -0.000 	 -0.063

2 	 0 	 -0.588 	  0.000 	 -0.126
2 	 1 	 -0.576 	  0.000 	 -0.124
2 	 2 	 -0.540 	  0.000 	 -0.116
2 	 3 	 -0.482 	  0.000 	 -0.104
2 	 4 	 -0.405 	  0.000 	 -0.087
2 	 5 	 -0.311 	  0.000 	 -0.067
2 	 6 	 -0.204 	  0.000 	 -0.044
2 	 7 	 -0.089 	  0.000 	 -0.019
2 	 8 	  0.030 	  0.000 	  0.006
2 	 9 	  0.147 	  0.000 	  0.032
2 	 10 	  0.259 	  0.000 	  0.056
2 	 11 	  0.360 	  0.000 	  0.077
2 	 12 	  0.446 	  0.000 	  0.096
2 	 13 	  0.514 	  0.000 	  0.110
2 	 14 	  0.561 	  0.000 	  0.120
2 	 15 	  0.585 	  0.000 	  0.125
2 	 16 	  0.585 	 -0.000 	  0.125
2 	 17 	  0.561 	 -0.000 	  0.120
2 	 18 	  0.514 	 -0.000 	  0.110
2 	 19 	  0.446 	 -0.000 	  0.096
2 	 20 	  0.360 	 -0.000 	  0.077
2 	 21 	  0.259 	 -0.000 	  0.056
2 	 22 	  0.147 	 -0.000 	  0.032
2 	 23 	  0.030 	 -0.000 	  0.006
2 	 24 	 -0.089 	 -0.000 	 -0.019
2 	 25 	 -0.204 	 -0.000 	 -0.044
2 	 26 	 -0.311 	 -0.000 	 -0.067
2 	 27 	 -0.405 	 -0.000 	 -0.087
2 	 28 	 -0.482 	 -0.000 	 -0.104
2 	 29 	 -0.540 	 -0.000 	 -0.116
2 	 30 	 -0.576 	 -0.000 	 -0.124

3 	 0 	 -0.525 	  0.000 	 -0.183
3 	 1 	 -0.514 	  0.000 	 -0.179
3 	 2 	 -0.482 	  0.000 	 -0.168
3 	 3 	 -0.431 	  0.000 	 -0.150
3 	 4 	 -0.362 	  0.000 	 -0.126
3 	 5 	 -0.278 	  0.000 	 -0.097
3 	 6 	 -0.182 	  0.000 	 -0.063
3 	 7 	 -0.079 	  0.000 	 -0.028
3 	 8 	  0.027 	  0.000 	  0.009
3 	 9 	  0.132 	  0.000 	  0.046
3 	 10 	  0.231 	  0.000 	  0.080
3 	 11 	  0.321 	  0.000 	  0.112
3 	 12 	  0.398 	  0.000 	  0.139
3 	 13 	  0.459 	  0.000 	  0.160
3 	 14 	  0.501 	  0.000 	  0.174
3 	 15 	  0.522 	  0.000 	  0.182
3 	 16 	  0.522 	 -0.000 	  0.182
3 	 17 	  0.501 	 -0.000 	  0.174
3 	 18 	  0.459 	 -0.000 	  0.160
3 	 19 	  0.398 	 -0.000 	  0.139
3 	 20 	  0.321 	 -0.000 	  0.112
3 	 21 	  0.231 	 -0.000 	  0.080
3 	 22 	  0.132 	 -0.000 	  0.046
3 	 23 	  0.027 	 -0.000 	  0.009
3 	 24 	 -0.079 	 -0.000 	 -0.028
3 	 25 	 -0.182 	 -0.000 	 -0.063
3 	 26 	 -0.278 	 -0.000 	 -0.097
3 	 27 	 -0.362 	 -0.000 	 -0.126
3 	 28 	 -0.431 	 -0.000 	 -0.150
3 	 29 	 -0.482 	 -0.000 	 -0.168
3 	 30 	 -0.514 	 -0.000 	 -0.179

4 	 0 	 -0.441 	  0.000 	 -0.232
4 	 1 	 -0.432 	  0.000 	 -0.227
4 	 2 	 -0.405 	  0.000 	 -0.213
4 	 3 	 -0.362 	  0.000 	 -0.190
4 	 4 	 -0.304 	  0.000 	 -0.160
4 	 5 	 -0.233 	  0.000 	 -0.123
4 	 6 	 -0.153 	  0.000 	 -0.081
4 	 7 	 -0.067 	  0.000 	 -0.035
4 	 8 	  0.022 	  0.000 	  0.012
4 	 9 	  0.110 	  0.000 	  0.058
4 	 10 	  0.194 	  0.000 	  0.102
4 	 11 	  0.270 	  0.000 	  0.142
4 	 12 	  0.334 	  0.000 	  0.176
4 	 13 	  0.385 	  0.000 	  0.203
4 	 14 	  0.420 	  0.000 	  0.221
4 	 15 	  0.438 	  0.000 	  0.231
4 	 16 	  0.438 	 -0.000 	  0.231
4 	 17 	  0.420 	 -0.000 	  0.221
4 	 18 	  0.385 	 -0.000 	  0.203
4 	 19 	  0.334 	 -0.000 	  0.176
4 	 20 	  0.270 	 -0.000 	  0.142
4 	 21 	  0.194 	 -0.000 	  0.102
4 	 22 	  0.110 	 -0.000 	  0.058
4 	 23 	  0.022 	 -0.000 	  0.012
4 	 24 	 -0.067 	 -0.000 	 -0.035
4 	 25 	 -0.153 	 -0.000 	 -0.081
4 	 26 	 -0.233 	 -0.000 	 -0.123
4 	 27 	 -0.304 	 -0.000 	 -0.160
4 	 28 	 -0.362 	 -0.000 	 -0.190
4 	 29 	 -0.405 	 -0.000 	 -0.213
4 	 30 	 -0.432 	 -0.000 	 -0.227

5 	 0 	 -0.338 	  0.000 	 -0.271
5 	 1 	 -0.331 	  0.000 	 -0.266
5 	 2 	 -0.311 	  0.000 	 -0.249
5 	 3 	 -0.278 	  0.000 	 -0.223
5 	 4 	 -0.233 	  0.000 	 -0.187
5 	 5 	 -0.179 	  0.000 	 -0.144
5 	 6 	 -0.118 	  0.000 	 -0.094
5 	 7 	 -0.051 	  0.000 	 -0.041
5 	 8 	  0.017 	  0.000 	  0.014
5 	 9 	  0.085 	  0.000 	  0.068
5 	 10 	  0.149 	  0.000 	  0.120
5 	 11 	  0.207 	  0.000 	  0.166
5 	 12 	  0.257 	  0.000 	  0.206
5 	 13 	  0.296 	  0.000 	  0.237
5 	 14 	  0.323 	  0.000 	  0.259
5 	 15 	  0.337 	  0.000 	  0.270
5 	 16 	  0.337 	 -0.000 	  0.270
5 	 17 	  0.323 	 -0.000 	  0.259
5 	 18 	  0.296 	 -0.000 	  0.237
5 	 19 	  0.257 	 -0.000 	  0.206
5 	 20 	  0.207 	 -0.000 	  0.166
5 	 21 	  0.149 	 -0.000 	  0.120
5 	 22 	  0.085 	 -0.000 	  0.068
5 	 23 	  0.017 	 -0.000 	  0.014
5 	 24 	 -0.051 	 -0.000 	 -0.041
5 	 25 	 -0.118 	 -0.000 	 -0.094
5 	 26 	 -0.179 	 -0.000 	 -0.144
5 	 27 	 -0.233 	 -0.000 	 -0.187
5 	 28 	 -0.278 	 -0.000 	 -0.223
5 	 29 	 -0.311 	 -0.000 	 -0.249
5 	 30 	 -0.331 	 -0.000 	 -0.266

6 	 0 	 -0.222 	  0.000 	 -0.300
6 	 1 	 -0.218 	  0.000 	 -0.294
6 	 2 	 -0.204 	  0.000 	 -0.276
6 	 3 	 -0.182 	  0.000 	 -0.246
6 	 4 	 -0.153 	  0.000 	 -0.207
6 	 5 	 -0.118 	  0.000 	 -0.159
6 	 6 	 -0.077 	  0.000 	 -0.104
6 	 7 	 -0.034 	  0.000 	 -0.045
6 	 8 	  0.011 	  0.000 	  0.015
6 	 9 	  0.056 	  0.000 	  0.075
6 	 10 	  0.098 	  0.000 	  0.132
6 	 11 	  0.136 	  0.000 	  0.184
6 	 12 	  0.169 	  0.000 	  0.228
6 	 13 	  0.194 	  0.000 	  0.262
6 	 14 	  0.212 	  0.000 	  0.286
6 	 15 	  0.221 	  0.000 	  0.298
6 	 16 	  0.221 	 -0.000 	  0.298
6 	 17 	  0.212 	 -0.000 	  0.286
6 	 18 	  0.194 	 -0.000 	  0.262
6 	 19 	  0.169 	 -0.000 	  0.228
6 	 20 	  0.136 	 -0.000 	  0.184
6 	 21 	  0.098 	 -0.000 	  0.132
6 	 22 	  0.056 	 -0.000 	  0.075
6 	 23 	  0.011 	 -0.000 	  0.015
6 	 24 	 -0.034 	 -0.000 	 -0.045
6 	 25 	 -0.077 	 -0.000 	 -0.104
6 	 26 	 -0.118 	 -0.000 	 -0.159
6 	 27 	 -0.153 	 -0.000 	 -0.207
6 	 28 	 -0.182 	 -0.000 	 -0.246
6 	 29 	 -0.204 	 -0.000 	 -0.276
6 	 30 	 -0.218 	 -0.000 	 -0.294

7 	 0 	 -0.097 	  0.000 	 -0.316
7 	 1 	 -0.095 	  0.000 	 -0.310
7 	 2 	 -0.089 	  0.000 	 -0.291
7 	 3 	 -0.079 	  0.000 	 -0.259
7 	 4 	 -0.067 	  0.000 	 -0.218
7 	 5 	 -0.051 	  0.000 	 -0.167
7 	 6 	 -0.034 	  0.000 	 -0.110
7 	 7 	 -0.015 	  0.000 	 -0.048
7 	 8 	  0.005 	  0.000 	  0.016
7 	 9 	  0.024 	  0.000 	  0.079
7 	 10 	  0.043 	  0.000 	  0.139
7 	 11 	  0.059 	  0.000 	  0.194
7 	 12 	  0.073 	  0.000 	  0.240
7 	 13 	  0.085 	  0.000 	  0.276
7 	 14 	  0.092 	  0.000 	  0.302
7 	 15 	  0.096 	  0.000 	  0.315
7 	 16 	  0.096 	 -0.000 	  0.315
7 	 17 	  0.092 	 -0.000 	  0.302
7 	 18 	  0.085 	 -0.000 	  0.276
7 	 19 	  0.073 	 -0.000 	  0.240
7 	 20 	  0.059 	 -0.000 	  0.194
7 	 21 	  0.043 	 -0.000 	  0.139
7 	 22 	  0.024 	 -0.000 	  0.079
7 	 23 	  0.005 	 -0.000 	  0.016
7 	 24 	 -0.015 	 -0.000 	 -0.048
7 	 25 	 -0.034 	 -0.000 	 -0.110
7 	 26 	 -0.051 	 -0.000 	 -0.167
7 	 27 	 -0.067 	 -0.000 	 -0.218
7 	 28 	 -0.079 	 -0.000 	 -0.259
7 	 29 	 -0.089 	 -0.000 	 -0.291
7 	 30 	 -0.095 	 -0.000 	 -0.310

8 	 0 	  0.032 	 -0.000 	 -0.319
8 	 1 	  0.032 	 -0.000 	 -0.313
8 	 2 	  0.030 	 -0.000 	 -0.294
8 	 3 	  0.027 	 -0.000 	 -0.262
8 	 4 	  0.022 	 -0.000 	 -0.220
8 	 5 	  0.017 	 -0.000 	 -0.169
8 	 6 	  0.011 	 -0.000 	 -0.111
8 	 7 	  0.005 	 -0.000 	 -0.048
8 	 8 	 -0.002 	 -0.000 	  0.016
8 	 9 	 -0.008 	 -0.000 	  0.080
8 	 10 	 -0.014 	 -0.000 	  0.141
8 	 11 	 -0.020 	 -0.000 	  0.196
8 	 12 	 -0.025 	 -0.000 	  0.242
8 	 13 	 -0.028 	 -0.000 	  0.279
8 	 14 	 -0.031 	 -0.000 	  0.305
8 	 15 	 -0.032 	 -0.000 	  0.318
8 	 16 	 -0.032 	  0.000 	  0.318
8 	 17 	 -0.031 	  0.000 	  0.305
8 	 18 	 -0.028 	  0.000 	  0.279
8 	 19 	 -0.025 	  0.000 	  0.242
8 	 20 	 -0.020 	  0.000 	  0.196
8 	 21 	 -0.014 	  0.000 	  0.141
8 	 22 	 -0.008 	  0.000 	  0.080
8 	 23 	 -0.002 	  0.000 	  0.016
8 	 24 	  0.005 	  0.000 	 -0.048
8 	 25 	  0.011 	  0.000 	 -0.111
8 	 26 	  0.017 	  0.000 	 -0.169
8 	 27 	  0.022 	  0.000 	 -0.220
8 	 28 	  0.027 	  0.000 	 -0.262
8 	 29 	  0.030 	  0.000 	 -0.294
8 	 30 	  0.032 	  0.000 	 -0.313

9 	 0 	  0.160 	 -0.000 	 -0.310
9 	 1 	  0.157 	 -0.000 	 -0.303
9 	 2 	  0.147 	 -0.000 	 -0.285
9 	 3 	  0.132 	 -0.000 	 -0.254
9 	 4 	  0.110 	 -0.000 	 -0.213
9 	 5 	  0.085 	 -0.000 	 -0.164
9 	 6 	  0.056 	 -0.000 	 -0.108
9 	 7 	  0.024 	 -0.000 	 -0.047
9 	 8 	 -0.008 	 -0.000 	  0.016
9 	 9 	 -0.040 	 -0.000 	  0.078
9 	 10 	 -0.071 	 -0.000 	  0.136
9 	 11 	 -0.098 	 -0.000 	  0.190
9 	 12 	 -0.122 	 -0.000 	  0.235
9 	 13 	 -0.140 	 -0.000 	  0.271
9 	 14 	 -0.153 	 -0.000 	  0.295
9 	 15 	 -0.160 	 -0.000 	  0.308
9 	 16 	 -0.160 	  0.000 	  0.308
9 	 17 	 -0.153 	  0.000 	  0.295
9 	 18 	 -0.140 	  0.000 	  0.271
9 	 19 	 -0.122 	  0.000 	  0.235
9 	 20 	 -0.098 	  0.000 	  0.190
9 	 21 	 -0.071 	  0.000 	  0.136
9 	 22 	 -0.040 	  0.000 	  0.078
9 	 23 	 -0.008 	  0.000 	  0.016
9 	 24 	  0.024 	  0.000 	 -0.047
9 	 25 	  0.056 	  0.000 	 -0.108
9 	 26 	  0.085 	  0.000 	 -0.164
9 	 27 	  0.110 	  0.000 	 -0.213
9 	 28 	  0.132 	  0.000 	 -0.254
9 	 29 	  0.147 	  0.000 	 -0.285
9 	 30 	  0.157 	  0.000 	 -0.303

10 	 0 	  0.282 	 -0.000 	 -0.287
10 	 1 	  0.276 	 -0.000 	 -0.281
10 	 2 	  0.259 	 -0.000 	 -0.264
10 	 3 	  0.231 	 -0.000 	 -0.236
10 	 4 	  0.194 	 -0.000 	 -0.198
10 	 5 	  0.149 	 -0.000 	 -0.152
10 	 6 	  0.098 	 -0.000 	 -0.100
10 	 7 	  0.043 	 -0.000 	 -0.043
10 	 8 	 -0.014 	 -0.000 	  0.015
10 	 9 	 -0.071 	 -0.000 	  0.072
10 	 10 	 -0.124 	 -0.000 	  0.126
10 	 11 	 -0.172 	 -0.000 	  0.176
10 	 12 	 -0.214 	 -0.000 	  0.218
10 	 13 	 -0.246 	 -0.000 	  0.251
10 	 14 	 -0.269 	 -0.000 	  0.274
10 	 15 	 -0.280 	 -0.000 	  0.286
10 	 16 	 -0.280 	  0.000 	  0.286
10 	 17 	 -0.269 	  0.000 	  0.274
10 	 18 	 -0.246 	  0.000 	  0.251
10 	 19 	 -0.214 	  0.000 	  0.218
10 	 20 	 -0.172 	  0.000 	  0.176
10 	 21 	 -0.124 	  0.000 	  0.126
10 	 22 	 -0.071 	  0.000 	  0.072
10 	 23 	 -0.014 	  0.000 	  0.015
10 	 24 	  0.043 	  0.000 	 -0.043
10 	 25 	  0.098 	  0.000 	 -0.100
10 	 26 	  0.149 	  0.000 	 -0.152
10 	 27 	  0.194 	  0.000 	 -0.198
10 	 28 	  0.231 	  0.000 	 -0.236
10 	 29 	  0.259 	  0.000 	 -0.264
10 	 30 	  0.276 	  0.000 	 -0.281

11 	 0 	  0.392 	 -0.000 	 -0.253
11 	 1 	  0.384 	 -0.000 	 -0.248
11 	 2 	  0.360 	 -0.000 	 -0.232
11 	 3 	  0.321 	 -0.000 	 -0.208
11 	 4 	  0.270 	 -0.000 	 -0.174
11 	 5 	  0.207 	 -0.000 	 -0.134
11 	 6 	  0.136 	 -0.000 	 -0.088
11 	 7 	  0.059 	 -0.000 	 -0.038
11 	 8 	 -0.020 	 -0.000 	  0.013
11 	 9 	 -0.098 	 -0.000 	  0.063
11 	 10 	 -0.172 	 -0.000 	  0.111
11 	 11 	 -0.240 	 -0.000 	  0.155
11 	 12 	 -0.297 	 -0.000 	  0.192
11 	 13 	 -0.342 	 -0.000 	  0.221
11 	 14 	 -0.374 	 -0.000 	  0.241
11 	 15 	 -0.390 	 -0.000 	  0.252
11 	 16 	 -0.390 	  0.000 	  0.252
11 	 17 	 -0.374 	  0.000 	  0.241
11 	 18 	 -0.342 	  0.000 	  0.221
11 	 19 	 -0.297 	  0.000 	  0.192
11 	 20 	 -0.240 	  0.000 	  0.155
11 	 21 	 -0.172 	  0.000 	  0.111
11 	 22 	 -0.098 	  0.000 	  0.063
11 	 23 	 -0.020 	  0.000 	  0.013
11 	 24 	  0.059 	  0.000 	 -0.038
11 	 25 	  0.136 	  0.000 	 -0.088
11 	 26 	  0.207 	  0.000 	 -0.134
11 	 27 	  0.270 	  0.000 	 -0.174
11 	 28 	  0.321 	  0.000 	 -0.208
11 	 29 	  0.360 	  0.000 	 -0.232
11 	 30 	  0.384 	  0.000 	 -0.248

12 	 0 	  0.485 	 -0.000 	 -0.208
12 	 1 	  0.475 	 -0.000 	 -0.204
12 	 2 	  0.446 	 -0.000 	 -0.191
12 	 3 	  0.398 	 -0.000 	 -0.171
12 	 4 	  0.334 	 -0.000 	 -0.144
12 	 5 	  0.257 	 -0.000 	 -0.110
12 	 6 	  0.169 	 -0.000 	 -0.072
12 	 7 	  0.073 	 -0.000 	 -0.032
12 	 8 	 -0.025 	 -0.000 	  0.011
12 	 9 	 -0.122 	 -0.000 	  0.052
12 	 10 	 -0.214 	 -0.000 	  0.092
12 	 11 	 -0.297 	 -0.000 	  0.128
12 	 12 	 -0.368 	 -0.000 	  0.158
12 	 13 	 -0.424 	 -0.000 	  0.182
12 	 14 	 -0.463 	 -0.000 	  0.199
12 	 15 	 -0.483 	 -0.000 	  0.207
12 	 16 	 -0.483 	  0.000 	  0.207
12 	 17 	 -0.463 	  0.000 	  0.199
12 	 18 	 -0.424 	  0.000 	  0.182
12 	 19 	 -0.368 	  0.000 	  0.158
12 	 20 	 -0.297 	  0.000 	  0.128
12 	 21 	 -0.214 	  0.000 	  0.092
12 	 22 	 -0.122 	  0.000 	  0.052
12 	 23 	 -0.025 	  0.000 	  0.011
12 	 24 	  0.073 	  0.000 	 -0.032
12 	 25 	  0.169 	  0.000 	 -0.072
12 	 26 	  0.257 	  0.000 	 -0.110
12 	 27 	  0.334 	  0.000 	 -0.144
12 	 28 	  0.398 	  0.000 	 -0.171
12 	 29 	  0.446 	  0.000 	 -0.191
12 	 30 	  0.475 	  0.000 	 -0.204

13 	 0 	  0.559 	 -0.000 	 -0.155
13 	 1 	  0.548 	 -0.000 	 -0.152
13 	 2 	  0.514 	 -0.000 	 -0.143
13 	 3 	  0.459 	 -0.000 	 -0.127
13 	 4 	  0.385 	 -0.000 	 -0.107
13 	 5 	  0.296 	 -0.000 	 -0.082
13 	 6 	  0.194 	 -0.000 	 -0.054
13 	 7 	  0.085 	 -0.000 	 -0.024
13 	 8 	 -0.028 	 -0.000 	  0.008
13 	 9 	 -0.140 	 -0.000 	  0.039
13 	 10 	 -0.246 	 -0.000 	  0.068
13 	 11 	 -0.342 	 -0.000 	  0.095
13 	 12 	 -0.424 	 -0.000 	  0.118
13 	 13 	 -0.489 	 -0.000 	  0.136
13 	 14 	 -0.534 	 -0.000 	  0.148
13 	 15 	 -0.556 	 -0.000 	  0.154
13 	 16 	 -0.556 	  0.000 	  0.154
13 	 17 	 -0.534 	  0.000 	  0.148
13 	 18 	 -0.489 	  0.000 	  0.136
13 	 19 	 -0.424 	  0.000 	  0.118
13 	 20 	 -0.342 	  0.000 	  0.095
13 	 21 	 -0.246 	  0.000 	  0.068
13 	 22 	 -0.140 	  0.000 	  0.039
13 	 23 	 -0.028 	  0.000 	  0.008
13 	 24 	  0.085 	  0.000 	 -0.024
13 	 25 	  0.194 	  0.000 	 -0.054
13 	 26 	  0.296 	  0.000 	 -0.082
13 	 27 	  0.385 	  0.000 	 -0.107
13 	 28 	  0.459 	  0.000 	 -0.127
13 	 29 	  0.514 	  0.000 	 -0.143
13 	 30 	  0.548 	  0.000 	 -0.152

14 	 0 	  0.610 	 -0.000 	 -0.096
14 	 1 	  0.598 	 -0.000 	 -0.094
14 	 2 	  0.561 	 -0.000 	 -0.088
14 	 3 	  0.501 	 -0.000 	 -0.079
14 	 4 	  0.420 	 -0.000 	 -0.066
14 	 5 	  0.323 	 -0.000 	 -0.051
14 	 6 	  0.212 	 -0.000 	 -0.033
14 	 7 	  0.092 	 -0.000 	 -0.014
14 	 8 	 -0.031 	 -0.000 	  0.005
14 	 9 	 -0.153 	 -0.000 	  0.024
14 	 10 	 -0.269 	 -0.000 	  0.042
14 	 11 	 -0.374 	 -0.000 	  0.059
14 	 12 	 -0.463 	 -0.000 	  0.073
14 	 13 	 -0.534 	 -0.000 	  0.084
14 	 14 	 -0.582 	 -0.000 	  0.091
14 	 15 	 -0.607 	 -0.000 	  0.095
14 	 16 	 -0.607 	  0.000 	  0.095
14 	 17 	 -0.582 	  0.000 	  0.091
14 	 18 	 -0.534 	  0.000 	  0.084
14 	 19 	 -0.463 	  0.000 	  0.073
14 	 20 	 -0.374 	  0.000 	  0.059
14 	 21 	 -0.269 	  0.000 	  0.042
14 	 22 	 -0.153 	  0.000 	  0.024
14 	 23 	 -0.031 	  0.000 	  0.005
14 	 24 	  0.092 	  0.000 	 -0.014
14 	 25 	  0.212 	  0.000 	 -0.033
14 	 26 	  0.323 	  0.000 	 -0.051
14 	 27 	  0.420 	  0.000 	 -0.066
14 	 28 	  0.501 	  0.000 	 -0.079
14 	 29 	  0.561 	  0.000 	 -0.088
14 	 30 	  0.598 	  0.000 	 -0.094

15 	 0 	  0.636 	 -0.000 	 -0.032
15 	 1 	  0.623 	 -0.000 	 -0.032
15 	 2 	  0.585 	 -0.000 	 -0.030
15 	 3 	  0.522 	 -0.000 	 -0.027
15 	 4 	  0.438 	 -0.000 	 -0.022
15 	 5 	  0.337 	 -0.000 	 -0.017
15 	 6 	  0.221 	 -0.000 	 -0.011
15 	 7 	  0.096 	 -0.000 	 -0.005
15 	 8 	 -0.032 	 -0.000 	  0.002
15 	 9 	 -0.160 	 -0.000 	  0.008
15 	 10 	 -0.280 	 -0.000 	  0.014
15 	 11 	 -0.390 	 -0.000 	  0.020
15 	 12 	 -0.483 	 -0.000 	  0.025
15 	 13 	 -0.556 	 -0.000 	  0.028
15 	 14 	 -0.607 	 -0.000 	  0.031
15 	 15 	 -0.633 	 -0.000 	  0.032
15 	 16 	 -0.633 	  0.000 	  0.032
15 	 17 	 -0.607 	  0.000 	  0.031
15 	 18 	 -0.556 	  0.000 	  0.028
15 	 19 	 -0.483 	  0.000 	  0.025
15 	 20 	 -0.390 	  0.000 	  0.020
15 	 21 	 -0.280 	  0.000 	  0.014
15 	 22 	 -0.160 	  0.000 	  0.008
15 	 23 	 -0.032 	  0.000 	  0.002
15 	 24 	  0.096 	  0.000 	 -0.005
15 	 25 	  0.221 	  0.000 	 -0.011
15 	 26 	  0.337 	  0.000 	 -0.017
15 	 27 	  0.438 	  0.000 	 -0.022
15 	 28 	  0.522 	  0.000 	 -0.027
15 	 29 	  0.585 	  0.000 	 -0.030
15 	 30 	  0.623 	  0.000 	 -0.032

16 	 0 	  0.636 	 -0.000 	  0.032
16 	 1 	  0.623 	 -0.000 	  0.032
16 	 2 	  0.585 	 -0.000 	  0.030
16 	 3 	  0.522 	 -0.000 	  0.027
16 	 4 	  0.438 	 -0.000 	  0.022
16 	 5 	  0.337 	 -0.000 	  0.017
16 	 6 	  0.221 	 -0.000 	  0.011
16 	 7 	  0.096 	 -0.000 	  0.005
16 	 8 	 -0.032 	 -0.000 	 -0.002
16 	 9 	 -0.160 	 -0.000 	 -0.008
16 	 10 	 -0.280 	 -0.000 	 -0.014
16 	 11 	 -0.390 	 -0.000 	 -0.020
16 	 12 	 -0.483 	 -0.000 	 -0.025
16 	 13 	 -0.556 	 -0.000 	 -0.028
16 	 14 	 -0.607 	 -0.000 	 -0.031
16 	 15 	 -0.633 	 -0.000 	 -0.032
16 	 16 	 -0.633 	  0.000 	 -0.032
16 	 17 	 -0.607 	  0.000 	 -0.031
16 	 18 	 -0.556 	  0.000 	 -0.028
16 	 19 	 -0.483 	  0.000 	 -0.025
16 	 20 	 -0.390 	  0.000 	 -0.020
16 	 21 	 -0.280 	  0.000 	 -0.014
16 	 22 	 -0.160 	  0.000 	 -0.008
16 	 23 	 -0.032 	  0.000 	 -0.002
16 	 24 	  0.096 	  0.000 	  0.005
16 	 25 	  0.221 	  0.000 	  0.011
16 	 26 	  0.337 	  0.000 	  0.017
16 	 27 	  0.438 	  0.000 	  0.022
16 	 28 	  0.522 	  0.000 	  0.027
16 	 29 	  0.585 	  0.000 	  0.030
16 	 30 	  0.623 	  0.000 	  0.032

17 	 0 	  0.610 	 -0.000 	  0.096
17 	 1 	  0.598 	 -0.000 	  0.094
17 	 2 	  0.561 	 -0.000 	  0.088
17 	 3 	  0.501 	 -0.000 	  0.079
17 	 4 	  0.420 	 -0.000 	  0.066
17 	 5 	  0.323 	 -0.000 	  0.051
17 	 6 	  0.212 	 -0.000 	  0.033
17 	 7 	  0.092 	 -0.000 	  0.014
17 	 8 	 -0.031 	 -0.000 	 -0.005
17 	 9 	 -0.153 	 -0.000 	 -0.024
17 	 10 	 -0.269 	 -0.000 	 -0.042
17 	 11 	 -0.374 	 -0.000 	 -0.059
17 	 12 	 -0.463 	 -0.000 	 -0.073
17 	 13 	 -0.534 	 -0.000 	 -0.084
17 	 14 	 -0.582 	 -0.000 	 -0.091
17 	 15 	 -0.607 	 -0.000 	 -0.095
17 	 16 	 -0.607 	  0.000 	 -0.095
17 	 17 	 -0.582 	  0.000 	 -0.091
17 	 18 	 -0.534 	  0.000 	 -0.084
17 	 19 	 -0.463 	  0.000 	 -0.073
17 	 20 	 -0.374 	  0.000 	 -0.059
17 	 21 	 -0.269 	  0.000 	 -0.042
17 	 22 	 -0.153 	  0.000 	 -0.024
17 	 23 	 -0.031 	  0.000 	 -0.005
17 	 24 	  0.092 	  0.000 	  0.014
17 	 25 	  0.212 	  0.000 	  0.033
17 	 26 	  0.323 	  0.000 	  0.051
17 	 27 	  0.420 	  0.000 	  0.066
17 	 28 	  0.501 	  0.000 	  0.079
17 	 29 	  0.561 	  0.000 	  0.088
17 	 30 	  0.598 	  0.000 	  0.094

18 	 0 	  0.559 	 -0.000 	  0.155
18 	 1 	  0.548 	 -0.000 	  0.152
18 	 2 	  0.514 	 -0.000 	  0.143
18 	 3 	  0.459 	 -0.000 	  0.127
18 	 4 	  0.385 	 -0.000 	  0.107
18 	 5 	  0.296 	 -0.000 	  0.082
18 	 6 	  0.194 	 -0.000 	  0.054
18 	 7 	  0.085 	 -0.000 	  0.024
18 	 8 	 -0.028 	 -0.000 	 -0.008
18 	 9 	 -0.140 	 -0.000 	 -0.039
18 	 10 	 -0.246 	 -0.000 	 -0.068
18 	 11 	 -0.342 	 -0.000 	 -0.095
18 	 12 	 -0.424 	 -0.000 	 -0.118
18 	 13 	 -0.489 	 -0.000 	 -0.136
18 	 14 	 -0.534 	 -0.000 	 -0.148
18 	 15 	 -0.556 	 -0.000 	 -0.154
18 	 16 	 -0.556 	  0.000 	 -0.154
18 	 17 	 -0.534 	  0.000 	 -0.148
18 	 18 	 -0.489 	  0.000 	 -0.136
18 	 19 	 -0.424 	  0.000 	 -0.118
18 	 20 	 -0.342 	  0.000 	 -0.095
18 	 21 	 -0.246 	  0.000 	 -0.068
18 	 22 	 -0.140 	  0.000 	 -0.039
18 	 23 	 -0.028 	  0.000 	 -0.008
18 	 24 	  0.085 	  0.000 	  0.024
18 	 25 	  0.194 	  0.000 	  0.054
18 	 26 	  0.296 	  0.000 	  0.082
18 	 27 	  0.385 	  0.000 	  0.107
18 	 28 	  0.459 	  0.000 	  0.127
18 	 29 	  0.514 	  0.000 	  0.143
18 	 30 	  0.548 	  0.000 	  0.152

19 	 0 	  0.485 	 -0.000 	  0.208
19 	 1 	  0.475 	 -0.000 	  0.204
19 	 2 	  0.446 	 -0.000 	  0.191
19 	 3 	  0.398 	 -0.000 	  0.171
19 	 4 	  0.334 	 -0.000 	  0.144
19 	 5 	  0.257 	 -0.000 	  0.110
19 	 6 	  0.169 	 -0.000 	  0.072
19 	 7 	  0.073 	 -0.000 	  0.032
19 	 8 	 -0.025 	 -0.000 	 -0.011
19 	 9 	 -0.122 	 -0.000 	 -0.052
19 	 10 	 -0.214 	 -0.000 	 -0.092
19 	 11 	 -0.297 	 -0.000 	 -0.128
19 	 12 	 -0.368 	 -0.000 	 -0.158
19 	 13 	 -0.424 	 -0.000 	 -0.182
19 	 14 	 -0.463 	 -0.000 	 -0.199
19 	 15 	 -0.483 	 -0.000 	 -0.207
19 	 16 	 -0.483 	  0.000 	 -0.207
19 	 17 	 -0.463 	  0.000 	 -0.199
19 	 18 	 -0.424 	  0.000 	 -0.182
19 	 19 	 -0.368 	  0.000 	 -0.158
19 	 20 	 -0.297 	  0.000 	 -0.128
19 	 21 	 -0.214 	  0.000 	 -0.092
19 	 22 	 -0.122 	  0.000 	 -0.052
19 	 23 	 -0.025 	  0.000 	 -0.011
19 	 24 	  0.073 	  0.000 	  0.032
19 	 25 	  0.169 	  0.000 	  0.072
19 	 26 	  0.257 	  0.000 	  0.110
19 	 27 	  0.334 	  0.000 	  0.144
19 	 28 	  0.398 	  0.000 	  0.171
19 	 29 	  0.446 	  0.000 	  0.191
19 	 30 	  0.475 	  0.000 	  0.204

20 	 0 	  0.392 	 -0.000 	  0.253
20 	 1 	  0.384 	 -0.000 	  0.248
20 	 2 	  0.360 	 -0.000 	  0.232
20 	 3 	  0.321 	 -0.000 	  0.208
20 	 4 	  0.270 	 -0.000 	  0.174
20 	 5 	  0.207 	 -0.000 	  0.134
20 	 6 	  0.136 	 -0.000 	  0.088
20 	 7 	  0.059 	 -0.000 	  0.038
20 	 8 	 -0.020 	 -0.000 	 -0.013
20 	 9 	 -0.098 	 -0.000 	 -0.063
20 	 10 	 -0.172 	 -0.000 	 -0.111
20 	 11 	 -0.240 	 -0.000 	 -0.155
20 	 12 	 -0.297 	 -0.000 	 -0.192
20 	 13 	 -0.342 	 -0.000 	 -0.221
20 	 14 	 -0.374 	 -0.000 	 -0.241
20 	 15 	 -0.390 	 -0.000 	 -0.252
20 	 16 	 -0.390 	  0.000 	 -0.252
20 	 17 	 -0.374 	  0.000 	 -0.241
20 	 18 	 -0.342 	  0.000 	 -0.221
20 	 19 	 -0.297 	  0.000 	 -0.192
20 	 20 	 -0.240 	  0.000 	 -0.155
20 	 21 	 -0.172 	  0.000 	 -0.111
20 	 22 	 -0.098 	  0.000 	 -0.063
20 	 23 	 -0.020 	  0.000 	 -0.013
20 	 24 	  0.059 	  0.000 	  0.038
20 	 25 	  0.136 	  0.000 	  0.088
20 	 26 	  0.207 	  0.000 	  0.134
20 	 27 	  0.270 	  0.000 	  0.174
20 	 28 	  0.321 	  0.000 	  0.208
20 	 29 	  0.360 	  0.000 	  0.232
20 	 30 	  0.384 	  0.000 	  0.248

21 	 0 	  0.282 	 -0.000 	  0.287
21 	 1 	  0.276 	 -0.000 	  0.281
21 	 2 	  0.259 	 -0.000 	  0.264
21 	 3 	  0.231 	 -0.000 	  0.236
21 	 4 	  0.194 	 -0.000 	  0.198
21 	 5 	  0.149 	 -0.000 	  0.152
21 	 6 	  0.098 	 -0.000 	  0.100
21 	 7 	  0.043 	 -0.000 	  0.043
21 	 8 	 -0.014 	 -0.000 	 -0.015
21 	 9 	 -0.071 	 -0.000 	 -0.072
21 	 10 	 -0.124 	 -0.000 	 -0.126
21 	 11 	 -0.172 	 -0.000 	 -0.176
21 	 12 	 -0.214 	 -0.000 	 -0.218
21 	 13 	 -0.246 	 -0.000 	 -0.251
21 	 14 	 -0.269 	 -0.000 	 -0.274
21 	 15 	 -0.280 	 -0.000 	 -0.286
21 	 16 	 -0.280 	  0.000 	 -0.286
21 	 17 	 -0.269 	  0.000 	 -0.274
21 	 18 	 -0.246 	  0.000 	 -0.251
21 	 19 	 -0.214 	  0.000 	 -0.218
21 	 20 	 -0.172 	  0.000 	 -0.176
21 	 21 	 -0.124 	  0.000 	 -0.126
21 	 22 	 -0.071 	  0.000 	 -0.072
21 	 23 	 -0.014 	  0.000 	 -0.015
21 	 24 	  0.043 	  0.000 	  0.043
21 	 25 	  0.098 	  0.000 	  0.100
21 	 26 	  0.149 	  0.000 	  0.152
21 	 27 	  0.194 	  0.000 	  0.198
21 	 28 	  0.231 	  0.000 	  0.236
21 	 29 	  0.259 	  0.000 	  0.264
21 	 30 	  0.276 	  0.000 	  0.281

22 	 0 	  0.160 	 -0.000 	  0.310
22 	 1 	  0.157 	 -0.000 	  0.303
22 	 2 	  0.147 	 -0.000 	  0.285
22 	 3 	  0.132 	 -0.000 	  0.254
22 	 4 	  0.110 	 -0.000 	  0.213
22 	 5 	  0.085 	 -0.000 	  0.164
22 	 6 	  0.056 	 -0.000 	  0.108
22 	 7 	  0.024 	 -0.000 	  0.047
22 	 8 	 -0.008 	 -0.000 	 -0.016
22 	 9 	 -0.040 	 -0.000 	 -0.078
22 	 10 	 -0.071 	 -0.000 	 -0.136
22 	 11 	 -0.098 	 -0.000 	 -0.190
22 	 12 	 -0.122 	 -0.000 	 -0.235
22 	 13 	 -0.140 	 -0.000 	 -0.271
22 	 14 	 -0.153 	 -0.000 	 -0.295
22 	 15 	 -0.160 	 -0.000 	 -0.308
22 	 16 	 -0.160 	  0.000 	 -0.308
22 	 17 	 -0.153 	  0.000 	 -0.295
22 	 18 	 -0.140 	  0.000 	 -0.271
22 	 19 	 -0.122 	  0.000 	 -0.235
22 	 20 	 -0.098 	  0.000 	 -0.190
22 	 21 	 -0.071 	  0.000 	 -0.136
22 	 22 	 -0.040 	  0.000 	 -0.078
22 	 23 	 -0.008 	  0.000 	 -0.016
22 	 24 	  0.024 	  0.000 	  0.047
22 	 25 	  0.056 	  0.000 	  0.108
22 	 26 	  0.085 	  0.000 	  0.164
22 	 27 	  0.110 	  0.000 	  0.213
22 	 28 	  0.132 	  0.000 	  0.254
22 	 29 	  0.147 	  0.000 	  0.285
22 	 30 	  0.157 	  0.000 	  0.303

23 	 0 	  0.032 	 -0.000 	  0.319
23 	 1 	  0.032 	 -0.000 	  0.313
23 	 2 	  0.030 	 -0.000 	  0.294
23 	 3 	  0.027 	 -0.000 	  0.262
23 	 4 	  0.022 	 -0.000 	  0.220
23 	 5 	  0.017 	 -0.000 	  0.169
23 	 6 	  0.011 	 -0.000 	  0.111
23 	 7 	  0.005 	 -0.000 	  0.048
23 	 8 	 -0.002 	 -0.000 	 -0.016
23 	 9 	 -0.008 	 -0.000 	 -0.080
23 	 10 	 -0.014 	 -0.000 	 -0.141
23 	 11 	 -0.020 	 -0.000 	 -0.196
23 	 12 	 -0.025 	 -0.000 	 -0.242
23 	 13 	 -0.028 	 -0.000 	 -0.279
23 	 14 	 -0.031 	 -0.000 	 -0.305
23 	 15 	 -0.032 	 -0.000 	 -0.318
23 	 16 	 -0.032 	  0.000 	 -0.318
23 	 17 	 -0.031 	  0.000 	 -0.305
23 	 18 	 -0.028 	  0.000 	 -0.279
23 	 19 	 -0.025 	  0.000 	 -0.242
23 	 20 	 -0.020 	  0.000 	 -0.196
23 	 21 	 -0.014 	  0.000 	 -0.141
23 	 22 	 -0.008 	  0.000 	 -0.080
23 	 23 	 -0.002 	  0.000 	 -0.016
23 	 24 	  0.005 	  0.000 	  0.048
23 	 25 	  0.011 	  0.000 	  0.111
23 	 26 	  0.017 	  0.000 	  0.169
23 	 27 	  0.022 	  0.000 	  0.220
23 	 28 	  0.027 	  0.000 	  0.262
23 	 29 	  0.030 	  0.000 	  0.294
23 	 30 	  0.032 	  0.000 	  0.313

24 	 0 	 -0.097 	  0.000 	  0.316
24 	 1 	 -0.095 	  0.000 	  0.310
24 	 2 	 -0.089 	  0.000 	  0.291
24 	 3 	 -0.079 	  0.000 	  0.259
24 	 4 	 -0.067 	  0.000 	  0.218
24 	 5 	 -0.051 	  0.000 	  0.167
24 	 6 	 -0.034 	  0.000 	  0.110
24 	 7 	 -0.015 	  0.000 	  0.048
24 	 8 	  0.005 	  0.000 	 -0.016
24 	 9 	  0.024 	  0.000 	 -0.079
24 	 10 	  0.043 	  0.000 	 -0.139
24 	 11 	  0.059 	  0.000 	 -0.194
24 	 12 	  0.073 	  0.000 	 -0.240
24 	 13 	  0.085 	  0.000 	 -0.276
24 	 14 	  0.092 	  0.000 	 -0.302
24 	 15 	  0.096 	  0.000 	 -0.315
24 	 16 	  0.096 	 -0.000 	 -0.315
24 	 17 	  0.092 	 -0.000 	 -0.302
24 	 18 	  0.085 	 -0.000 	 -0.276
24 	 19 	  0.073 	 -0.000 	 -0.240
24 	 20 	  0.059 	 -0.000 	 -0.194
24 	 21 	  0.043 	 -0.000 	 -0.139
24 	 22 	  0.024 	 -0.000 	 -0.079
24 	 23 	  0.005 	 -0.000 	 -0.016
24 	 24 	 -0.015 	 -0.000 	  0.048
24 	 25 	 -0.034 	 -0.000 	  0.110
24 	 26 	 -0.051 	 -0.000 	  0.167
24 	 27 	 -0.067 	 -0.000 	  0.218
24 	 28 	 -0.079 	 -0.000 	  0.259
24 	 29 	 -0.089 	 -0.000 	  0.291
24 	 30 	 -0.095 	 -0.000 	  0.310

25 	 0 	 -0.222 	  0.000 	  0.300
25 	 1 	 -0.218 	  0.000 	  0.294
25 	 2 	 -0.204 	  0.000 	  0.276
25 	 3 	 -0.182 	  0.000 	  0.246
25 	 4 	 -0.153 	  0.000 	  0.207
25 	 5 	 -0.118 	  0.000 	  0.159
25 	 6 	 -0.077 	  0.000 	  0.104
25 	 7 	 -0.034 	  0.000 	  0.045
25 	 8 	  0.011 	  0.000 	 -0.015
25 	 9 	  0.056 	  0.000 	 -0.075
25 	 10 	  0.098 	  0.000 	 -0.132
25 	 11 	  0.136 	  0.000 	 -0.184
25 	 12 	  0.169 	  0.000 	 -0.228
25 	 13 	  0.194 	  0.000 	 -0.262
25 	 14 	  0.212 	  0.000 	 -0.286
25 	 15 	  0.221 	  0.000 	 -0.298
25 	 16 	  0.221 	 -0.000 	 -0.298
25 	 17 	  0.212 	 -0.000 	 -0.286
25 	 18 	  0.194 	 -0.000 	 -0.262
25 	 19 	  0.169 	 -0.000 	 -0.228
25 	 20 	  0.136 	 -0.000 	 -0.184
25 	 21 	  0.098 	 -0.000 	 -0.132
25 	 22 	  0.056 	 -0.000 	 -0.075
25 	 23 	  0.011 	 -0.000 	 -0.015
25 	 24 	 -0.034 	 -0.000 	  0.045
25 	 25 	 -0.077 	 -0.000 	  0.104
25 	 26 	 -0.118 	 -0.000 	  0.159
25 	 27 	 -0.153 	 -0.000 	  0.207
25 	 28 	 -0.182 	 -0.000 	  0.246
25 	 29 	 -0.204 	 -0.000 	  0.276
25 	 30 	 -0.218 	 -0.000 	  0.294

26 	 0 	 -0.338 	  0.000 	  0.271
26 	 1 	 -0.331 	  0.000 	  0.266
26 	 2 	 -0.311 	  0.000 	  0.249
26 	 3 	 -0.278 	  0.000 	  0.223
26 	 4 	 -0.233 	  0.000 	  0.187
26 	 5 	 -0.179 	  0.000 	  0.144
26 	 6 	 -0.118 	  0.000 	  0.094
26 	 7 	 -0.051 	  0.000 	  0.041
26 	 8 	  0.017 	  0.000 	 -0.014
26 	 9 	  0.085 	  0.000 	 -0.068
26 	 10 	  0.149 	  0.000 	 -0.120
26 	 11 	  0.207 	  0.000 	 -0.166
26 	 12 	  0.257 	  0.000 	 -0.206
26 	 13 	  0.296 	  0.000 	 -0.237
26 	 14 	  0.323 	  0.000 	 -0.259
26 	 15 	  0.337 	  0.000 	 -0.270
26 	 16 	  0.337 	 -0.000 	 -0.270
26 	 17 	  0.323 	 -0.000 	 -0.259
26 	 18 	  0.296 	 -0.000 	 -0.237
26 	 19 	  0.257 	 -0.000 	 -0.206
26 	 20 	  0.207 	 -0.000 	 -0.166
26 	 21 	  0.149 	 -0.000 	 -0.120
26 	 22 	  0.085 	 -0.000 	 -0.068
26 	 23 	  0.017 	 -0.000 	 -0.014
26 	 24 	 -0.051 	 -0.000 	  0.041
26 	 25 	 -0.118 	 -0.000 	  0.094
26 	 26 	 -0.179 	 -0.000 	  0.144
26 	 27 	 -0.233 	 -0.000 	  0.187
26 	 28 	 -0.278 	 -0.000 	  0.223
26 	 29 	 -0.311 	 -0.000 	  0.249
26 	 30 	 -0.331 	 -0.000 	  0.266

27 	 0 	 -0.441 	  0.000 	  0.232
27 	 1 	 -0.432 	  0.000 	  0.227
27 	 2 	 -0.405 	  0.000 	  0.213
27 	 3 	 -0.362 	  0.000 	  0.190
27 	 4 	 -0.304 	  0.000 	  0.160
27 	 5 	 -0.233 	  0.000 	  0.123
27 	 6 	 -0.153 	  0.000 	  0.081
27 	 7 	 -0.067 	  0.000 	  0.035
27 	 8 	  0.022 	  0.000 	 -0.012
27 	 9 	  0.110 	  0.000 	 -0.058
27 	 10 	  0.194 	  0.000 	 -0.102
27 	 11 	  0.270 	  0.000 	 -0.142
27 	 12 	  0.334 	  0.000 	 -0.176
27 	 13 	  0.385 	  0.000 	 -0.203
27 	 14 	  0.420 	  0.000 	 -0.221
27 	 15 	  0.438 	  0.000 	 -0.231
27 	 16 	  0.438 	 -0.000 	 -0.231
27 	 17 	  0.420 	 -0.000 	 -0.221
27 	 18 	  0.385 	 -0.000 	 -0.203
27 	 19 	  0.334 	 -0.000 	 -0.176
27 	 20 	  0.270 	 -0.000 	 -0.142
27 	 21 	  0.194 	 -0.000 	 -0.102
27 	 22 	  0.110 	 -0.000 	 -0.058
27 	 23 	  0.022 	 -0.000 	 -0.012
27 	 24 	 -0.067 	 -0.000 	  0.035
27 	 25 	 -0.153 	 -0.000 	  0.081
27 	 26 	 -0.233 	 -0.000 	  0.123
27 	 27 	 -0.304 	 -0.000 	  0.160
27 	 28 	 -0.362 	 -0.000 	  0.190
27 	 29 	 -0.405 	 -0.000 	  0.213
27 	 30 	 -0.432 	 -0.000 	  0.227

28 	 0 	 -0.525 	  0.000 	  0.183
28 	 1 	 -0.514 	  0.000 	  0.179
28 	 2 	 -0.482 	  0.000 	  0.168
28 	 3 	 -0.431 	  0.000 	  0.150
28 	 4 	 -0.362 	  0.000 	  0.126
28 	 5 	 -0.278 	  0.000 	  0.097
28 	 6 	 -0.182 	  0.000 	  0.063
28 	 7 	 -0.079 	  0.000 	  0.028
28 	 8 	  0.027 	  0.000 	 -0.009
28 	 9 	  0.132 	  0.000 	 -0.046
28 	 10 	  0.231 	  0.000 	 -0.080
28 	 11 	  0.321 	  0.000 	 -0.112
28 	 12 	  0.398 	  0.000 	 -0.139
28 	 13 	  0.459 	  0.000 	 -0.160
28 	 14 	  0.501 	  0.000 	 -0.174
28 	 15 	  0.522 	  0.000 	 -0.182
28 	 16 	  0.522 	 -0.000 	 -0.182
28 	 17 	  0.501 	 -0.000 	 -0.174
28 	 18 	  0.459 	 -0.000 	 -0.160
28 	 19 	  0.398 	 -0.000 	 -0.139
28 	 20 	  0.321 	 -0.000 	 -0.112
28 	 21 	  0.231 	 -0.000 	 -0.080
28 	 22 	  0.132 	 -0.000 	 -0.046
28 	 23 	  0.027 	 -0.000 	 -0.009
28 	 24 	 -0.079 	 -0.000 	  0.028
28 	 25 	 -0.182 	 -0.000 	  0.063
28 	 26 	 -0.278 	 -0.000 	  0.097
28 	 27 	 -0.362 	 -0.000 	  0.126
28 	 28 	 -0.431 	 -0.000 	  0.150
28 	 29 	 -0.482 	 -0.000 	  0.168
28 	 30 	 -0.514 	 -0.000 	  0.179

29 	 0 	 -0.588 	  0.000 	  0.126
29 	 1 	 -0.576 	  0.000 	  0.124
29 	 2 	 -0.540 	  0.000 	  0.116
29 	 3 	 -0.482 	  0.000 	  0.104
29 	 4 	 -0.405 	  0.000 	  0.087
29 	 5 	 -0.311 	  0.000 	  0.067
29 	 6 	 -0.204 	  0.000 	  0.044
29 	 7 	 -0.089 	  0.000 	  0.019
29 	 8 	  0.030 	  0.000 	 -0.006
29 	 9 	  0.147 	  0.000 	 -0.032
29 	 10 	  0.259 	  0.000 	 -0.056
29 	 11 	  0.360 	  0.000 	 -0.077
29 	 12 	  0.446 	  0.000 	 -0.096
29 	 13 	  0.514 	  0.000 	 -0.110
29 	 14 	  0.561 	  0.000 	 -0.120
29 	 15 	  0.585 	  0.000 	 -0.125
29 	 16 	  0.585 	 -0.000 	 -0.125
29 	 17 	  0.561 	 -0.000 	 -0.120
29 	 18 	  0.514 	 -0.000 	 -0.110
29 	 19 	  0.446 	 -0.000 	 -0.096
29 	 20 	  0.360 	 -0.000 	 -0.077
29 	 21 	  0.259 	 -0.000 	 -0.056
29 	 22 	  0.147 	 -0.000 	 -0.032
29 	 23 	  0.030 	 -0.000 	 -0.006
29 	 24 	 -0.089 	 -0.000 	  0.019
29 	 25 	 -0.204 	 -0.000 	  0.044
29 	 26 	 -0.311 	 -0.000 	  0.067
29 	 27 	 -0.405 	 -0.000 	  0.087
29 	 28 	 -0.482 	 -0.000 	  0.104
29 	 29 	 -0.540 	 -0.000 	  0.116
29 	 30 	 -0.576 	 -0.000 	  0.124

30 	 0 	 -0.627 	  0.000 	  0.064
30 	 1 	 -0.614 	  0.000 	  0.063
30 	 2 	 -0.576 	  0.000 	  0.059
30 	 3 	 -0.514 	  0.000 	  0.053
30 	 4 	 -0.432 	  0.000 	  0.044
30 	 5 	 -0.331 	  0.000 	  0.034
30 	 6 	 -0.218 	  0.000 	  0.022
30 	 7 	 -0.095 	  0.000 	  0.010
30 	 8 	  0.032 	  0.000 	 -0.003
30 	 9 	  0.157 	  0.000 	 -0.016
30 	 10 	  0.276 	  0.000 	 -0.028
30 	 11 	  0.384 	  0.000 	 -0.039
30 	 12 	  0.475 	  0.000 	 -0.049
30 	 13 	  0.548 	  0.000 	 -0.056
30 	 14 	  0.598 	  0.000 	 -0.061
30 	 15 	  0.623 	  0.000 	 -0.064
30 	 16 	  0.623 	 -0.000 	 -0.064
30 	 17 	  0.598 	 -0.000 	 -0.061
30 	 18 	  0.548 	 -0.000 	 -0.056
30 	 19 	  0.475 	 -0.000 	 -0.049
30 	 20 	  0.384 	 -0.000 	 -0.039
30 	 21 	  0.276 	 -0.000 	 -0.028
30 	 22 	  0.157 	 -0.000 	 -0.016
30 	 23 	  0.032 	 -0.000 	 -0.003
30 	 24 	 -0.095 	 -0.000 	  0.010
30 	 25 	 -0.218 	 -0.000 	  0.022
30 	 26 	 -0.331 	 -0.000 	  0.034
30 	 27 	 -0.432 	 -0.000 	  0.044
30 	 28 	 -0.514 	 -0.000 	  0.053
30 	 29 	 -0.576 	 -0.000 	  0.059
30 	 30 	 -0.614 	 -0.000 	  0.063

