0 	 0 	 -1.213 	  0.000 	 -0.000
0 	 1 	 -1.188 	  0.000 	 -0.000
0 	 2 	 -1.115 	  0.000 	 -0.000
0 	 3 	 -0.996 	  0.000 	 -0.000
0 	 4 	 -0.836 	  0.000 	 -0.000
0 	 5 	 -0.642 	  0.000 	 -0.000
0 	 6 	 -0.421 	  0.000 	 -0.000
0 	 7 	 -0.184 	  0.000 	 -0.000
0 	 8 	  0.061 	  0.000 	  0.000
0 	 9 	  0.304 	  0.000 	  0.000
0 	 10 	  0.534 	  0.000 	  0.000
0 	 11 	  0.743 	  0.000 	  0.000
0 	 12 	  0.920 	  0.000 	  0.000
0 	 13 	  1.061 	  0.000 	  0.000
0 	 14 	  1.157 	  0.000 	  0.000
0 	 15 	  1.207 	  0.000 	  0.000
0 	 16 	  1.207 	 -0.000 	  0.000
0 	 17 	  1.157 	 -0.000 	  0.000
0 	 18 	  1.061 	 -0.000 	  0.000
0 	 19 	  0.920 	 -0.000 	  0.000
0 	 20 	  0.743 	 -0.000 	  0.000
0 	 21 	  0.534 	 -0.000 	  0.000
0 	 22 	  0.304 	 -0.000 	  0.000
0 	 23 	  0.061 	 -0.000 	  0.000
0 	 24 	 -0.184 	 -0.000 	 -0.000
0 	 25 	 -0.421 	 -0.000 	 -0.000
0 	 26 	 -0.642 	 -0.000 	 -0.000
0 	 27 	 -0.836 	 -0.000 	 -0.000
0 	 28 	 -0.996 	 -0.000 	 -0.000
0 	 29 	 -1.115 	 -0.000 	 -0.000
0 	 30 	 -1.188 	 -0.000 	 -0.000

1 	 0 	 -1.188 	  0.000 	 -0.122
1 	 1 	 -1.164 	  0.000 	 -0.120
1 	 2 	 -1.092 	  0.000 	 -0.112
1 	 3 	 -0.975 	  0.000 	 -0.100
1 	 4 	 -0.819 	  0.000 	 -0.084
1 	 5 	 -0.629 	  0.000 	 -0.065
1 	 6 	 -0.413 	  0.000 	 -0.042
1 	 7 	 -0.180 	  0.000 	 -0.018
1 	 8 	  0.060 	  0.000 	  0.006
1 	 9 	  0.298 	  0.000 	  0.031
1 	 10 	  0.523 	  0.000 	  0.054
1 	 11 	  0.727 	  0.000 	  0.075
1 	 12 	  0.902 	  0.000 	  0.093
1 	 13 	  1.039 	  0.000 	  0.107
1 	 14 	  1.134 	  0.000 	  0.116
1 	 15 	  1.182 	  0.000 	  0.121
1 	 16 	  1.182 	 -0.000 	  0.121
1 	 17 	  1.134 	 -0.000 	  0.116
1 	 18 	  1.039 	 -0.000 	  0.107
1 	 19 	  0.902 	 -0.000 	  0.093
1 	 20 	  0.727 	 -0.000 	  0.075
1 	 21 	  0.523 	 -0.000 	  0.054
1 	 22 	  0.298 	 -0.000 	  0.031
1 	 23 	  0.060 	 -0.000 	  0.006
1 	 24 	 -0.180 	 -0.000 	 -0.018
1 	 25 	 -0.413 	 -0.000 	 -0.042
1 	 26 	 -0.629 	 -0.000 	 -0.065
1 	 27 	 -0.819 	 -0.000 	 -0.084
1 	 28 	 -0.975 	 -0.000 	 -0.100
1 	 29 	 -1.092 	 -0.000 	 -0.112
1 	 30 	 -1.164 	 -0.000 	 -0.120

2 	 0 	 -1.115 	  0.000 	 -0.239
2 	 1 	 -1.092 	  0.000 	 -0.234
2 	 2 	 -1.024 	  0.000 	 -0.220
2 	 3 	 -0.915 	  0.000 	 -0.196
2 	 4 	 -0.768 	  0.000 	 -0.165
2 	 5 	 -0.590 	  0.000 	 -0.127
2 	 6 	 -0.387 	  0.000 	 -0.083
2 	 7 	 -0.169 	  0.000 	 -0.036
2 	 8 	  0.056 	  0.000 	  0.012
2 	 9 	  0.279 	  0.000 	  0.060
2 	 10 	  0.491 	  0.000 	  0.105
2 	 11 	  0.682 	  0.000 	  0.146
2 	 12 	  0.846 	  0.000 	  0.181
2 	 13 	  0.975 	  0.000 	  0.209
2 	 14 	  1.064 	  0.000 	  0.228
2 	 15 	  1.109 	  0.000 	  0.238
2 	 16 	  1.109 	 -0.000 	  0.238
2 	 17 	  1.064 	 -0.000 	  0.228
2 	 18 	  0.975 	 -0.000 	  0.209
2 	 19 	  0.846 	 -0.000 	  0.181
2 	 20 	  0.682 	 -0.000 	  0.146
2 	 21 	  0.491 	 -0.000 	  0.105
2 	 22 	  0.279 	 -0.000 	  0.060
2 	 23 	  0.056 	 -0.000 	  0.012
2 	 24 	 -0.169 	 -0.000 	 -0.036
2 	 25 	 -0.387 	 -0.000 	 -0.083
2 	 26 	 -0.590 	 -0.000 	 -0.127
2 	 27 	 -0.768 	 -0.000 	 -0.165
2 	 28 	 -0.915 	 -0.000 	 -0.196
2 	 29 	 -1.024 	 -0.000 	 -0.220
2 	 30 	 -1.092 	 -0.000 	 -0.234

3 	 0 	 -0.996 	  0.000 	 -0.346
3 	 1 	 -0.975 	  0.000 	 -0.339
3 	 2 	 -0.915 	  0.000 	 -0.318
3 	 3 	 -0.817 	  0.000 	 -0.284
3 	 4 	 -0.686 	  0.000 	 -0.239
3 	 5 	 -0.527 	  0.000 	 -0.183
3 	 6 	 -0.346 	  0.000 	 -0.120
3 	 7 	 -0.151 	  0.000 	 -0.052
3 	 8 	  0.050 	  0.000 	  0.018
3 	 9 	  0.250 	  0.000 	  0.087
3 	 10 	  0.438 	  0.000 	  0.153
3 	 11 	  0.609 	  0.000 	  0.212
3 	 12 	  0.755 	  0.000 	  0.263
3 	 13 	  0.871 	  0.000 	  0.303
3 	 14 	  0.950 	  0.000 	  0.331
3 	 15 	  0.991 	  0.000 	  0.345
3 	 16 	  0.991 	 -0.000 	  0.345
3 	 17 	  0.950 	 -0.000 	  0.331
3 	 18 	  0.871 	 -0.000 	  0.303
3 	 19 	  0.755 	 -0.000 	  0.263
3 	 20 	  0.609 	 -0.000 	  0.212
3 	 21 	  0.438 	 -0.000 	  0.153
3 	 22 	  0.250 	 -0.000 	  0.087
3 	 23 	  0.050 	 -0.000 	  0.018
3 	 24 	 -0.151 	 -0.000 	 -0.052
3 	 25 	 -0.346 	 -0.000 	 -0.120
3 	 26 	 -0.527 	 -0.000 	 -0.183
3 	 27 	 -0.686 	 -0.000 	 -0.239
3 	 28 	 -0.817 	 -0.000 	 -0.284
3 	 29 	 -0.915 	 -0.000 	 -0.318
3 	 30 	 -0.975 	 -0.000 	 -0.339

4 	 0 	 -0.836 	  0.000 	 -0.440
4 	 1 	 -0.819 	  0.000 	 -0.431
4 	 2 	 -0.768 	  0.000 	 -0.404
4 	 3 	 -0.686 	  0.000 	 -0.361
4 	 4 	 -0.576 	  0.000 	 -0.303
4 	 5 	 -0.442 	  0.000 	 -0.233
4 	 6 	 -0.290 	  0.000 	 -0.153
4 	 7 	 -0.127 	  0.000 	 -0.067
4 	 8 	  0.042 	  0.000 	  0.022
4 	 9 	  0.209 	  0.000 	  0.110
4 	 10 	  0.368 	  0.000 	  0.194
4 	 11 	  0.512 	  0.000 	  0.269
4 	 12 	  0.634 	  0.000 	  0.334
4 	 13 	  0.731 	  0.000 	  0.384
4 	 14 	  0.797 	  0.000 	  0.419
4 	 15 	  0.831 	  0.000 	  0.437
4 	 16 	  0.831 	 -0.000 	  0.437
4 	 17 	  0.797 	 -0.000 	  0.419
4 	 18 	  0.731 	 -0.000 	  0.384
4 	 19 	  0.634 	 -0.000 	  0.334
4 	 20 	  0.512 	 -0.000 	  0.269
4 	 21 	  0.368 	 -0.000 	  0.194
4 	 22 	  0.209 	 -0.000 	  0.110
4 	 23 	  0.042 	 -0.000 	  0.022
4 	 24 	 -0.127 	 -0.000 	 -0.067
4 	 25 	 -0.290 	 -0.000 	 -0.153
4 	 26 	 -0.442 	 -0.000 	 -0.233
4 	 27 	 -0.576 	 -0.000 	 -0.303
4 	 28 	 -0.686 	 -0.000 	 -0.361
4 	 29 	 -0.768 	 -0.000 	 -0.404
4 	 30 	 -0.819 	 -0.000 	 -0.431

5 	 0 	 -0.642 	  0.000 	 -0.515
5 	 1 	 -0.629 	  0.000 	 -0.504
5 	 2 	 -0.590 	  0.000 	 -0.473
5 	 3 	 -0.527 	  0.000 	 -0.422
5 	 4 	 -0.442 	  0.000 	 -0.355
5 	 5 	 -0.339 	  0.000 	 -0.272
5 	 6 	 -0.223 	  0.000 	 -0.179
5 	 7 	 -0.097 	  0.000 	 -0.078
5 	 8 	  0.032 	  0.000 	  0.026
5 	 9 	  0.161 	  0.000 	  0.129
5 	 10 	  0.283 	  0.000 	  0.227
5 	 11 	  0.393 	  0.000 	  0.315
5 	 12 	  0.487 	  0.000 	  0.391
5 	 13 	  0.561 	  0.000 	  0.450
5 	 14 	  0.612 	  0.000 	  0.491
5 	 15 	  0.638 	  0.000 	  0.512
5 	 16 	  0.638 	 -0.000 	  0.512
5 	 17 	  0.612 	 -0.000 	  0.491
5 	 18 	  0.561 	 -0.000 	  0.450
5 	 19 	  0.487 	 -0.000 	  0.391
5 	 20 	  0.393 	 -0.000 	  0.315
5 	 21 	  0.283 	 -0.000 	  0.227
5 	 22 	  0.161 	 -0.000 	  0.129
5 	 23 	  0.032 	 -0.000 	  0.026
5 	 24 	 -0.097 	 -0.000 	 -0.078
5 	 25 	 -0.223 	 -0.000 	 -0.179
5 	 26 	 -0.339 	 -0.000 	 -0.272
5 	 27 	 -0.442 	 -0.000 	 -0.355
5 	 28 	 -0.527 	 -0.000 	 -0.422
5 	 29 	 -0.590 	 -0.000 	 -0.473
5 	 30 	 -0.629 	 -0.000 	 -0.504

6 	 0 	 -0.421 	  0.000 	 -0.569
6 	 1 	 -0.413 	  0.000 	 -0.557
6 	 2 	 -0.387 	  0.000 	 -0.523
6 	 3 	 -0.346 	  0.000 	 -0.467
6 	 4 	 -0.290 	  0.000 	 -0.392
6 	 5 	 -0.223 	  0.000 	 -0.301
6 	 6 	 -0.146 	  0.000 	 -0.198
6 	 7 	 -0.064 	  0.000 	 -0.086
6 	 8 	  0.021 	  0.000 	  0.029
6 	 9 	  0.106 	  0.000 	  0.143
6 	 10 	  0.186 	  0.000 	  0.250
6 	 11 	  0.258 	  0.000 	  0.348
6 	 12 	  0.320 	  0.000 	  0.432
6 	 13 	  0.368 	  0.000 	  0.497
6 	 14 	  0.402 	  0.000 	  0.543
6 	 15 	  0.419 	  0.000 	  0.566
6 	 16 	  0.419 	 -0.000 	  0.566
6 	 17 	  0.402 	 -0.000 	  0.543
6 	 18 	  0.368 	 -0.000 	  0.497
6 	 19 	  0.320 	 -0.000 	  0.432
6 	 20 	  0.258 	 -0.000 	  0.348
6 	 21 	  0.186 	 -0.000 	  0.250
6 	 22 	  0.106 	 -0.000 	  0.143
6 	 23 	  0.021 	 -0.000 	  0.029
6 	 24 	 -0.064 	 -0.000 	 -0.086
6 	 25 	 -0.146 	 -0.000 	 -0.198
6 	 26 	 -0.223 	 -0.000 	 -0.301
6 	 27 	 -0.290 	 -0.000 	 -0.392
6 	 28 	 -0.346 	 -0.000 	 -0.467
6 	 29 	 -0.387 	 -0.000 	 -0.523
6 	 30 	 -0.413 	 -0.000 	 -0.557

7 	 0 	 -0.184 	  0.000 	 -0.600
7 	 1 	 -0.180 	  0.000 	 -0.587
7 	 2 	 -0.169 	  0.000 	 -0.551
7 	 3 	 -0.151 	  0.000 	 -0.492
7 	 4 	 -0.127 	  0.000 	 -0.413
7 	 5 	 -0.097 	  0.000 	 -0.317
7 	 6 	 -0.064 	  0.000 	 -0.208
7 	 7 	 -0.028 	  0.000 	 -0.091
7 	 8 	  0.009 	  0.000 	  0.030
7 	 9 	  0.046 	  0.000 	  0.150
7 	 10 	  0.081 	  0.000 	  0.264
7 	 11 	  0.112 	  0.000 	  0.367
7 	 12 	  0.139 	  0.000 	  0.455
7 	 13 	  0.161 	  0.000 	  0.524
7 	 14 	  0.175 	  0.000 	  0.572
7 	 15 	  0.183 	  0.000 	  0.596
7 	 16 	  0.183 	 -0.000 	  0.596
7 	 17 	  0.175 	 -0.000 	  0.572
7 	 18 	  0.161 	 -0.000 	  0.524
7 	 19 	  0.139 	 -0.000 	  0.455
7 	 20 	  0.112 	 -0.000 	  0.367
7 	 21 	  0.081 	 -0.000 	  0.264
7 	 22 	  0.046 	 -0.000 	  0.150
7 	 23 	  0.009 	 -0.000 	  0.030
7 	 24 	 -0.028 	 -0.000 	 -0.091
7 	 25 	 -0.064 	 -0.000 	 -0.208
7 	 26 	 -0.097 	 -0.000 	 -0.317
7 	 27 	 -0.127 	 -0.000 	 -0.413
7 	 28 	 -0.151 	 -0.000 	 -0.492
7 	 29 	 -0.169 	 -0.000 	 -0.551
7 	 30 	 -0.180 	 -0.000 	 -0.587

8 	 0 	  0.061 	 -0.000 	 -0.606
8 	 1 	  0.060 	 -0.000 	 -0.593
8 	 2 	  0.056 	 -0.000 	 -0.557
8 	 3 	  0.050 	 -0.000 	 -0.497
8 	 4 	  0.042 	 -0.000 	 -0.417
8 	 5 	  0.032 	 -0.000 	 -0.320
8 	 6 	  0.021 	 -0.000 	 -0.210
8 	 7 	  0.009 	 -0.000 	 -0.092
8 	 8 	 -0.003 	 -0.000 	  0.031
8 	 9 	 -0.015 	 -0.000 	  0.152
8 	 10 	 -0.027 	 -0.000 	  0.267
8 	 11 	 -0.038 	 -0.000 	  0.371
8 	 12 	 -0.047 	 -0.000 	  0.460
8 	 13 	 -0.054 	 -0.000 	  0.530
8 	 14 	 -0.059 	 -0.000 	  0.578
8 	 15 	 -0.061 	 -0.000 	  0.603
8 	 16 	 -0.061 	  0.000 	  0.603
8 	 17 	 -0.059 	  0.000 	  0.578
8 	 18 	 -0.054 	  0.000 	  0.530
8 	 19 	 -0.047 	  0.000 	  0.460
8 	 20 	 -0.038 	  0.000 	  0.371
8 	 21 	 -0.027 	  0.000 	  0.267
8 	 22 	 -0.015 	  0.000 	  0.152
8 	 23 	 -0.003 	  0.000 	  0.031
8 	 24 	  0.009 	  0.000 	 -0.092
8 	 25 	  0.021 	  0.000 	 -0.210
8 	 26 	  0.032 	  0.000 	 -0.320
8 	 27 	  0.042 	  0.000 	 -0.417
8 	 28 	  0.050 	  0.000 	 -0.497
8 	 29 	  0.056 	  0.000 	 -0.557
8 	 30 	  0.060 	  0.000 	 -0.593

9 	 0 	  0.304 	 -0.000 	 -0.587
9 	 1 	  0.298 	 -0.000 	 -0.575
9 	 2 	  0.279 	 -0.000 	 -0.540
9 	 3 	  0.250 	 -0.000 	 -0.482
9 	 4 	  0.209 	 -0.000 	 -0.405
9 	 5 	  0.161 	 -0.000 	 -0.311
9 	 6 	  0.106 	 -0.000 	 -0.204
9 	 7 	  0.046 	 -0.000 	 -0.089
9 	 8 	 -0.015 	 -0.000 	  0.030
9 	 9 	 -0.076 	 -0.000 	  0.147
9 	 10 	 -0.134 	 -0.000 	  0.259
9 	 11 	 -0.186 	 -0.000 	  0.359
9 	 12 	 -0.231 	 -0.000 	  0.446
9 	 13 	 -0.266 	 -0.000 	  0.513
9 	 14 	 -0.290 	 -0.000 	  0.560
9 	 15 	 -0.302 	 -0.000 	  0.584
9 	 16 	 -0.302 	  0.000 	  0.584
9 	 17 	 -0.290 	  0.000 	  0.560
9 	 18 	 -0.266 	  0.000 	  0.513
9 	 19 	 -0.231 	  0.000 	  0.446
9 	 20 	 -0.186 	  0.000 	  0.359
9 	 21 	 -0.134 	  0.000 	  0.259
9 	 22 	 -0.076 	  0.000 	  0.147
9 	 23 	 -0.015 	  0.000 	  0.030
9 	 24 	  0.046 	  0.000 	 -0.089
9 	 25 	  0.106 	  0.000 	 -0.204
9 	 26 	  0.161 	  0.000 	 -0.311
9 	 27 	  0.209 	  0.000 	 -0.405
9 	 28 	  0.250 	  0.000 	 -0.482
9 	 29 	  0.279 	  0.000 	 -0.540
9 	 30 	  0.298 	  0.000 	 -0.575

10 	 0 	  0.534 	 -0.000 	 -0.545
10 	 1 	  0.523 	 -0.000 	 -0.533
10 	 2 	  0.491 	 -0.000 	 -0.500
10 	 3 	  0.438 	 -0.000 	 -0.447
10 	 4 	  0.368 	 -0.000 	 -0.375
10 	 5 	  0.283 	 -0.000 	 -0.288
10 	 6 	  0.186 	 -0.000 	 -0.189
10 	 7 	  0.081 	 -0.000 	 -0.082
10 	 8 	 -0.027 	 -0.000 	  0.028
10 	 9 	 -0.134 	 -0.000 	  0.136
10 	 10 	 -0.235 	 -0.000 	  0.240
10 	 11 	 -0.327 	 -0.000 	  0.333
10 	 12 	 -0.405 	 -0.000 	  0.413
10 	 13 	 -0.467 	 -0.000 	  0.476
10 	 14 	 -0.510 	 -0.000 	  0.520
10 	 15 	 -0.531 	 -0.000 	  0.542
10 	 16 	 -0.531 	  0.000 	  0.542
10 	 17 	 -0.510 	  0.000 	  0.520
10 	 18 	 -0.467 	  0.000 	  0.476
10 	 19 	 -0.405 	  0.000 	  0.413
10 	 20 	 -0.327 	  0.000 	  0.333
10 	 21 	 -0.235 	  0.000 	  0.240
10 	 22 	 -0.134 	  0.000 	  0.136
10 	 23 	 -0.027 	  0.000 	  0.028
10 	 24 	  0.081 	  0.000 	 -0.082
10 	 25 	  0.186 	  0.000 	 -0.189
10 	 26 	  0.283 	  0.000 	 -0.288
10 	 27 	  0.368 	  0.000 	 -0.375
10 	 28 	  0.438 	  0.000 	 -0.447
10 	 29 	  0.491 	  0.000 	 -0.500
10 	 30 	  0.523 	  0.000 	 -0.533

11 	 0 	  0.743 	 -0.000 	 -0.480
11 	 1 	  0.727 	 -0.000 	 -0.470
11 	 2 	  0.682 	 -0.000 	 -0.441
11 	 3 	  0.609 	 -0.000 	 -0.394
11 	 4 	  0.512 	 -0.000 	 -0.330
11 	 5 	  0.393 	 -0.000 	 -0.254
11 	 6 	  0.258 	 -0.000 	 -0.167
11 	 7 	  0.112 	 -0.000 	 -0.073
11 	 8 	 -0.038 	 -0.000 	  0.024
11 	 9 	 -0.186 	 -0.000 	  0.120
11 	 10 	 -0.327 	 -0.000 	  0.211
11 	 11 	 -0.455 	 -0.000 	  0.294
11 	 12 	 -0.563 	 -0.000 	  0.364
11 	 13 	 -0.649 	 -0.000 	  0.419
11 	 14 	 -0.708 	 -0.000 	  0.458
11 	 15 	 -0.739 	 -0.000 	  0.477
11 	 16 	 -0.739 	  0.000 	  0.477
11 	 17 	 -0.708 	  0.000 	  0.458
11 	 18 	 -0.649 	  0.000 	  0.419
11 	 19 	 -0.563 	  0.000 	  0.364
11 	 20 	 -0.455 	  0.000 	  0.294
11 	 21 	 -0.327 	  0.000 	  0.211
11 	 22 	 -0.186 	  0.000 	  0.120
11 	 23 	 -0.038 	  0.000 	  0.024
11 	 24 	  0.112 	  0.000 	 -0.073
11 	 25 	  0.258 	  0.000 	 -0.167
11 	 26 	  0.393 	  0.000 	 -0.254
11 	 27 	  0.512 	  0.000 	 -0.330
11 	 28 	  0.609 	  0.000 	 -0.394
11 	 29 	  0.682 	  0.000 	 -0.441
11 	 30 	  0.727 	  0.000 	 -0.470

12 	 0 	  0.920 	 -0.000 	 -0.395
12 	 1 	  0.902 	 -0.000 	 -0.387
12 	 2 	  0.846 	 -0.000 	 -0.363
12 	 3 	  0.755 	 -0.000 	 -0.324
12 	 4 	  0.634 	 -0.000 	 -0.272
12 	 5 	  0.487 	 -0.000 	 -0.209
12 	 6 	  0.320 	 -0.000 	 -0.137
12 	 7 	  0.139 	 -0.000 	 -0.060
12 	 8 	 -0.047 	 -0.000 	  0.020
12 	 9 	 -0.231 	 -0.000 	  0.099
12 	 10 	 -0.405 	 -0.000 	  0.174
12 	 11 	 -0.563 	 -0.000 	  0.242
12 	 12 	 -0.698 	 -0.000 	  0.300
12 	 13 	 -0.805 	 -0.000 	  0.345
12 	 14 	 -0.878 	 -0.000 	  0.377
12 	 15 	 -0.916 	 -0.000 	  0.393
12 	 16 	 -0.916 	  0.000 	  0.393
12 	 17 	 -0.878 	  0.000 	  0.377
12 	 18 	 -0.805 	  0.000 	  0.345
12 	 19 	 -0.698 	  0.000 	  0.300
12 	 20 	 -0.563 	  0.000 	  0.242
12 	 21 	 -0.405 	  0.000 	  0.174
12 	 22 	 -0.231 	  0.000 	  0.099
12 	 23 	 -0.047 	  0.000 	  0.020
12 	 24 	  0.139 	  0.000 	 -0.060
12 	 25 	  0.320 	  0.000 	 -0.137
12 	 26 	  0.487 	  0.000 	 -0.209
12 	 27 	  0.634 	  0.000 	 -0.272
12 	 28 	  0.755 	  0.000 	 -0.324
12 	 29 	  0.846 	  0.000 	 -0.363
12 	 30 	  0.902 	  0.000 	 -0.387

13 	 0 	  1.061 	 -0.000 	 -0.294
13 	 1 	  1.039 	 -0.000 	 -0.288
13 	 2 	  0.975 	 -0.000 	 -0.270
13 	 3 	  0.871 	 -0.000 	 -0.242
13 	 4 	  0.731 	 -0.000 	 -0.203
13 	 5 	  0.561 	 -0.000 	 -0.156
13 	 6 	  0.368 	 -0.000 	 -0.102
13 	 7 	  0.161 	 -0.000 	 -0.045
13 	 8 	 -0.054 	 -0.000 	  0.015
13 	 9 	 -0.266 	 -0.000 	  0.074
13 	 10 	 -0.467 	 -0.000 	  0.130
13 	 11 	 -0.649 	 -0.000 	  0.180
13 	 12 	 -0.805 	 -0.000 	  0.223
13 	 13 	 -0.927 	 -0.000 	  0.257
13 	 14 	 -1.012 	 -0.000 	  0.281
13 	 15 	 -1.055 	 -0.000 	  0.293
13 	 16 	 -1.055 	  0.000 	  0.293
13 	 17 	 -1.012 	  0.000 	  0.281
13 	 18 	 -0.927 	  0.000 	  0.257
13 	 19 	 -0.805 	  0.000 	  0.223
13 	 20 	 -0.649 	  0.000 	  0.180
13 	 21 	 -0.467 	  0.000 	  0.130
13 	 22 	 -0.266 	  0.000 	  0.074
13 	 23 	 -0.054 	  0.000 	  0.015
13 	 24 	  0.161 	  0.000 	 -0.045
13 	 25 	  0.368 	  0.000 	 -0.102
13 	 26 	  0.561 	  0.000 	 -0.156
13 	 27 	  0.731 	  0.000 	 -0.203
13 	 28 	  0.871 	  0.000 	 -0.242
13 	 29 	  0.975 	  0.000 	 -0.270
13 	 30 	  1.039 	  0.000 	 -0.288

14 	 0 	  1.157 	 -0.000 	 -0.182
14 	 1 	  1.134 	 -0.000 	 -0.178
14 	 2 	  1.064 	 -0.000 	 -0.167
14 	 3 	  0.950 	 -0.000 	 -0.149
14 	 4 	  0.797 	 -0.000 	 -0.125
14 	 5 	  0.612 	 -0.000 	 -0.096
14 	 6 	  0.402 	 -0.000 	 -0.063
14 	 7 	  0.175 	 -0.000 	 -0.027
14 	 8 	 -0.059 	 -0.000 	  0.009
14 	 9 	 -0.290 	 -0.000 	  0.046
14 	 10 	 -0.510 	 -0.000 	  0.080
14 	 11 	 -0.708 	 -0.000 	  0.111
14 	 12 	 -0.878 	 -0.000 	  0.138
14 	 13 	 -1.012 	 -0.000 	  0.159
14 	 14 	 -1.104 	 -0.000 	  0.173
14 	 15 	 -1.151 	 -0.000 	  0.181
14 	 16 	 -1.151 	  0.000 	  0.181
14 	 17 	 -1.104 	  0.000 	  0.173
14 	 18 	 -1.012 	  0.000 	  0.159
14 	 19 	 -0.878 	  0.000 	  0.138
14 	 20 	 -0.708 	  0.000 	  0.111
14 	 21 	 -0.510 	  0.000 	  0.080
14 	 22 	 -0.290 	  0.000 	  0.046
14 	 23 	 -0.059 	  0.000 	  0.009
14 	 24 	  0.175 	  0.000 	 -0.027
14 	 25 	  0.402 	  0.000 	 -0.063
14 	 26 	  0.612 	  0.000 	 -0.096
14 	 27 	  0.797 	  0.000 	 -0.125
14 	 28 	  0.950 	  0.000 	 -0.149
14 	 29 	  1.064 	  0.000 	 -0.167
14 	 30 	  1.134 	  0.000 	 -0.178

15 	 0 	  1.207 	 -0.000 	 -0.061
15 	 1 	  1.182 	 -0.000 	 -0.060
15 	 2 	  1.109 	 -0.000 	 -0.056
15 	 3 	  0.991 	 -0.000 	 -0.050
15 	 4 	  0.831 	 -0.000 	 -0.042
15 	 5 	  0.638 	 -0.000 	 -0.032
15 	 6 	  0.419 	 -0.000 	 -0.021
15 	 7 	  0.183 	 -0.000 	 -0.009
15 	 8 	 -0.061 	 -0.000 	  0.003
15 	 9 	 -0.302 	 -0.000 	  0.015
15 	 10 	 -0.531 	 -0.000 	  0.027
15 	 11 	 -0.739 	 -0.000 	  0.038
15 	 12 	 -0.916 	 -0.000 	  0.047
15 	 13 	 -1.055 	 -0.000 	  0.054
15 	 14 	 -1.151 	 -0.000 	  0.059
15 	 15 	 -1.201 	 -0.000 	  0.061
15 	 16 	 -1.201 	  0.000 	  0.061
15 	 17 	 -1.151 	  0.000 	  0.059
15 	 18 	 -1.055 	  0.000 	  0.054
15 	 19 	 -0.916 	  0.000 	  0.047
15 	 20 	 -0.739 	  0.000 	  0.038
15 	 21 	 -0.531 	  0.000 	  0.027
15 	 22 	 -0.302 	  0.000 	  0.015
15 	 23 	 -0.061 	  0.000 	  0.003
15 	 24 	  0.183 	  0.000 	 -0.009
15 	 25 	  0.419 	  0.000 	 -0.021
15 	 26 	  0.638 	  0.000 	 -0.032
15 	 27 	  0.831 	  0.000 	 -0.042
15 	 28 	  0.991 	  0.000 	 -0.050
15 	 29 	  1.109 	  0.000 	 -0.056
15 	 30 	  1.182 	  0.000 	 -0.060

16 	 0 	  1.207 	 -0.000 	  0.061
16 	 1 	  1.182 	 -0.000 	  0.060
16 	 2 	  1.109 	 -0.000 	  0.056
16 	 3 	  0.991 	 -0.000 	  0.050
16 	 4 	  0.831 	 -0.000 	  0.042
16 	 5 	  0.638 	 -0.000 	  0.032
16 	 6 	  0.419 	 -0.000 	  0.021
16 	 7 	  0.183 	 -0.000 	  0.009
16 	 8 	 -0.061 	 -0.000 	 -0.003
16 	 9 	 -0.302 	 -0.000 	 -0.015
16 	 10 	 -0.531 	 -0.000 	 -0.027
16 	 11 	 -0.739 	 -0.000 	 -0.038
16 	 12 	 -0.916 	 -0.000 	 -0.047
16 	 13 	 -1.055 	 -0.000 	 -0.054
16 	 14 	 -1.151 	 -0.000 	 -0.059
16 	 15 	 -1.201 	 -0.000 	 -0.061
16 	 16 	 -1.201 	  0.000 	 -0.061
16 	 17 	 -1.151 	  0.000 	 -0.059
16 	 18 	 -1.055 	  0.000 	 -0.054
16 	 19 	 -0.916 	  0.000 	 -0.047
16 	 20 	 -0.739 	  0.000 	 -0.038
16 	 21 	 -0.531 	  0.000 	 -0.027
16 	 22 	 -0.302 	  0.000 	 -0.015
16 	 23 	 -0.061 	  0.000 	 -0.003
16 	 24 	  0.183 	  0.000 	  0.009
16 	 25 	  0.419 	  0.000 	  0.021
16 	 26 	  0.638 	  0.000 	  0.032
16 	 27 	  0.831 	  0.000 	  0.042
16 	 28 	  0.991 	  0.000 	  0.050
16 	 29 	  1.109 	  0.000 	  0.056
16 	 30 	  1.182 	  0.000 	  0.060

17 	 0 	  1.157 	 -0.000 	  0.182
17 	 1 	  1.134 	 -0.000 	  0.178
17 	 2 	  1.064 	 -0.000 	  0.167
17 	 3 	  0.950 	 -0.000 	  0.149
17 	 4 	  0.797 	 -0.000 	  0.125
17 	 5 	  0.612 	 -0.000 	  0.096
17 	 6 	  0.402 	 -0.000 	  0.063
17 	 7 	  0.175 	 -0.000 	  0.027
17 	 8 	 -0.059 	 -0.000 	 -0.009
17 	 9 	 -0.290 	 -0.000 	 -0.046
17 	 10 	 -0.510 	 -0.000 	 -0.080
17 	 11 	 -0.708 	 -0.000 	 -0.111
17 	 12 	 -0.878 	 -0.000 	 -0.138
17 	 13 	 -1.012 	 -0.000 	 -0.159
17 	 14 	 -1.104 	 -0.000 	 -0.173
17 	 15 	 -1.151 	 -0.000 	 -0.181
17 	 16 	 -1.151 	  0.000 	 -0.181
17 	 17 	 -1.104 	  0.000 	 -0.173
17 	 18 	 -1.012 	  0.000 	 -0.159
17 	 19 	 -0.878 	  0.000 	 -0.138
17 	 20 	 -0.708 	  0.000 	 -0.111
17 	 21 	 -0.510 	  0.000 	 -0.080
17 	 22 	 -0.290 	  0.000 	 -0.046
17 	 23 	 -0.059 	  0.000 	 -0.009
17 	 24 	  0.175 	  0.000 	  0.027
17 	 25 	  0.402 	  0.000 	  0.063
17 	 26 	  0.612 	  0.000 	  0.096
17 	 27 	  0.797 	  0.000 	  0.125
17 	 28 	  0.950 	  0.000 	  0.149
17 	 29 	  1.064 	  0.000 	  0.167
17 	 30 	  1.134 	  0.000 	  0.178

18 	 0 	  1.061 	 -0.000 	  0.294
18 	 1 	  1.039 	 -0.000 	  0.288
18 	 2 	  0.975 	 -0.000 	  0.270
18 	 3 	  0.871 	 -0.000 	  0.242
18 	 4 	  0.731 	 -0.000 	  0.203
18 	 5 	  0.561 	 -0.000 	  0.156
18 	 6 	  0.368 	 -0.000 	  0.102
18 	 7 	  0.161 	 -0.000 	  0.045
18 	 8 	 -0.054 	 -0.000 	 -0.015
18 	 9 	 -0.266 	 -0.000 	 -0.074
18 	 10 	 -0.467 	 -0.000 	 -0.130
18 	 11 	 -0.649 	 -0.000 	 -0.180
18 	 12 	 -0.805 	 -0.000 	 -0.223
18 	 13 	 -0.927 	 -0.000 	 -0.257
18 	 14 	 -1.012 	 -0.000 	 -0.281
18 	 15 	 -1.055 	 -0.000 	 -0.293
18 	 16 	 -1.055 	  0.000 	 -0.293
18 	 17 	 -1.012 	  0.000 	 -0.281
18 	 18 	 -0.927 	  0.000 	 -0.257
18 	 19 	 -0.805 	  0.000 	 -0.223
18 	 20 	 -0.649 	  0.000 	 -0.180
18 	 21 	 -0.467 	  0.000 	 -0.130
18 	 22 	 -0.266 	  0.000 	 -0.074
18 	 23 	 -0.054 	  0.000 	 -0.015
18 	 24 	  0.161 	  0.000 	  0.045
18 	 25 	  0.368 	  0.000 	  0.102
18 	 26 	  0.561 	  0.000 	  0.156
18 	 27 	  0.731 	  0.000 	  0.203
18 	 28 	  0.871 	  0.000 	  0.242
18 	 29 	  0.975 	  0.000 	  0.270
18 	 30 	  1.039 	  0.000 	  0.288

19 	 0 	  0.920 	 -0.000 	  0.395
19 	 1 	  0.902 	 -0.000 	  0.387
19 	 2 	  0.846 	 -0.000 	  0.363
19 	 3 	  0.755 	 -0.000 	  0.324
19 	 4 	  0.634 	 -0.000 	  0.272
19 	 5 	  0.487 	 -0.000 	  0.209
19 	 6 	  0.320 	 -0.000 	  0.137
19 	 7 	  0.139 	 -0.000 	  0.060
19 	 8 	 -0.047 	 -0.000 	 -0.020
19 	 9 	 -0.231 	 -0.000 	 -0.099
19 	 10 	 -0.405 	 -0.000 	 -0.174
19 	 11 	 -0.563 	 -0.000 	 -0.242
19 	 12 	 -0.698 	 -0.000 	 -0.300
19 	 13 	 -0.805 	 -0.000 	 -0.345
19 	 14 	 -0.878 	 -0.000 	 -0.377
19 	 15 	 -0.916 	 -0.000 	 -0.393
19 	 16 	 -0.916 	  0.000 	 -0.393
19 	 17 	 -0.878 	  0.000 	 -0.377
19 	 18 	 -0.805 	  0.000 	 -0.345
19 	 19 	 -0.698 	  0.000 	 -0.300
19 	 20 	 -0.563 	  0.000 	 -0.242
19 	 21 	 -0.405 	  0.000 	 -0.174
19 	 22 	 -0.231 	  0.000 	 -0.099
19 	 23 	 -0.047 	  0.000 	 -0.020
19 	 24 	  0.139 	  0.000 	  0.060
19 	 25 	  0.320 	  0.000 	  0.137
19 	 26 	  0.487 	  0.000 	  0.209
19 	 27 	  0.634 	  0.000 	  0.272
19 	 28 	  0.755 	  0.000 	  0.324
19 	 29 	  0.846 	  0.000 	  0.363
19 	 30 	  0.902 	  0.000 	  0.387

20 	 0 	  0.743 	 -0.000 	  0.480
20 	 1 	  0.727 	 -0.000 	  0.470
20 	 2 	  0.682 	 -0.000 	  0.441
20 	 3 	  0.609 	 -0.000 	  0.394
20 	 4 	  0.512 	 -0.000 	  0.330
20 	 5 	  0.393 	 -0.000 	  0.254
20 	 6 	  0.258 	 -0.000 	  0.167
20 	 7 	  0.112 	 -0.000 	  0.073
20 	 8 	 -0.038 	 -0.000 	 -0.024
20 	 9 	 -0.186 	 -0.000 	 -0.120
20 	 10 	 -0.327 	 -0.000 	 -0.211
20 	 11 	 -0.455 	 -0.000 	 -0.294
20 	 12 	 -0.563 	 -0.000 	 -0.364
20 	 13 	 -0.649 	 -0.000 	 -0.419
20 	 14 	 -0.708 	 -0.000 	 -0.458
20 	 15 	 -0.739 	 -0.000 	 -0.477
20 	 16 	 -0.739 	  0.000 	 -0.477
20 	 17 	 -0.708 	  0.000 	 -0.458
20 	 18 	 -0.649 	  0.000 	 -0.419
20 	 19 	 -0.563 	  0.000 	 -0.364
20 	 20 	 -0.455 	  0.000 	 -0.294
20 	 21 	 -0.327 	  0.000 	 -0.211
20 	 22 	 -0.186 	  0.000 	 -0.120
20 	 23 	 -0.038 	  0.000 	 -0.024
20 	 24 	  0.112 	  0.000 	  0.073
20 	 25 	  0.258 	  0.000 	  0.167
20 	 26 	  0.393 	  0.000 	  0.254
20 	 27 	  0.512 	  0.000 	  0.330
20 	 28 	  0.609 	  0.000 	  0.394
20 	 29 	  0.682 	  0.000 	  0.441
20 	 30 	  0.727 	  0.000 	  0.470

21 	 0 	  0.534 	 -0.000 	  0.545
21 	 1 	  0.523 	 -0.000 	  0.533
21 	 2 	  0.491 	 -0.000 	  0.500
21 	 3 	  0.438 	 -0.000 	  0.447
21 	 4 	  0.368 	 -0.000 	  0.375
21 	 5 	  0.283 	 -0.000 	  0.288
21 	 6 	  0.186 	 -0.000 	  0.189
21 	 7 	  0.081 	 -0.000 	  0.082
21 	 8 	 -0.027 	 -0.000 	 -0.028
21 	 9 	 -0.134 	 -0.000 	 -0.136
21 	 10 	 -0.235 	 -0.000 	 -0.240
21 	 11 	 -0.327 	 -0.000 	 -0.333
21 	 12 	 -0.405 	 -0.000 	 -0.413
21 	 13 	 -0.467 	 -0.000 	 -0.476
21 	 14 	 -0.510 	 -0.000 	 -0.520
21 	 15 	 -0.531 	 -0.000 	 -0.542
21 	 16 	 -0.531 	  0.000 	 -0.542
21 	 17 	 -0.510 	  0.000 	 -0.520
21 	 18 	 -0.467 	  0.000 	 -0.476
21 	 19 	 -0.405 	  0.000 	 -0.413
21 	 20 	 -0.327 	  0.000 	 -0.333
21 	 21 	 -0.235 	  0.000 	 -0.240
21 	 22 	 -0.134 	  0.000 	 -0.136
21 	 23 	 -0.027 	  0.000 	 -0.028
21 	 24 	  0.081 	  0.000 	  0.082
21 	 25 	  0.186 	  0.000 	  0.189
21 	 26 	  0.283 	  0.000 	  0.288
21 	 27 	  0.368 	  0.000 	  0.375
21 	 28 	  0.438 	  0.000 	  0.447
21 	 29 	  0.491 	  0.000 	  0.500
21 	 30 	  0.523 	  0.000 	  0.533

22 	 0 	  0.304 	 -0.000 	  0.587
22 	 1 	  0.298 	 -0.000 	  0.575
22 	 2 	  0.279 	 -0.000 	  0.540
22 	 3 	  0.250 	 -0.000 	  0.482
22 	 4 	  0.209 	 -0.000 	  0.405
22 	 5 	  0.161 	 -0.000 	  0.311
22 	 6 	  0.106 	 -0.000 	  0.204
22 	 7 	  0.046 	 -0.000 	  0.089
22 	 8 	 -0.015 	 -0.000 	 -0.030
22 	 9 	 -0.076 	 -0.000 	 -0.147
22 	 10 	 -0.134 	 -0.000 	 -0.259
22 	 11 	 -0.186 	 -0.000 	 -0.359
22 	 12 	 -0.231 	 -0.000 	 -0.446
22 	 13 	 -0.266 	 -0.000 	 -0.513
22 	 14 	 -0.290 	 -0.000 	 -0.560
22 	 15 	 -0.302 	 -0.000 	 -0.584
22 	 16 	 -0.302 	  0.000 	 -0.584
22 	 17 	 -0.290 	  0.000 	 -0.560
22 	 18 	 -0.266 	  0.000 	 -0.513
22 	 19 	 -0.231 	  0.000 	 -0.446
22 	 20 	 -0.186 	  0.000 	 -0.359
22 	 21 	 -0.134 	  0.000 	 -0.259
22 	 22 	 -0.076 	  0.000 	 -0.147
22 	 23 	 -0.015 	  0.000 	 -0.030
22 	 24 	  0.046 	  0.000 	  0.089
22 	 25 	  0.106 	  0.000 	  0.204
22 	 26 	  0.161 	  0.000 	  0.311
22 	 27 	  0.209 	  0.000 	  0.405
22 	 28 	  0.250 	  0.000 	  0.482
22 	 29 	  0.279 	  0.000 	  0.540
22 	 30 	  0.298 	  0.000 	  0.575

23 	 0 	  0.061 	 -0.000 	  0.606
23 	 1 	  0.060 	 -0.000 	  0.593
23 	 2 	  0.056 	 -0.000 	  0.557
23 	 3 	  0.050 	 -0.000 	  0.497
23 	 4 	  0.042 	 -0.000 	  0.417
23 	 5 	  0.032 	 -0.000 	  0.320
23 	 6 	  0.021 	 -0.000 	  0.210
23 	 7 	  0.009 	 -0.000 	  0.092
23 	 8 	 -0.003 	 -0.000 	 -0.031
23 	 9 	 -0.015 	 -0.000 	 -0.152
23 	 10 	 -0.027 	 -0.000 	 -0.267
23 	 11 	 -0.038 	 -0.000 	 -0.371
23 	 12 	 -0.047 	 -0.000 	 -0.460
23 	 13 	 -0.054 	 -0.000 	 -0.530
23 	 14 	 -0.059 	 -0.000 	 -0.578
23 	 15 	 -0.061 	 -0.000 	 -0.603
23 	 16 	 -0.061 	  0.000 	 -0.603
23 	 17 	 -0.059 	  0.000 	 -0.578
23 	 18 	 -0.054 	  0.000 	 -0.530
23 	 19 	 -0.047 	  0.000 	 -0.460
23 	 20 	 -0.038 	  0.000 	 -0.371
23 	 21 	 -0.027 	  0.000 	 -0.267
23 	 22 	 -0.015 	  0.000 	 -0.152
23 	 23 	 -0.003 	  0.000 	 -0.031
23 	 24 	  0.009 	  0.000 	  0.092
23 	 25 	  0.021 	  0.000 	  0.210
23 	 26 	  0.032 	  0.000 	  0.320
23 	 27 	  0.042 	  0.000 	  0.417
23 	 28 	  0.050 	  0.000 	  0.497
23 	 29 	  0.056 	  0.000 	  0.557
23 	 30 	  0.060 	  0.000 	  0.593

24 	 0 	 -0.184 	  0.000 	  0.600
24 	 1 	 -0.180 	  0.000 	  0.587
24 	 2 	 -0.169 	  0.000 	  0.551
24 	 3 	 -0.151 	  0.000 	  0.492
24 	 4 	 -0.127 	  0.000 	  0.413
24 	 5 	 -0.097 	  0.000 	  0.317
24 	 6 	 -0.064 	  0.000 	  0.208
24 	 7 	 -0.028 	  0.000 	  0.091
24 	 8 	  0.009 	  0.000 	 -0.030
24 	 9 	  0.046 	  0.000 	 -0.150
24 	 10 	  0.081 	  0.000 	 -0.264
24 	 11 	  0.112 	  0.000 	 -0.367
24 	 12 	  0.139 	  0.000 	 -0.455
24 	 13 	  0.161 	  0.000 	 -0.524
24 	 14 	  0.175 	  0.000 	 -0.572
24 	 15 	  0.183 	  0.000 	 -0.596
24 	 16 	  0.183 	 -0.000 	 -0.596
24 	 17 	  0.175 	 -0.000 	 -0.572
24 	 18 	  0.161 	 -0.000 	 -0.524
24 	 19 	  0.139 	 -0.000 	 -0.455
24 	 20 	  0.112 	 -0.000 	 -0.367
24 	 21 	  0.081 	 -0.000 	 -0.264
24 	 22 	  0.046 	 -0.000 	 -0.150
24 	 23 	  0.009 	 -0.000 	 -0.030
24 	 24 	 -0.028 	 -0.000 	  0.091
24 	 25 	 -0.064 	 -0.000 	  0.208
24 	 26 	 -0.097 	 -0.000 	  0.317
24 	 27 	 -0.127 	 -0.000 	  0.413
24 	 28 	 -0.151 	 -0.000 	  0.492
24 	 29 	 -0.169 	 -0.000 	  0.551
24 	 30 	 -0.180 	 -0.000 	  0.587

25 	 0 	 -0.421 	  0.000 	  0.569
25 	 1 	 -0.413 	  0.000 	  0.557
25 	 2 	 -0.387 	  0.000 	  0.523
25 	 3 	 -0.346 	  0.000 	  0.467
25 	 4 	 -0.290 	  0.000 	  0.392
25 	 5 	 -0.223 	  0.000 	  0.301
25 	 6 	 -0.146 	  0.000 	  0.198
25 	 7 	 -0.064 	  0.000 	  0.086
25 	 8 	  0.021 	  0.000 	 -0.029
25 	 9 	  0.106 	  0.000 	 -0.143
25 	 10 	  0.186 	  0.000 	 -0.250
25 	 11 	  0.258 	  0.000 	 -0.348
25 	 12 	  0.320 	  0.000 	 -0.432
25 	 13 	  0.368 	  0.000 	 -0.497
25 	 14 	  0.402 	  0.000 	 -0.543
25 	 15 	  0.419 	  0.000 	 -0.566
25 	 16 	  0.419 	 -0.000 	 -0.566
25 	 17 	  0.402 	 -0.000 	 -0.543
25 	 18 	  0.368 	 -0.000 	 -0.497
25 	 19 	  0.320 	 -0.000 	 -0.432
25 	 20 	  0.258 	 -0.000 	 -0.348
25 	 21 	  0.186 	 -0.000 	 -0.250
25 	 22 	  0.106 	 -0.000 	 -0.143
25 	 23 	  0.021 	 -0.000 	 -0.029
25 	 24 	 -0.064 	 -0.000 	  0.086
25 	 25 	 -0.146 	 -0.000 	  0.198
25 	 26 	 -0.223 	 -0.000 	  0.301
25 	 27 	 -0.290 	 -0.000 	  0.392
25 	 28 	 -0.346 	 -0.000 	  0.467
25 	 29 	 -0.387 	 -0.000 	  0.523
25 	 30 	 -0.413 	 -0.000 	  0.557

26 	 0 	 -0.642 	  0.000 	  0.515
26 	 1 	 -0.629 	  0.000 	  0.504
26 	 2 	 -0.590 	  0.000 	  0.473
26 	 3 	 -0.527 	  0.000 	  0.422
26 	 4 	 -0.442 	  0.000 	  0.355
26 	 5 	 -0.339 	  0.000 	  0.272
26 	 6 	 -0.223 	  0.000 	  0.179
26 	 7 	 -0.097 	  0.000 	  0.078
26 	 8 	  0.032 	  0.000 	 -0.026
26 	 9 	  0.161 	  0.000 	 -0.129
26 	 10 	  0.283 	  0.000 	 -0.227
26 	 11 	  0.393 	  0.000 	 -0.315
26 	 12 	  0.487 	  0.000 	 -0.391
26 	 13 	  0.561 	  0.000 	 -0.450
26 	 14 	  0.612 	  0.000 	 -0.491
26 	 15 	  0.638 	  0.000 	 -0.512
26 	 16 	  0.638 	 -0.000 	 -0.512
26 	 17 	  0.612 	 -0.000 	 -0.491
26 	 18 	  0.561 	 -0.000 	 -0.450
26 	 19 	  0.487 	 -0.000 	 -0.391
26 	 20 	  0.393 	 -0.000 	 -0.315
26 	 21 	  0.283 	 -0.000 	 -0.227
26 	 22 	  0.161 	 -0.000 	 -0.129
26 	 23 	  0.032 	 -0.000 	 -0.026
26 	 24 	 -0.097 	 -0.000 	  0.078
26 	 25 	 -0.223 	 -0.000 	  0.179
26 	 26 	 -0.339 	 -0.000 	  0.272
26 	 27 	 -0.442 	 -0.000 	  0.355
26 	 28 	 -0.527 	 -0.000 	  0.422
26 	 29 	 -0.590 	 -0.000 	  0.473
26 	 30 	 -0.629 	 -0.000 	  0.504

27 	 0 	 -0.836 	  0.000 	  0.440
27 	 1 	 -0.819 	  0.000 	  0.431
27 	 2 	 -0.768 	  0.000 	  0.404
27 	 3 	 -0.686 	  0.000 	  0.361
27 	 4 	 -0.576 	  0.000 	  0.303
27 	 5 	 -0.442 	  0.000 	  0.233
27 	 6 	 -0.290 	  0.000 	  0.153
27 	 7 	 -0.127 	  0.000 	  0.067
27 	 8 	  0.042 	  0.000 	 -0.022
27 	 9 	  0.209 	  0.000 	 -0.110
27 	 10 	  0.368 	  0.000 	 -0.194
27 	 11 	  0.512 	  0.000 	 -0.269
27 	 12 	  0.634 	  0.000 	 -0.334
27 	 13 	  0.731 	  0.000 	 -0.384
27 	 14 	  0.797 	  0.000 	 -0.419
27 	 15 	  0.831 	  0.000 	 -0.437
27 	 16 	  0.831 	 -0.000 	 -0.437
27 	 17 	  0.797 	 -0.000 	 -0.419
27 	 18 	  0.731 	 -0.000 	 -0.384
27 	 19 	  0.634 	 -0.000 	 -0.334
27 	 20 	  0.512 	 -0.000 	 -0.269
27 	 21 	  0.368 	 -0.000 	 -0.194
27 	 22 	  0.209 	 -0.000 	 -0.110
27 	 23 	  0.042 	 -0.000 	 -0.022
27 	 24 	 -0.127 	 -0.000 	  0.067
27 	 25 	 -0.290 	 -0.000 	  0.153
27 	 26 	 -0.442 	 -0.000 	  0.233
27 	 27 	 -0.576 	 -0.000 	  0.303
27 	 28 	 -0.686 	 -0.000 	  0.361
27 	 29 	 -0.768 	 -0.000 	  0.404
27 	 30 	 -0.819 	 -0.000 	  0.431

28 	 0 	 -0.996 	  0.000 	  0.346
28 	 1 	 -0.975 	  0.000 	  0.339
28 	 2 	 -0.915 	  0.000 	  0.318
28 	 3 	 -0.817 	  0.000 	  0.284
28 	 4 	 -0.686 	  0.000 	  0.239
28 	 5 	 -0.527 	  0.000 	  0.183
28 	 6 	 -0.346 	  0.000 	  0.120
28 	 7 	 -0.151 	  0.000 	  0.052
28 	 8 	  0.050 	  0.000 	 -0.018
28 	 9 	  0.250 	  0.000 	 -0.087
28 	 10 	  0.438 	  0.000 	 -0.153
28 	 11 	  0.609 	  0.000 	 -0.212
28 	 12 	  0.755 	  0.000 	 -0.263
28 	 13 	  0.871 	  0.000 	 -0.303
28 	 14 	  0.950 	  0.000 	 -0.331
28 	 15 	  0.991 	  0.000 	 -0.345
28 	 16 	  0.991 	 -0.000 	 -0.345
28 	 17 	  0.950 	 -0.000 	 -0.331
28 	 18 	  0.871 	 -0.000 	 -0.303
28 	 19 	  0.755 	 -0.000 	 -0.263
28 	 20 	  0.609 	 -0.000 	 -0.212
28 	 21 	  0.438 	 -0.000 	 -0.153
28 	 22 	  0.250 	 -0.000 	 -0.087
28 	 23 	  0.050 	 -0.000 	 -0.018
28 	 24 	 -0.151 	 -0.000 	  0.052
28 	 25 	 -0.346 	 -0.000 	  0.120
28 	 26 	 -0.527 	 -0.000 	  0.183
28 	 27 	 -0.686 	 -0.000 	  0.239
28 	 28 	 -0.817 	 -0.000 	  0.284
28 	 29 	 -0.915 	 -0.000 	  0.318
28 	 30 	 -0.975 	 -0.000 	  0.339

29 	 0 	 -1.115 	  0.000 	  0.239
29 	 1 	 -1.092 	  0.000 	  0.234
29 	 2 	 -1.024 	  0.000 	  0.220
29 	 3 	 -0.915 	  0.000 	  0.196
29 	 4 	 -0.768 	  0.000 	  0.165
29 	 5 	 -0.590 	  0.000 	  0.127
29 	 6 	 -0.387 	  0.000 	  0.083
29 	 7 	 -0.169 	  0.000 	  0.036
29 	 8 	  0.056 	  0.000 	 -0.012
29 	 9 	  0.279 	  0.000 	 -0.060
29 	 10 	  0.491 	  0.000 	 -0.105
29 	 11 	  0.682 	  0.000 	 -0.146
29 	 12 	  0.846 	  0.000 	 -0.181
29 	 13 	  0.975 	  0.000 	 -0.209
29 	 14 	  1.064 	  0.000 	 -0.228
29 	 15 	  1.109 	  0.000 	 -0.238
29 	 16 	  1.109 	 -0.000 	 -0.238
29 	 17 	  1.064 	 -0.000 	 -0.228
29 	 18 	  0.975 	 -0.000 	 -0.209
29 	 19 	  0.846 	 -0.000 	 -0.181
29 	 20 	  0.682 	 -0.000 	 -0.146
29 	 21 	  0.491 	 -0.000 	 -0.105
29 	 22 	  0.279 	 -0.000 	 -0.060
29 	 23 	  0.056 	 -0.000 	 -0.012
29 	 24 	 -0.169 	 -0.000 	  0.036
29 	 25 	 -0.387 	 -0.000 	  0.083
29 	 26 	 -0.590 	 -0.000 	  0.127
29 	 27 	 -0.768 	 -0.000 	  0.165
29 	 28 	 -0.915 	 -0.000 	  0.196
29 	 29 	 -1.024 	 -0.000 	  0.220
29 	 30 	 -1.092 	 -0.000 	  0.234

30 	 0 	 -1.188 	  0.000 	  0.122
30 	 1 	 -1.164 	  0.000 	  0.120
30 	 2 	 -1.092 	  0.000 	  0.112
30 	 3 	 -0.975 	  0.000 	  0.100
30 	 4 	 -0.819 	  0.000 	  0.084
30 	 5 	 -0.629 	  0.000 	  0.065
30 	 6 	 -0.413 	  0.000 	  0.042
30 	 7 	 -0.180 	  0.000 	  0.018
30 	 8 	  0.060 	  0.000 	 -0.006
30 	 9 	  0.298 	  0.000 	 -0.031
30 	 10 	  0.523 	  0.000 	 -0.054
30 	 11 	  0.727 	  0.000 	 -0.075
30 	 12 	  0.902 	  0.000 	 -0.093
30 	 13 	  1.039 	  0.000 	 -0.107
30 	 14 	  1.134 	  0.000 	 -0.116
30 	 15 	  1.182 	  0.000 	 -0.121
30 	 16 	  1.182 	 -0.000 	 -0.121
30 	 17 	  1.134 	 -0.000 	 -0.116
30 	 18 	  1.039 	 -0.000 	 -0.107
30 	 19 	  0.902 	 -0.000 	 -0.093
30 	 20 	  0.727 	 -0.000 	 -0.075
30 	 21 	  0.523 	 -0.000 	 -0.054
30 	 22 	  0.298 	 -0.000 	 -0.031
30 	 23 	  0.060 	 -0.000 	 -0.006
30 	 24 	 -0.180 	 -0.000 	  0.018
30 	 25 	 -0.413 	 -0.000 	  0.042
30 	 26 	 -0.629 	 -0.000 	  0.065
30 	 27 	 -0.819 	 -0.000 	  0.084
30 	 28 	 -0.975 	 -0.000 	  0.100
30 	 29 	 -1.092 	 -0.000 	  0.112
30 	 30 	 -1.164 	 -0.000 	  0.120

