0 	 0 	 -0.429 	  0.000 	 -0.000
0 	 1 	 -0.420 	  0.000 	 -0.000
0 	 2 	 -0.394 	  0.000 	 -0.000
0 	 3 	 -0.352 	  0.000 	 -0.000
0 	 4 	 -0.295 	  0.000 	 -0.000
0 	 5 	 -0.227 	  0.000 	 -0.000
0 	 6 	 -0.149 	  0.000 	 -0.000
0 	 7 	 -0.065 	  0.000 	 -0.000
0 	 8 	  0.022 	  0.000 	  0.000
0 	 9 	  0.107 	  0.000 	  0.000
0 	 10 	  0.189 	  0.000 	  0.000
0 	 11 	  0.262 	  0.000 	  0.000
0 	 12 	  0.325 	  0.000 	  0.000
0 	 13 	  0.375 	  0.000 	  0.000
0 	 14 	  0.409 	  0.000 	  0.000
0 	 15 	  0.427 	  0.000 	  0.000
0 	 16 	  0.427 	 -0.000 	  0.000
0 	 17 	  0.409 	 -0.000 	  0.000
0 	 18 	  0.375 	 -0.000 	  0.000
0 	 19 	  0.325 	 -0.000 	  0.000
0 	 20 	  0.262 	 -0.000 	  0.000
0 	 21 	  0.189 	 -0.000 	  0.000
0 	 22 	  0.107 	 -0.000 	  0.000
0 	 23 	  0.022 	 -0.000 	  0.000
0 	 24 	 -0.065 	 -0.000 	 -0.000
0 	 25 	 -0.149 	 -0.000 	 -0.000
0 	 26 	 -0.227 	 -0.000 	 -0.000
0 	 27 	 -0.295 	 -0.000 	 -0.000
0 	 28 	 -0.352 	 -0.000 	 -0.000
0 	 29 	 -0.394 	 -0.000 	 -0.000
0 	 30 	 -0.420 	 -0.000 	 -0.000

1 	 0 	 -0.420 	  0.000 	 -0.043
1 	 1 	 -0.411 	  0.000 	 -0.042
1 	 2 	 -0.386 	  0.000 	 -0.040
1 	 3 	 -0.345 	  0.000 	 -0.035
1 	 4 	 -0.289 	  0.000 	 -0.030
1 	 5 	 -0.222 	  0.000 	 -0.023
1 	 6 	 -0.146 	  0.000 	 -0.015
1 	 7 	 -0.064 	  0.000 	 -0.007
1 	 8 	  0.021 	  0.000 	  0.002
1 	 9 	  0.105 	  0.000 	  0.011
1 	 10 	  0.185 	  0.000 	  0.019
1 	 11 	  0.257 	  0.000 	  0.026
1 	 12 	  0.319 	  0.000 	  0.033
1 	 13 	  0.367 	  0.000 	  0.038
1 	 14 	  0.401 	  0.000 	  0.041
1 	 15 	  0.418 	  0.000 	  0.043
1 	 16 	  0.418 	 -0.000 	  0.043
1 	 17 	  0.401 	 -0.000 	  0.041
1 	 18 	  0.367 	 -0.000 	  0.038
1 	 19 	  0.319 	 -0.000 	  0.033
1 	 20 	  0.257 	 -0.000 	  0.026
1 	 21 	  0.185 	 -0.000 	  0.019
1 	 22 	  0.105 	 -0.000 	  0.011
1 	 23 	  0.021 	 -0.000 	  0.002
1 	 24 	 -0.064 	 -0.000 	 -0.007
1 	 25 	 -0.146 	 -0.000 	 -0.015
1 	 26 	 -0.222 	 -0.000 	 -0.023
1 	 27 	 -0.289 	 -0.000 	 -0.030
1 	 28 	 -0.345 	 -0.000 	 -0.035
1 	 29 	 -0.386 	 -0.000 	 -0.040
1 	 30 	 -0.411 	 -0.000 	 -0.042

2 	 0 	 -0.394 	  0.000 	 -0.085
2 	 1 	 -0.386 	  0.000 	 -0.083
2 	 2 	 -0.362 	  0.000 	 -0.078
2 	 3 	 -0.323 	  0.000 	 -0.069
2 	 4 	 -0.271 	  0.000 	 -0.058
2 	 5 	 -0.208 	  0.000 	 -0.045
2 	 6 	 -0.137 	  0.000 	 -0.029
2 	 7 	 -0.060 	  0.000 	 -0.013
2 	 8 	  0.020 	  0.000 	  0.004
2 	 9 	  0.099 	  0.000 	  0.021
2 	 10 	  0.174 	  0.000 	  0.037
2 	 11 	  0.241 	  0.000 	  0.052
2 	 12 	  0.299 	  0.000 	  0.064
2 	 13 	  0.345 	  0.000 	  0.074
2 	 14 	  0.376 	  0.000 	  0.081
2 	 15 	  0.392 	  0.000 	  0.084
2 	 16 	  0.392 	 -0.000 	  0.084
2 	 17 	  0.376 	 -0.000 	  0.081
2 	 18 	  0.345 	 -0.000 	  0.074
2 	 19 	  0.299 	 -0.000 	  0.064
2 	 20 	  0.241 	 -0.000 	  0.052
2 	 21 	  0.174 	 -0.000 	  0.037
2 	 22 	  0.099 	 -0.000 	  0.021
2 	 23 	  0.020 	 -0.000 	  0.004
2 	 24 	 -0.060 	 -0.000 	 -0.013
2 	 25 	 -0.137 	 -0.000 	 -0.029
2 	 26 	 -0.208 	 -0.000 	 -0.045
2 	 27 	 -0.271 	 -0.000 	 -0.058
2 	 28 	 -0.323 	 -0.000 	 -0.069
2 	 29 	 -0.362 	 -0.000 	 -0.078
2 	 30 	 -0.386 	 -0.000 	 -0.083

3 	 0 	 -0.352 	  0.000 	 -0.122
3 	 1 	 -0.345 	  0.000 	 -0.120
3 	 2 	 -0.323 	  0.000 	 -0.113
3 	 3 	 -0.289 	  0.000 	 -0.101
3 	 4 	 -0.242 	  0.000 	 -0.084
3 	 5 	 -0.186 	  0.000 	 -0.065
3 	 6 	 -0.122 	  0.000 	 -0.043
3 	 7 	 -0.053 	  0.000 	 -0.019
3 	 8 	  0.018 	  0.000 	  0.006
3 	 9 	  0.088 	  0.000 	  0.031
3 	 10 	  0.155 	  0.000 	  0.054
3 	 11 	  0.215 	  0.000 	  0.075
3 	 12 	  0.267 	  0.000 	  0.093
3 	 13 	  0.308 	  0.000 	  0.107
3 	 14 	  0.336 	  0.000 	  0.117
3 	 15 	  0.350 	  0.000 	  0.122
3 	 16 	  0.350 	 -0.000 	  0.122
3 	 17 	  0.336 	 -0.000 	  0.117
3 	 18 	  0.308 	 -0.000 	  0.107
3 	 19 	  0.267 	 -0.000 	  0.093
3 	 20 	  0.215 	 -0.000 	  0.075
3 	 21 	  0.155 	 -0.000 	  0.054
3 	 22 	  0.088 	 -0.000 	  0.031
3 	 23 	  0.018 	 -0.000 	  0.006
3 	 24 	 -0.053 	 -0.000 	 -0.019
3 	 25 	 -0.122 	 -0.000 	 -0.043
3 	 26 	 -0.186 	 -0.000 	 -0.065
3 	 27 	 -0.242 	 -0.000 	 -0.084
3 	 28 	 -0.289 	 -0.000 	 -0.101
3 	 29 	 -0.323 	 -0.000 	 -0.113
3 	 30 	 -0.345 	 -0.000 	 -0.120

4 	 0 	 -0.295 	  0.000 	 -0.155
4 	 1 	 -0.289 	  0.000 	 -0.152
4 	 2 	 -0.271 	  0.000 	 -0.143
4 	 3 	 -0.242 	  0.000 	 -0.128
4 	 4 	 -0.204 	  0.000 	 -0.107
4 	 5 	 -0.156 	  0.000 	 -0.082
4 	 6 	 -0.103 	  0.000 	 -0.054
4 	 7 	 -0.045 	  0.000 	 -0.024
4 	 8 	  0.015 	  0.000 	  0.008
4 	 9 	  0.074 	  0.000 	  0.039
4 	 10 	  0.130 	  0.000 	  0.068
4 	 11 	  0.181 	  0.000 	  0.095
4 	 12 	  0.224 	  0.000 	  0.118
4 	 13 	  0.258 	  0.000 	  0.136
4 	 14 	  0.282 	  0.000 	  0.148
4 	 15 	  0.294 	  0.000 	  0.155
4 	 16 	  0.294 	 -0.000 	  0.155
4 	 17 	  0.282 	 -0.000 	  0.148
4 	 18 	  0.258 	 -0.000 	  0.136
4 	 19 	  0.224 	 -0.000 	  0.118
4 	 20 	  0.181 	 -0.000 	  0.095
4 	 21 	  0.130 	 -0.000 	  0.068
4 	 22 	  0.074 	 -0.000 	  0.039
4 	 23 	  0.015 	 -0.000 	  0.008
4 	 24 	 -0.045 	 -0.000 	 -0.024
4 	 25 	 -0.103 	 -0.000 	 -0.054
4 	 26 	 -0.156 	 -0.000 	 -0.082
4 	 27 	 -0.204 	 -0.000 	 -0.107
4 	 28 	 -0.242 	 -0.000 	 -0.128
4 	 29 	 -0.271 	 -0.000 	 -0.143
4 	 30 	 -0.289 	 -0.000 	 -0.152

5 	 0 	 -0.227 	  0.000 	 -0.182
5 	 1 	 -0.222 	  0.000 	 -0.178
5 	 2 	 -0.208 	  0.000 	 -0.167
5 	 3 	 -0.186 	  0.000 	 -0.149
5 	 4 	 -0.156 	  0.000 	 -0.125
5 	 5 	 -0.120 	  0.000 	 -0.096
5 	 6 	 -0.079 	  0.000 	 -0.063
5 	 7 	 -0.034 	  0.000 	 -0.028
5 	 8 	  0.011 	  0.000 	  0.009
5 	 9 	  0.057 	  0.000 	  0.046
5 	 10 	  0.100 	  0.000 	  0.080
5 	 11 	  0.139 	  0.000 	  0.111
5 	 12 	  0.172 	  0.000 	  0.138
5 	 13 	  0.198 	  0.000 	  0.159
5 	 14 	  0.216 	  0.000 	  0.174
5 	 15 	  0.226 	  0.000 	  0.181
5 	 16 	  0.226 	 -0.000 	  0.181
5 	 17 	  0.216 	 -0.000 	  0.174
5 	 18 	  0.198 	 -0.000 	  0.159
5 	 19 	  0.172 	 -0.000 	  0.138
5 	 20 	  0.139 	 -0.000 	  0.111
5 	 21 	  0.100 	 -0.000 	  0.080
5 	 22 	  0.057 	 -0.000 	  0.046
5 	 23 	  0.011 	 -0.000 	  0.009
5 	 24 	 -0.034 	 -0.000 	 -0.028
5 	 25 	 -0.079 	 -0.000 	 -0.063
5 	 26 	 -0.120 	 -0.000 	 -0.096
5 	 27 	 -0.156 	 -0.000 	 -0.125
5 	 28 	 -0.186 	 -0.000 	 -0.149
5 	 29 	 -0.208 	 -0.000 	 -0.167
5 	 30 	 -0.222 	 -0.000 	 -0.178

6 	 0 	 -0.149 	  0.000 	 -0.201
6 	 1 	 -0.146 	  0.000 	 -0.197
6 	 2 	 -0.137 	  0.000 	 -0.185
6 	 3 	 -0.122 	  0.000 	 -0.165
6 	 4 	 -0.103 	  0.000 	 -0.139
6 	 5 	 -0.079 	  0.000 	 -0.106
6 	 6 	 -0.052 	  0.000 	 -0.070
6 	 7 	 -0.023 	  0.000 	 -0.030
6 	 8 	  0.008 	  0.000 	  0.010
6 	 9 	  0.037 	  0.000 	  0.050
6 	 10 	  0.066 	  0.000 	  0.089
6 	 11 	  0.091 	  0.000 	  0.123
6 	 12 	  0.113 	  0.000 	  0.153
6 	 13 	  0.130 	  0.000 	  0.176
6 	 14 	  0.142 	  0.000 	  0.192
6 	 15 	  0.148 	  0.000 	  0.200
6 	 16 	  0.148 	 -0.000 	  0.200
6 	 17 	  0.142 	 -0.000 	  0.192
6 	 18 	  0.130 	 -0.000 	  0.176
6 	 19 	  0.113 	 -0.000 	  0.153
6 	 20 	  0.091 	 -0.000 	  0.123
6 	 21 	  0.066 	 -0.000 	  0.089
6 	 22 	  0.037 	 -0.000 	  0.050
6 	 23 	  0.008 	 -0.000 	  0.010
6 	 24 	 -0.023 	 -0.000 	 -0.030
6 	 25 	 -0.052 	 -0.000 	 -0.070
6 	 26 	 -0.079 	 -0.000 	 -0.106
6 	 27 	 -0.103 	 -0.000 	 -0.139
6 	 28 	 -0.122 	 -0.000 	 -0.165
6 	 29 	 -0.137 	 -0.000 	 -0.185
6 	 30 	 -0.146 	 -0.000 	 -0.197

7 	 0 	 -0.065 	  0.000 	 -0.212
7 	 1 	 -0.064 	  0.000 	 -0.208
7 	 2 	 -0.060 	  0.000 	 -0.195
7 	 3 	 -0.053 	  0.000 	 -0.174
7 	 4 	 -0.045 	  0.000 	 -0.146
7 	 5 	 -0.034 	  0.000 	 -0.112
7 	 6 	 -0.023 	  0.000 	 -0.074
7 	 7 	 -0.010 	  0.000 	 -0.032
7 	 8 	  0.003 	  0.000 	  0.011
7 	 9 	  0.016 	  0.000 	  0.053
7 	 10 	  0.029 	  0.000 	  0.093
7 	 11 	  0.040 	  0.000 	  0.130
7 	 12 	  0.049 	  0.000 	  0.161
7 	 13 	  0.057 	  0.000 	  0.185
7 	 14 	  0.062 	  0.000 	  0.202
7 	 15 	  0.065 	  0.000 	  0.211
7 	 16 	  0.065 	 -0.000 	  0.211
7 	 17 	  0.062 	 -0.000 	  0.202
7 	 18 	  0.057 	 -0.000 	  0.185
7 	 19 	  0.049 	 -0.000 	  0.161
7 	 20 	  0.040 	 -0.000 	  0.130
7 	 21 	  0.029 	 -0.000 	  0.093
7 	 22 	  0.016 	 -0.000 	  0.053
7 	 23 	  0.003 	 -0.000 	  0.011
7 	 24 	 -0.010 	 -0.000 	 -0.032
7 	 25 	 -0.023 	 -0.000 	 -0.074
7 	 26 	 -0.034 	 -0.000 	 -0.112
7 	 27 	 -0.045 	 -0.000 	 -0.146
7 	 28 	 -0.053 	 -0.000 	 -0.174
7 	 29 	 -0.060 	 -0.000 	 -0.195
7 	 30 	 -0.064 	 -0.000 	 -0.208

8 	 0 	  0.022 	 -0.000 	 -0.214
8 	 1 	  0.021 	 -0.000 	 -0.210
8 	 2 	  0.020 	 -0.000 	 -0.197
8 	 3 	  0.018 	 -0.000 	 -0.176
8 	 4 	  0.015 	 -0.000 	 -0.148
8 	 5 	  0.011 	 -0.000 	 -0.113
8 	 6 	  0.008 	 -0.000 	 -0.074
8 	 7 	  0.003 	 -0.000 	 -0.032
8 	 8 	 -0.001 	 -0.000 	  0.011
8 	 9 	 -0.005 	 -0.000 	  0.054
8 	 10 	 -0.010 	 -0.000 	  0.094
8 	 11 	 -0.013 	 -0.000 	  0.131
8 	 12 	 -0.016 	 -0.000 	  0.162
8 	 13 	 -0.019 	 -0.000 	  0.187
8 	 14 	 -0.021 	 -0.000 	  0.204
8 	 15 	 -0.022 	 -0.000 	  0.213
8 	 16 	 -0.022 	  0.000 	  0.213
8 	 17 	 -0.021 	  0.000 	  0.204
8 	 18 	 -0.019 	  0.000 	  0.187
8 	 19 	 -0.016 	  0.000 	  0.162
8 	 20 	 -0.013 	  0.000 	  0.131
8 	 21 	 -0.010 	  0.000 	  0.094
8 	 22 	 -0.005 	  0.000 	  0.054
8 	 23 	 -0.001 	  0.000 	  0.011
8 	 24 	  0.003 	  0.000 	 -0.032
8 	 25 	  0.008 	  0.000 	 -0.074
8 	 26 	  0.011 	  0.000 	 -0.113
8 	 27 	  0.015 	  0.000 	 -0.148
8 	 28 	  0.018 	  0.000 	 -0.176
8 	 29 	  0.020 	  0.000 	 -0.197
8 	 30 	  0.021 	  0.000 	 -0.210

9 	 0 	  0.107 	 -0.000 	 -0.208
9 	 1 	  0.105 	 -0.000 	 -0.203
9 	 2 	  0.099 	 -0.000 	 -0.191
9 	 3 	  0.088 	 -0.000 	 -0.170
9 	 4 	  0.074 	 -0.000 	 -0.143
9 	 5 	  0.057 	 -0.000 	 -0.110
9 	 6 	  0.037 	 -0.000 	 -0.072
9 	 7 	  0.016 	 -0.000 	 -0.031
9 	 8 	 -0.005 	 -0.000 	  0.011
9 	 9 	 -0.027 	 -0.000 	  0.052
9 	 10 	 -0.047 	 -0.000 	  0.091
9 	 11 	 -0.066 	 -0.000 	  0.127
9 	 12 	 -0.082 	 -0.000 	  0.157
9 	 13 	 -0.094 	 -0.000 	  0.181
9 	 14 	 -0.103 	 -0.000 	  0.198
9 	 15 	 -0.107 	 -0.000 	  0.206
9 	 16 	 -0.107 	  0.000 	  0.206
9 	 17 	 -0.103 	  0.000 	  0.198
9 	 18 	 -0.094 	  0.000 	  0.181
9 	 19 	 -0.082 	  0.000 	  0.157
9 	 20 	 -0.066 	  0.000 	  0.127
9 	 21 	 -0.047 	  0.000 	  0.091
9 	 22 	 -0.027 	  0.000 	  0.052
9 	 23 	 -0.005 	  0.000 	  0.011
9 	 24 	  0.016 	  0.000 	 -0.031
9 	 25 	  0.037 	  0.000 	 -0.072
9 	 26 	  0.057 	  0.000 	 -0.110
9 	 27 	  0.074 	  0.000 	 -0.143
9 	 28 	  0.088 	  0.000 	 -0.170
9 	 29 	  0.099 	  0.000 	 -0.191
9 	 30 	  0.105 	  0.000 	 -0.203

10 	 0 	  0.189 	 -0.000 	 -0.192
10 	 1 	  0.185 	 -0.000 	 -0.189
10 	 2 	  0.174 	 -0.000 	 -0.177
10 	 3 	  0.155 	 -0.000 	 -0.158
10 	 4 	  0.130 	 -0.000 	 -0.133
10 	 5 	  0.100 	 -0.000 	 -0.102
10 	 6 	  0.066 	 -0.000 	 -0.067
10 	 7 	  0.029 	 -0.000 	 -0.029
10 	 8 	 -0.010 	 -0.000 	  0.010
10 	 9 	 -0.047 	 -0.000 	  0.048
10 	 10 	 -0.083 	 -0.000 	  0.085
10 	 11 	 -0.116 	 -0.000 	  0.118
10 	 12 	 -0.143 	 -0.000 	  0.146
10 	 13 	 -0.165 	 -0.000 	  0.168
10 	 14 	 -0.180 	 -0.000 	  0.184
10 	 15 	 -0.188 	 -0.000 	  0.191
10 	 16 	 -0.188 	  0.000 	  0.191
10 	 17 	 -0.180 	  0.000 	  0.184
10 	 18 	 -0.165 	  0.000 	  0.168
10 	 19 	 -0.143 	  0.000 	  0.146
10 	 20 	 -0.116 	  0.000 	  0.118
10 	 21 	 -0.083 	  0.000 	  0.085
10 	 22 	 -0.047 	  0.000 	  0.048
10 	 23 	 -0.010 	  0.000 	  0.010
10 	 24 	  0.029 	  0.000 	 -0.029
10 	 25 	  0.066 	  0.000 	 -0.067
10 	 26 	  0.100 	  0.000 	 -0.102
10 	 27 	  0.130 	  0.000 	 -0.133
10 	 28 	  0.155 	  0.000 	 -0.158
10 	 29 	  0.174 	  0.000 	 -0.177
10 	 30 	  0.185 	  0.000 	 -0.189

11 	 0 	  0.262 	 -0.000 	 -0.170
11 	 1 	  0.257 	 -0.000 	 -0.166
11 	 2 	  0.241 	 -0.000 	 -0.156
11 	 3 	  0.215 	 -0.000 	 -0.139
11 	 4 	  0.181 	 -0.000 	 -0.117
11 	 5 	  0.139 	 -0.000 	 -0.090
11 	 6 	  0.091 	 -0.000 	 -0.059
11 	 7 	  0.040 	 -0.000 	 -0.026
11 	 8 	 -0.013 	 -0.000 	  0.009
11 	 9 	 -0.066 	 -0.000 	  0.042
11 	 10 	 -0.116 	 -0.000 	  0.075
11 	 11 	 -0.161 	 -0.000 	  0.104
11 	 12 	 -0.199 	 -0.000 	  0.129
11 	 13 	 -0.229 	 -0.000 	  0.148
11 	 14 	 -0.250 	 -0.000 	  0.162
11 	 15 	 -0.261 	 -0.000 	  0.169
11 	 16 	 -0.261 	  0.000 	  0.169
11 	 17 	 -0.250 	  0.000 	  0.162
11 	 18 	 -0.229 	  0.000 	  0.148
11 	 19 	 -0.199 	  0.000 	  0.129
11 	 20 	 -0.161 	  0.000 	  0.104
11 	 21 	 -0.116 	  0.000 	  0.075
11 	 22 	 -0.066 	  0.000 	  0.042
11 	 23 	 -0.013 	  0.000 	  0.009
11 	 24 	  0.040 	  0.000 	 -0.026
11 	 25 	  0.091 	  0.000 	 -0.059
11 	 26 	  0.139 	  0.000 	 -0.090
11 	 27 	  0.181 	  0.000 	 -0.117
11 	 28 	  0.215 	  0.000 	 -0.139
11 	 29 	  0.241 	  0.000 	 -0.156
11 	 30 	  0.257 	  0.000 	 -0.166

12 	 0 	  0.325 	 -0.000 	 -0.140
12 	 1 	  0.319 	 -0.000 	 -0.137
12 	 2 	  0.299 	 -0.000 	 -0.128
12 	 3 	  0.267 	 -0.000 	 -0.115
12 	 4 	  0.224 	 -0.000 	 -0.096
12 	 5 	  0.172 	 -0.000 	 -0.074
12 	 6 	  0.113 	 -0.000 	 -0.048
12 	 7 	  0.049 	 -0.000 	 -0.021
12 	 8 	 -0.016 	 -0.000 	  0.007
12 	 9 	 -0.082 	 -0.000 	  0.035
12 	 10 	 -0.143 	 -0.000 	  0.061
12 	 11 	 -0.199 	 -0.000 	  0.085
12 	 12 	 -0.247 	 -0.000 	  0.106
12 	 13 	 -0.284 	 -0.000 	  0.122
12 	 14 	 -0.310 	 -0.000 	  0.133
12 	 15 	 -0.324 	 -0.000 	  0.139
12 	 16 	 -0.324 	  0.000 	  0.139
12 	 17 	 -0.310 	  0.000 	  0.133
12 	 18 	 -0.284 	  0.000 	  0.122
12 	 19 	 -0.247 	  0.000 	  0.106
12 	 20 	 -0.199 	  0.000 	  0.085
12 	 21 	 -0.143 	  0.000 	  0.061
12 	 22 	 -0.082 	  0.000 	  0.035
12 	 23 	 -0.016 	  0.000 	  0.007
12 	 24 	  0.049 	  0.000 	 -0.021
12 	 25 	  0.113 	  0.000 	 -0.048
12 	 26 	  0.172 	  0.000 	 -0.074
12 	 27 	  0.224 	  0.000 	 -0.096
12 	 28 	  0.267 	  0.000 	 -0.115
12 	 29 	  0.299 	  0.000 	 -0.128
12 	 30 	  0.319 	  0.000 	 -0.137

13 	 0 	  0.375 	 -0.000 	 -0.104
13 	 1 	  0.367 	 -0.000 	 -0.102
13 	 2 	  0.345 	 -0.000 	 -0.096
13 	 3 	  0.308 	 -0.000 	 -0.085
13 	 4 	  0.258 	 -0.000 	 -0.072
13 	 5 	  0.198 	 -0.000 	 -0.055
13 	 6 	  0.130 	 -0.000 	 -0.036
13 	 7 	  0.057 	 -0.000 	 -0.016
13 	 8 	 -0.019 	 -0.000 	  0.005
13 	 9 	 -0.094 	 -0.000 	  0.026
13 	 10 	 -0.165 	 -0.000 	  0.046
13 	 11 	 -0.229 	 -0.000 	  0.064
13 	 12 	 -0.284 	 -0.000 	  0.079
13 	 13 	 -0.328 	 -0.000 	  0.091
13 	 14 	 -0.358 	 -0.000 	  0.099
13 	 15 	 -0.373 	 -0.000 	  0.104
13 	 16 	 -0.373 	  0.000 	  0.104
13 	 17 	 -0.358 	  0.000 	  0.099
13 	 18 	 -0.328 	  0.000 	  0.091
13 	 19 	 -0.284 	  0.000 	  0.079
13 	 20 	 -0.229 	  0.000 	  0.064
13 	 21 	 -0.165 	  0.000 	  0.046
13 	 22 	 -0.094 	  0.000 	  0.026
13 	 23 	 -0.019 	  0.000 	  0.005
13 	 24 	  0.057 	  0.000 	 -0.016
13 	 25 	  0.130 	  0.000 	 -0.036
13 	 26 	  0.198 	  0.000 	 -0.055
13 	 27 	  0.258 	  0.000 	 -0.072
13 	 28 	  0.308 	  0.000 	 -0.085
13 	 29 	  0.345 	  0.000 	 -0.096
13 	 30 	  0.367 	  0.000 	 -0.102

14 	 0 	  0.409 	 -0.000 	 -0.064
14 	 1 	  0.401 	 -0.000 	 -0.063
14 	 2 	  0.376 	 -0.000 	 -0.059
14 	 3 	  0.336 	 -0.000 	 -0.053
14 	 4 	  0.282 	 -0.000 	 -0.044
14 	 5 	  0.216 	 -0.000 	 -0.034
14 	 6 	  0.142 	 -0.000 	 -0.022
14 	 7 	  0.062 	 -0.000 	 -0.010
14 	 8 	 -0.021 	 -0.000 	  0.003
14 	 9 	 -0.103 	 -0.000 	  0.016
14 	 10 	 -0.180 	 -0.000 	  0.028
14 	 11 	 -0.250 	 -0.000 	  0.039
14 	 12 	 -0.310 	 -0.000 	  0.049
14 	 13 	 -0.358 	 -0.000 	  0.056
14 	 14 	 -0.390 	 -0.000 	  0.061
14 	 15 	 -0.407 	 -0.000 	  0.064
14 	 16 	 -0.407 	  0.000 	  0.064
14 	 17 	 -0.390 	  0.000 	  0.061
14 	 18 	 -0.358 	  0.000 	  0.056
14 	 19 	 -0.310 	  0.000 	  0.049
14 	 20 	 -0.250 	  0.000 	  0.039
14 	 21 	 -0.180 	  0.000 	  0.028
14 	 22 	 -0.103 	  0.000 	  0.016
14 	 23 	 -0.021 	  0.000 	  0.003
14 	 24 	  0.062 	  0.000 	 -0.010
14 	 25 	  0.142 	  0.000 	 -0.022
14 	 26 	  0.216 	  0.000 	 -0.034
14 	 27 	  0.282 	  0.000 	 -0.044
14 	 28 	  0.336 	  0.000 	 -0.053
14 	 29 	  0.376 	  0.000 	 -0.059
14 	 30 	  0.401 	  0.000 	 -0.063

15 	 0 	  0.427 	 -0.000 	 -0.022
15 	 1 	  0.418 	 -0.000 	 -0.021
15 	 2 	  0.392 	 -0.000 	 -0.020
15 	 3 	  0.350 	 -0.000 	 -0.018
15 	 4 	  0.294 	 -0.000 	 -0.015
15 	 5 	  0.226 	 -0.000 	 -0.011
15 	 6 	  0.148 	 -0.000 	 -0.008
15 	 7 	  0.065 	 -0.000 	 -0.003
15 	 8 	 -0.022 	 -0.000 	  0.001
15 	 9 	 -0.107 	 -0.000 	  0.005
15 	 10 	 -0.188 	 -0.000 	  0.010
15 	 11 	 -0.261 	 -0.000 	  0.013
15 	 12 	 -0.324 	 -0.000 	  0.016
15 	 13 	 -0.373 	 -0.000 	  0.019
15 	 14 	 -0.407 	 -0.000 	  0.021
15 	 15 	 -0.424 	 -0.000 	  0.022
15 	 16 	 -0.424 	  0.000 	  0.022
15 	 17 	 -0.407 	  0.000 	  0.021
15 	 18 	 -0.373 	  0.000 	  0.019
15 	 19 	 -0.324 	  0.000 	  0.016
15 	 20 	 -0.261 	  0.000 	  0.013
15 	 21 	 -0.188 	  0.000 	  0.010
15 	 22 	 -0.107 	  0.000 	  0.005
15 	 23 	 -0.022 	  0.000 	  0.001
15 	 24 	  0.065 	  0.000 	 -0.003
15 	 25 	  0.148 	  0.000 	 -0.008
15 	 26 	  0.226 	  0.000 	 -0.011
15 	 27 	  0.294 	  0.000 	 -0.015
15 	 28 	  0.350 	  0.000 	 -0.018
15 	 29 	  0.392 	  0.000 	 -0.020
15 	 30 	  0.418 	  0.000 	 -0.021

16 	 0 	  0.427 	 -0.000 	  0.022
16 	 1 	  0.418 	 -0.000 	  0.021
16 	 2 	  0.392 	 -0.000 	  0.020
16 	 3 	  0.350 	 -0.000 	  0.018
16 	 4 	  0.294 	 -0.000 	  0.015
16 	 5 	  0.226 	 -0.000 	  0.011
16 	 6 	  0.148 	 -0.000 	  0.008
16 	 7 	  0.065 	 -0.000 	  0.003
16 	 8 	 -0.022 	 -0.000 	 -0.001
16 	 9 	 -0.107 	 -0.000 	 -0.005
16 	 10 	 -0.188 	 -0.000 	 -0.010
16 	 11 	 -0.261 	 -0.000 	 -0.013
16 	 12 	 -0.324 	 -0.000 	 -0.016
16 	 13 	 -0.373 	 -0.000 	 -0.019
16 	 14 	 -0.407 	 -0.000 	 -0.021
16 	 15 	 -0.424 	 -0.000 	 -0.022
16 	 16 	 -0.424 	  0.000 	 -0.022
16 	 17 	 -0.407 	  0.000 	 -0.021
16 	 18 	 -0.373 	  0.000 	 -0.019
16 	 19 	 -0.324 	  0.000 	 -0.016
16 	 20 	 -0.261 	  0.000 	 -0.013
16 	 21 	 -0.188 	  0.000 	 -0.010
16 	 22 	 -0.107 	  0.000 	 -0.005
16 	 23 	 -0.022 	  0.000 	 -0.001
16 	 24 	  0.065 	  0.000 	  0.003
16 	 25 	  0.148 	  0.000 	  0.008
16 	 26 	  0.226 	  0.000 	  0.011
16 	 27 	  0.294 	  0.000 	  0.015
16 	 28 	  0.350 	  0.000 	  0.018
16 	 29 	  0.392 	  0.000 	  0.020
16 	 30 	  0.418 	  0.000 	  0.021

17 	 0 	  0.409 	 -0.000 	  0.064
17 	 1 	  0.401 	 -0.000 	  0.063
17 	 2 	  0.376 	 -0.000 	  0.059
17 	 3 	  0.336 	 -0.000 	  0.053
17 	 4 	  0.282 	 -0.000 	  0.044
17 	 5 	  0.216 	 -0.000 	  0.034
17 	 6 	  0.142 	 -0.000 	  0.022
17 	 7 	  0.062 	 -0.000 	  0.010
17 	 8 	 -0.021 	 -0.000 	 -0.003
17 	 9 	 -0.103 	 -0.000 	 -0.016
17 	 10 	 -0.180 	 -0.000 	 -0.028
17 	 11 	 -0.250 	 -0.000 	 -0.039
17 	 12 	 -0.310 	 -0.000 	 -0.049
17 	 13 	 -0.358 	 -0.000 	 -0.056
17 	 14 	 -0.390 	 -0.000 	 -0.061
17 	 15 	 -0.407 	 -0.000 	 -0.064
17 	 16 	 -0.407 	  0.000 	 -0.064
17 	 17 	 -0.390 	  0.000 	 -0.061
17 	 18 	 -0.358 	  0.000 	 -0.056
17 	 19 	 -0.310 	  0.000 	 -0.049
17 	 20 	 -0.250 	  0.000 	 -0.039
17 	 21 	 -0.180 	  0.000 	 -0.028
17 	 22 	 -0.103 	  0.000 	 -0.016
17 	 23 	 -0.021 	  0.000 	 -0.003
17 	 24 	  0.062 	  0.000 	  0.010
17 	 25 	  0.142 	  0.000 	  0.022
17 	 26 	  0.216 	  0.000 	  0.034
17 	 27 	  0.282 	  0.000 	  0.044
17 	 28 	  0.336 	  0.000 	  0.053
17 	 29 	  0.376 	  0.000 	  0.059
17 	 30 	  0.401 	  0.000 	  0.063

18 	 0 	  0.375 	 -0.000 	  0.104
18 	 1 	  0.367 	 -0.000 	  0.102
18 	 2 	  0.345 	 -0.000 	  0.096
18 	 3 	  0.308 	 -0.000 	  0.085
18 	 4 	  0.258 	 -0.000 	  0.072
18 	 5 	  0.198 	 -0.000 	  0.055
18 	 6 	  0.130 	 -0.000 	  0.036
18 	 7 	  0.057 	 -0.000 	  0.016
18 	 8 	 -0.019 	 -0.000 	 -0.005
18 	 9 	 -0.094 	 -0.000 	 -0.026
18 	 10 	 -0.165 	 -0.000 	 -0.046
18 	 11 	 -0.229 	 -0.000 	 -0.064
18 	 12 	 -0.284 	 -0.000 	 -0.079
18 	 13 	 -0.328 	 -0.000 	 -0.091
18 	 14 	 -0.358 	 -0.000 	 -0.099
18 	 15 	 -0.373 	 -0.000 	 -0.104
18 	 16 	 -0.373 	  0.000 	 -0.104
18 	 17 	 -0.358 	  0.000 	 -0.099
18 	 18 	 -0.328 	  0.000 	 -0.091
18 	 19 	 -0.284 	  0.000 	 -0.079
18 	 20 	 -0.229 	  0.000 	 -0.064
18 	 21 	 -0.165 	  0.000 	 -0.046
18 	 22 	 -0.094 	  0.000 	 -0.026
18 	 23 	 -0.019 	  0.000 	 -0.005
18 	 24 	  0.057 	  0.000 	  0.016
18 	 25 	  0.130 	  0.000 	  0.036
18 	 26 	  0.198 	  0.000 	  0.055
18 	 27 	  0.258 	  0.000 	  0.072
18 	 28 	  0.308 	  0.000 	  0.085
18 	 29 	  0.345 	  0.000 	  0.096
18 	 30 	  0.367 	  0.000 	  0.102

19 	 0 	  0.325 	 -0.000 	  0.140
19 	 1 	  0.319 	 -0.000 	  0.137
19 	 2 	  0.299 	 -0.000 	  0.128
19 	 3 	  0.267 	 -0.000 	  0.115
19 	 4 	  0.224 	 -0.000 	  0.096
19 	 5 	  0.172 	 -0.000 	  0.074
19 	 6 	  0.113 	 -0.000 	  0.048
19 	 7 	  0.049 	 -0.000 	  0.021
19 	 8 	 -0.016 	 -0.000 	 -0.007
19 	 9 	 -0.082 	 -0.000 	 -0.035
19 	 10 	 -0.143 	 -0.000 	 -0.061
19 	 11 	 -0.199 	 -0.000 	 -0.085
19 	 12 	 -0.247 	 -0.000 	 -0.106
19 	 13 	 -0.284 	 -0.000 	 -0.122
19 	 14 	 -0.310 	 -0.000 	 -0.133
19 	 15 	 -0.324 	 -0.000 	 -0.139
19 	 16 	 -0.324 	  0.000 	 -0.139
19 	 17 	 -0.310 	  0.000 	 -0.133
19 	 18 	 -0.284 	  0.000 	 -0.122
19 	 19 	 -0.247 	  0.000 	 -0.106
19 	 20 	 -0.199 	  0.000 	 -0.085
19 	 21 	 -0.143 	  0.000 	 -0.061
19 	 22 	 -0.082 	  0.000 	 -0.035
19 	 23 	 -0.016 	  0.000 	 -0.007
19 	 24 	  0.049 	  0.000 	  0.021
19 	 25 	  0.113 	  0.000 	  0.048
19 	 26 	  0.172 	  0.000 	  0.074
19 	 27 	  0.224 	  0.000 	  0.096
19 	 28 	  0.267 	  0.000 	  0.115
19 	 29 	  0.299 	  0.000 	  0.128
19 	 30 	  0.319 	  0.000 	  0.137

20 	 0 	  0.262 	 -0.000 	  0.170
20 	 1 	  0.257 	 -0.000 	  0.166
20 	 2 	  0.241 	 -0.000 	  0.156
20 	 3 	  0.215 	 -0.000 	  0.139
20 	 4 	  0.181 	 -0.000 	  0.117
20 	 5 	  0.139 	 -0.000 	  0.090
20 	 6 	  0.091 	 -0.000 	  0.059
20 	 7 	  0.040 	 -0.000 	  0.026
20 	 8 	 -0.013 	 -0.000 	 -0.009
20 	 9 	 -0.066 	 -0.000 	 -0.042
20 	 10 	 -0.116 	 -0.000 	 -0.075
20 	 11 	 -0.161 	 -0.000 	 -0.104
20 	 12 	 -0.199 	 -0.000 	 -0.129
20 	 13 	 -0.229 	 -0.000 	 -0.148
20 	 14 	 -0.250 	 -0.000 	 -0.162
20 	 15 	 -0.261 	 -0.000 	 -0.169
20 	 16 	 -0.261 	  0.000 	 -0.169
20 	 17 	 -0.250 	  0.000 	 -0.162
20 	 18 	 -0.229 	  0.000 	 -0.148
20 	 19 	 -0.199 	  0.000 	 -0.129
20 	 20 	 -0.161 	  0.000 	 -0.104
20 	 21 	 -0.116 	  0.000 	 -0.075
20 	 22 	 -0.066 	  0.000 	 -0.042
20 	 23 	 -0.013 	  0.000 	 -0.009
20 	 24 	  0.040 	  0.000 	  0.026
20 	 25 	  0.091 	  0.000 	  0.059
20 	 26 	  0.139 	  0.000 	  0.090
20 	 27 	  0.181 	  0.000 	  0.117
20 	 28 	  0.215 	  0.000 	  0.139
20 	 29 	  0.241 	  0.000 	  0.156
20 	 30 	  0.257 	  0.000 	  0.166

21 	 0 	  0.189 	 -0.000 	  0.192
21 	 1 	  0.185 	 -0.000 	  0.189
21 	 2 	  0.174 	 -0.000 	  0.177
21 	 3 	  0.155 	 -0.000 	  0.158
21 	 4 	  0.130 	 -0.000 	  0.133
21 	 5 	  0.100 	 -0.000 	  0.102
21 	 6 	  0.066 	 -0.000 	  0.067
21 	 7 	  0.029 	 -0.000 	  0.029
21 	 8 	 -0.010 	 -0.000 	 -0.010
21 	 9 	 -0.047 	 -0.000 	 -0.048
21 	 10 	 -0.083 	 -0.000 	 -0.085
21 	 11 	 -0.116 	 -0.000 	 -0.118
21 	 12 	 -0.143 	 -0.000 	 -0.146
21 	 13 	 -0.165 	 -0.000 	 -0.168
21 	 14 	 -0.180 	 -0.000 	 -0.184
21 	 15 	 -0.188 	 -0.000 	 -0.191
21 	 16 	 -0.188 	  0.000 	 -0.191
21 	 17 	 -0.180 	  0.000 	 -0.184
21 	 18 	 -0.165 	  0.000 	 -0.168
21 	 19 	 -0.143 	  0.000 	 -0.146
21 	 20 	 -0.116 	  0.000 	 -0.118
21 	 21 	 -0.083 	  0.000 	 -0.085
21 	 22 	 -0.047 	  0.000 	 -0.048
21 	 23 	 -0.010 	  0.000 	 -0.010
21 	 24 	  0.029 	  0.000 	  0.029
21 	 25 	  0.066 	  0.000 	  0.067
21 	 26 	  0.100 	  0.000 	  0.102
21 	 27 	  0.130 	  0.000 	  0.133
21 	 28 	  0.155 	  0.000 	  0.158
21 	 29 	  0.174 	  0.000 	  0.177
21 	 30 	  0.185 	  0.000 	  0.189

22 	 0 	  0.107 	 -0.000 	  0.208
22 	 1 	  0.105 	 -0.000 	  0.203
22 	 2 	  0.099 	 -0.000 	  0.191
22 	 3 	  0.088 	 -0.000 	  0.170
22 	 4 	  0.074 	 -0.000 	  0.143
22 	 5 	  0.057 	 -0.000 	  0.110
22 	 6 	  0.037 	 -0.000 	  0.072
22 	 7 	  0.016 	 -0.000 	  0.031
22 	 8 	 -0.005 	 -0.000 	 -0.011
22 	 9 	 -0.027 	 -0.000 	 -0.052
22 	 10 	 -0.047 	 -0.000 	 -0.091
22 	 11 	 -0.066 	 -0.000 	 -0.127
22 	 12 	 -0.082 	 -0.000 	 -0.157
22 	 13 	 -0.094 	 -0.000 	 -0.181
22 	 14 	 -0.103 	 -0.000 	 -0.198
22 	 15 	 -0.107 	 -0.000 	 -0.206
22 	 16 	 -0.107 	  0.000 	 -0.206
22 	 17 	 -0.103 	  0.000 	 -0.198
22 	 18 	 -0.094 	  0.000 	 -0.181
22 	 19 	 -0.082 	  0.000 	 -0.157
22 	 20 	 -0.066 	  0.000 	 -0.127
22 	 21 	 -0.047 	  0.000 	 -0.091
22 	 22 	 -0.027 	  0.000 	 -0.052
22 	 23 	 -0.005 	  0.000 	 -0.011
22 	 24 	  0.016 	  0.000 	  0.031
22 	 25 	  0.037 	  0.000 	  0.072
22 	 26 	  0.057 	  0.000 	  0.110
22 	 27 	  0.074 	  0.000 	  0.143
22 	 28 	  0.088 	  0.000 	  0.170
22 	 29 	  0.099 	  0.000 	  0.191
22 	 30 	  0.105 	  0.000 	  0.203

23 	 0 	  0.022 	 -0.000 	  0.214
23 	 1 	  0.021 	 -0.000 	  0.210
23 	 2 	  0.020 	 -0.000 	  0.197
23 	 3 	  0.018 	 -0.000 	  0.176
23 	 4 	  0.015 	 -0.000 	  0.148
23 	 5 	  0.011 	 -0.000 	  0.113
23 	 6 	  0.008 	 -0.000 	  0.074
23 	 7 	  0.003 	 -0.000 	  0.032
23 	 8 	 -0.001 	 -0.000 	 -0.011
23 	 9 	 -0.005 	 -0.000 	 -0.054
23 	 10 	 -0.010 	 -0.000 	 -0.094
23 	 11 	 -0.013 	 -0.000 	 -0.131
23 	 12 	 -0.016 	 -0.000 	 -0.162
23 	 13 	 -0.019 	 -0.000 	 -0.187
23 	 14 	 -0.021 	 -0.000 	 -0.204
23 	 15 	 -0.022 	 -0.000 	 -0.213
23 	 16 	 -0.022 	  0.000 	 -0.213
23 	 17 	 -0.021 	  0.000 	 -0.204
23 	 18 	 -0.019 	  0.000 	 -0.187
23 	 19 	 -0.016 	  0.000 	 -0.162
23 	 20 	 -0.013 	  0.000 	 -0.131
23 	 21 	 -0.010 	  0.000 	 -0.094
23 	 22 	 -0.005 	  0.000 	 -0.054
23 	 23 	 -0.001 	  0.000 	 -0.011
23 	 24 	  0.003 	  0.000 	  0.032
23 	 25 	  0.008 	  0.000 	  0.074
23 	 26 	  0.011 	  0.000 	  0.113
23 	 27 	  0.015 	  0.000 	  0.148
23 	 28 	  0.018 	  0.000 	  0.176
23 	 29 	  0.020 	  0.000 	  0.197
23 	 30 	  0.021 	  0.000 	  0.210

24 	 0 	 -0.065 	  0.000 	  0.212
24 	 1 	 -0.064 	  0.000 	  0.208
24 	 2 	 -0.060 	  0.000 	  0.195
24 	 3 	 -0.053 	  0.000 	  0.174
24 	 4 	 -0.045 	  0.000 	  0.146
24 	 5 	 -0.034 	  0.000 	  0.112
24 	 6 	 -0.023 	  0.000 	  0.074
24 	 7 	 -0.010 	  0.000 	  0.032
24 	 8 	  0.003 	  0.000 	 -0.011
24 	 9 	  0.016 	  0.000 	 -0.053
24 	 10 	  0.029 	  0.000 	 -0.093
24 	 11 	  0.040 	  0.000 	 -0.130
24 	 12 	  0.049 	  0.000 	 -0.161
24 	 13 	  0.057 	  0.000 	 -0.185
24 	 14 	  0.062 	  0.000 	 -0.202
24 	 15 	  0.065 	  0.000 	 -0.211
24 	 16 	  0.065 	 -0.000 	 -0.211
24 	 17 	  0.062 	 -0.000 	 -0.202
24 	 18 	  0.057 	 -0.000 	 -0.185
24 	 19 	  0.049 	 -0.000 	 -0.161
24 	 20 	  0.040 	 -0.000 	 -0.130
24 	 21 	  0.029 	 -0.000 	 -0.093
24 	 22 	  0.016 	 -0.000 	 -0.053
24 	 23 	  0.003 	 -0.000 	 -0.011
24 	 24 	 -0.010 	 -0.000 	  0.032
24 	 25 	 -0.023 	 -0.000 	  0.074
24 	 26 	 -0.034 	 -0.000 	  0.112
24 	 27 	 -0.045 	 -0.000 	  0.146
24 	 28 	 -0.053 	 -0.000 	  0.174
24 	 29 	 -0.060 	 -0.000 	  0.195
24 	 30 	 -0.064 	 -0.000 	  0.208

25 	 0 	 -0.149 	  0.000 	  0.201
25 	 1 	 -0.146 	  0.000 	  0.197
25 	 2 	 -0.137 	  0.000 	  0.185
25 	 3 	 -0.122 	  0.000 	  0.165
25 	 4 	 -0.103 	  0.000 	  0.139
25 	 5 	 -0.079 	  0.000 	  0.106
25 	 6 	 -0.052 	  0.000 	  0.070
25 	 7 	 -0.023 	  0.000 	  0.030
25 	 8 	  0.008 	  0.000 	 -0.010
25 	 9 	  0.037 	  0.000 	 -0.050
25 	 10 	  0.066 	  0.000 	 -0.089
25 	 11 	  0.091 	  0.000 	 -0.123
25 	 12 	  0.113 	  0.000 	 -0.153
25 	 13 	  0.130 	  0.000 	 -0.176
25 	 14 	  0.142 	  0.000 	 -0.192
25 	 15 	  0.148 	  0.000 	 -0.200
25 	 16 	  0.148 	 -0.000 	 -0.200
25 	 17 	  0.142 	 -0.000 	 -0.192
25 	 18 	  0.130 	 -0.000 	 -0.176
25 	 19 	  0.113 	 -0.000 	 -0.153
25 	 20 	  0.091 	 -0.000 	 -0.123
25 	 21 	  0.066 	 -0.000 	 -0.089
25 	 22 	  0.037 	 -0.000 	 -0.050
25 	 23 	  0.008 	 -0.000 	 -0.010
25 	 24 	 -0.023 	 -0.000 	  0.030
25 	 25 	 -0.052 	 -0.000 	  0.070
25 	 26 	 -0.079 	 -0.000 	  0.106
25 	 27 	 -0.103 	 -0.000 	  0.139
25 	 28 	 -0.122 	 -0.000 	  0.165
25 	 29 	 -0.137 	 -0.000 	  0.185
25 	 30 	 -0.146 	 -0.000 	  0.197

26 	 0 	 -0.227 	  0.000 	  0.182
26 	 1 	 -0.222 	  0.000 	  0.178
26 	 2 	 -0.208 	  0.000 	  0.167
26 	 3 	 -0.186 	  0.000 	  0.149
26 	 4 	 -0.156 	  0.000 	  0.125
26 	 5 	 -0.120 	  0.000 	  0.096
26 	 6 	 -0.079 	  0.000 	  0.063
26 	 7 	 -0.034 	  0.000 	  0.028
26 	 8 	  0.011 	  0.000 	 -0.009
26 	 9 	  0.057 	  0.000 	 -0.046
26 	 10 	  0.100 	  0.000 	 -0.080
26 	 11 	  0.139 	  0.000 	 -0.111
26 	 12 	  0.172 	  0.000 	 -0.138
26 	 13 	  0.198 	  0.000 	 -0.159
26 	 14 	  0.216 	  0.000 	 -0.174
26 	 15 	  0.226 	  0.000 	 -0.181
26 	 16 	  0.226 	 -0.000 	 -0.181
26 	 17 	  0.216 	 -0.000 	 -0.174
26 	 18 	  0.198 	 -0.000 	 -0.159
26 	 19 	  0.172 	 -0.000 	 -0.138
26 	 20 	  0.139 	 -0.000 	 -0.111
26 	 21 	  0.100 	 -0.000 	 -0.080
26 	 22 	  0.057 	 -0.000 	 -0.046
26 	 23 	  0.011 	 -0.000 	 -0.009
26 	 24 	 -0.034 	 -0.000 	  0.028
26 	 25 	 -0.079 	 -0.000 	  0.063
26 	 26 	 -0.120 	 -0.000 	  0.096
26 	 27 	 -0.156 	 -0.000 	  0.125
26 	 28 	 -0.186 	 -0.000 	  0.149
26 	 29 	 -0.208 	 -0.000 	  0.167
26 	 30 	 -0.222 	 -0.000 	  0.178

27 	 0 	 -0.295 	  0.000 	  0.155
27 	 1 	 -0.289 	  0.000 	  0.152
27 	 2 	 -0.271 	  0.000 	  0.143
27 	 3 	 -0.242 	  0.000 	  0.128
27 	 4 	 -0.204 	  0.000 	  0.107
27 	 5 	 -0.156 	  0.000 	  0.082
27 	 6 	 -0.103 	  0.000 	  0.054
27 	 7 	 -0.045 	  0.000 	  0.024
27 	 8 	  0.015 	  0.000 	 -0.008
27 	 9 	  0.074 	  0.000 	 -0.039
27 	 10 	  0.130 	  0.000 	 -0.068
27 	 11 	  0.181 	  0.000 	 -0.095
27 	 12 	  0.224 	  0.000 	 -0.118
27 	 13 	  0.258 	  0.000 	 -0.136
27 	 14 	  0.282 	  0.000 	 -0.148
27 	 15 	  0.294 	  0.000 	 -0.155
27 	 16 	  0.294 	 -0.000 	 -0.155
27 	 17 	  0.282 	 -0.000 	 -0.148
27 	 18 	  0.258 	 -0.000 	 -0.136
27 	 19 	  0.224 	 -0.000 	 -0.118
27 	 20 	  0.181 	 -0.000 	 -0.095
27 	 21 	  0.130 	 -0.000 	 -0.068
27 	 22 	  0.074 	 -0.000 	 -0.039
27 	 23 	  0.015 	 -0.000 	 -0.008
27 	 24 	 -0.045 	 -0.000 	  0.024
27 	 25 	 -0.103 	 -0.000 	  0.054
27 	 26 	 -0.156 	 -0.000 	  0.082
27 	 27 	 -0.204 	 -0.000 	  0.107
27 	 28 	 -0.242 	 -0.000 	  0.128
27 	 29 	 -0.271 	 -0.000 	  0.143
27 	 30 	 -0.289 	 -0.000 	  0.152

28 	 0 	 -0.352 	  0.000 	  0.122
28 	 1 	 -0.345 	  0.000 	  0.120
28 	 2 	 -0.323 	  0.000 	  0.113
28 	 3 	 -0.289 	  0.000 	  0.101
28 	 4 	 -0.242 	  0.000 	  0.084
28 	 5 	 -0.186 	  0.000 	  0.065
28 	 6 	 -0.122 	  0.000 	  0.043
28 	 7 	 -0.053 	  0.000 	  0.019
28 	 8 	  0.018 	  0.000 	 -0.006
28 	 9 	  0.088 	  0.000 	 -0.031
28 	 10 	  0.155 	  0.000 	 -0.054
28 	 11 	  0.215 	  0.000 	 -0.075
28 	 12 	  0.267 	  0.000 	 -0.093
28 	 13 	  0.308 	  0.000 	 -0.107
28 	 14 	  0.336 	  0.000 	 -0.117
28 	 15 	  0.350 	  0.000 	 -0.122
28 	 16 	  0.350 	 -0.000 	 -0.122
28 	 17 	  0.336 	 -0.000 	 -0.117
28 	 18 	  0.308 	 -0.000 	 -0.107
28 	 19 	  0.267 	 -0.000 	 -0.093
28 	 20 	  0.215 	 -0.000 	 -0.075
28 	 21 	  0.155 	 -0.000 	 -0.054
28 	 22 	  0.088 	 -0.000 	 -0.031
28 	 23 	  0.018 	 -0.000 	 -0.006
28 	 24 	 -0.053 	 -0.000 	  0.019
28 	 25 	 -0.122 	 -0.000 	  0.043
28 	 26 	 -0.186 	 -0.000 	  0.065
28 	 27 	 -0.242 	 -0.000 	  0.084
28 	 28 	 -0.289 	 -0.000 	  0.101
28 	 29 	 -0.323 	 -0.000 	  0.113
28 	 30 	 -0.345 	 -0.000 	  0.120

29 	 0 	 -0.394 	  0.000 	  0.085
29 	 1 	 -0.386 	  0.000 	  0.083
29 	 2 	 -0.362 	  0.000 	  0.078
29 	 3 	 -0.323 	  0.000 	  0.069
29 	 4 	 -0.271 	  0.000 	  0.058
29 	 5 	 -0.208 	  0.000 	  0.045
29 	 6 	 -0.137 	  0.000 	  0.029
29 	 7 	 -0.060 	  0.000 	  0.013
29 	 8 	  0.020 	  0.000 	 -0.004
29 	 9 	  0.099 	  0.000 	 -0.021
29 	 10 	  0.174 	  0.000 	 -0.037
29 	 11 	  0.241 	  0.000 	 -0.052
29 	 12 	  0.299 	  0.000 	 -0.064
29 	 13 	  0.345 	  0.000 	 -0.074
29 	 14 	  0.376 	  0.000 	 -0.081
29 	 15 	  0.392 	  0.000 	 -0.084
29 	 16 	  0.392 	 -0.000 	 -0.084
29 	 17 	  0.376 	 -0.000 	 -0.081
29 	 18 	  0.345 	 -0.000 	 -0.074
29 	 19 	  0.299 	 -0.000 	 -0.064
29 	 20 	  0.241 	 -0.000 	 -0.052
29 	 21 	  0.174 	 -0.000 	 -0.037
29 	 22 	  0.099 	 -0.000 	 -0.021
29 	 23 	  0.020 	 -0.000 	 -0.004
29 	 24 	 -0.060 	 -0.000 	  0.013
29 	 25 	 -0.137 	 -0.000 	  0.029
29 	 26 	 -0.208 	 -0.000 	  0.045
29 	 27 	 -0.271 	 -0.000 	  0.058
29 	 28 	 -0.323 	 -0.000 	  0.069
29 	 29 	 -0.362 	 -0.000 	  0.078
29 	 30 	 -0.386 	 -0.000 	  0.083

30 	 0 	 -0.420 	  0.000 	  0.043
30 	 1 	 -0.411 	  0.000 	  0.042
30 	 2 	 -0.386 	  0.000 	  0.040
30 	 3 	 -0.345 	  0.000 	  0.035
30 	 4 	 -0.289 	  0.000 	  0.030
30 	 5 	 -0.222 	  0.000 	  0.023
30 	 6 	 -0.146 	  0.000 	  0.015
30 	 7 	 -0.064 	  0.000 	  0.007
30 	 8 	  0.021 	  0.000 	 -0.002
30 	 9 	  0.105 	  0.000 	 -0.011
30 	 10 	  0.185 	  0.000 	 -0.019
30 	 11 	  0.257 	  0.000 	 -0.026
30 	 12 	  0.319 	  0.000 	 -0.033
30 	 13 	  0.367 	  0.000 	 -0.038
30 	 14 	  0.401 	  0.000 	 -0.041
30 	 15 	  0.418 	  0.000 	 -0.043
30 	 16 	  0.418 	 -0.000 	 -0.043
30 	 17 	  0.401 	 -0.000 	 -0.041
30 	 18 	  0.367 	 -0.000 	 -0.038
30 	 19 	  0.319 	 -0.000 	 -0.033
30 	 20 	  0.257 	 -0.000 	 -0.026
30 	 21 	  0.185 	 -0.000 	 -0.019
30 	 22 	  0.105 	 -0.000 	 -0.011
30 	 23 	  0.021 	 -0.000 	 -0.002
30 	 24 	 -0.064 	 -0.000 	  0.007
30 	 25 	 -0.146 	 -0.000 	  0.015
30 	 26 	 -0.222 	 -0.000 	  0.023
30 	 27 	 -0.289 	 -0.000 	  0.030
30 	 28 	 -0.345 	 -0.000 	  0.035
30 	 29 	 -0.386 	 -0.000 	  0.040
30 	 30 	 -0.411 	 -0.000 	  0.042

