0 	 0 	 -0.311 	  0.000 	 -0.000
0 	 1 	 -0.305 	  0.000 	 -0.000
0 	 2 	 -0.286 	  0.000 	 -0.000
0 	 3 	 -0.256 	  0.000 	 -0.000
0 	 4 	 -0.215 	  0.000 	 -0.000
0 	 5 	 -0.165 	  0.000 	 -0.000
0 	 6 	 -0.108 	  0.000 	 -0.000
0 	 7 	 -0.047 	  0.000 	 -0.000
0 	 8 	  0.016 	  0.000 	  0.000
0 	 9 	  0.078 	  0.000 	  0.000
0 	 10 	  0.137 	  0.000 	  0.000
0 	 11 	  0.191 	  0.000 	  0.000
0 	 12 	  0.236 	  0.000 	  0.000
0 	 13 	  0.272 	  0.000 	  0.000
0 	 14 	  0.297 	  0.000 	  0.000
0 	 15 	  0.310 	  0.000 	  0.000
0 	 16 	  0.310 	 -0.000 	  0.000
0 	 17 	  0.297 	 -0.000 	  0.000
0 	 18 	  0.272 	 -0.000 	  0.000
0 	 19 	  0.236 	 -0.000 	  0.000
0 	 20 	  0.191 	 -0.000 	  0.000
0 	 21 	  0.137 	 -0.000 	  0.000
0 	 22 	  0.078 	 -0.000 	  0.000
0 	 23 	  0.016 	 -0.000 	  0.000
0 	 24 	 -0.047 	 -0.000 	 -0.000
0 	 25 	 -0.108 	 -0.000 	 -0.000
0 	 26 	 -0.165 	 -0.000 	 -0.000
0 	 27 	 -0.215 	 -0.000 	 -0.000
0 	 28 	 -0.256 	 -0.000 	 -0.000
0 	 29 	 -0.286 	 -0.000 	 -0.000
0 	 30 	 -0.305 	 -0.000 	 -0.000

1 	 0 	 -0.305 	  0.000 	 -0.031
1 	 1 	 -0.299 	  0.000 	 -0.031
1 	 2 	 -0.280 	  0.000 	 -0.029
1 	 3 	 -0.250 	  0.000 	 -0.026
1 	 4 	 -0.210 	  0.000 	 -0.022
1 	 5 	 -0.161 	  0.000 	 -0.017
1 	 6 	 -0.106 	  0.000 	 -0.011
1 	 7 	 -0.046 	  0.000 	 -0.005
1 	 8 	  0.015 	  0.000 	  0.002
1 	 9 	  0.076 	  0.000 	  0.008
1 	 10 	  0.134 	  0.000 	  0.014
1 	 11 	  0.187 	  0.000 	  0.019
1 	 12 	  0.231 	  0.000 	  0.024
1 	 13 	  0.267 	  0.000 	  0.027
1 	 14 	  0.291 	  0.000 	  0.030
1 	 15 	  0.303 	  0.000 	  0.031
1 	 16 	  0.303 	 -0.000 	  0.031
1 	 17 	  0.291 	 -0.000 	  0.030
1 	 18 	  0.267 	 -0.000 	  0.027
1 	 19 	  0.231 	 -0.000 	  0.024
1 	 20 	  0.187 	 -0.000 	  0.019
1 	 21 	  0.134 	 -0.000 	  0.014
1 	 22 	  0.076 	 -0.000 	  0.008
1 	 23 	  0.015 	 -0.000 	  0.002
1 	 24 	 -0.046 	 -0.000 	 -0.005
1 	 25 	 -0.106 	 -0.000 	 -0.011
1 	 26 	 -0.161 	 -0.000 	 -0.017
1 	 27 	 -0.210 	 -0.000 	 -0.022
1 	 28 	 -0.250 	 -0.000 	 -0.026
1 	 29 	 -0.280 	 -0.000 	 -0.029
1 	 30 	 -0.299 	 -0.000 	 -0.031

2 	 0 	 -0.286 	  0.000 	 -0.061
2 	 1 	 -0.280 	  0.000 	 -0.060
2 	 2 	 -0.263 	  0.000 	 -0.056
2 	 3 	 -0.235 	  0.000 	 -0.050
2 	 4 	 -0.197 	  0.000 	 -0.042
2 	 5 	 -0.151 	  0.000 	 -0.032
2 	 6 	 -0.099 	  0.000 	 -0.021
2 	 7 	 -0.043 	  0.000 	 -0.009
2 	 8 	  0.014 	  0.000 	  0.003
2 	 9 	  0.072 	  0.000 	  0.015
2 	 10 	  0.126 	  0.000 	  0.027
2 	 11 	  0.175 	  0.000 	  0.038
2 	 12 	  0.217 	  0.000 	  0.047
2 	 13 	  0.250 	  0.000 	  0.054
2 	 14 	  0.273 	  0.000 	  0.059
2 	 15 	  0.285 	  0.000 	  0.061
2 	 16 	  0.285 	 -0.000 	  0.061
2 	 17 	  0.273 	 -0.000 	  0.059
2 	 18 	  0.250 	 -0.000 	  0.054
2 	 19 	  0.217 	 -0.000 	  0.047
2 	 20 	  0.175 	 -0.000 	  0.038
2 	 21 	  0.126 	 -0.000 	  0.027
2 	 22 	  0.072 	 -0.000 	  0.015
2 	 23 	  0.014 	 -0.000 	  0.003
2 	 24 	 -0.043 	 -0.000 	 -0.009
2 	 25 	 -0.099 	 -0.000 	 -0.021
2 	 26 	 -0.151 	 -0.000 	 -0.032
2 	 27 	 -0.197 	 -0.000 	 -0.042
2 	 28 	 -0.235 	 -0.000 	 -0.050
2 	 29 	 -0.263 	 -0.000 	 -0.056
2 	 30 	 -0.280 	 -0.000 	 -0.060

3 	 0 	 -0.256 	  0.000 	 -0.089
3 	 1 	 -0.250 	  0.000 	 -0.087
3 	 2 	 -0.235 	  0.000 	 -0.082
3 	 3 	 -0.210 	  0.000 	 -0.073
3 	 4 	 -0.176 	  0.000 	 -0.061
3 	 5 	 -0.135 	  0.000 	 -0.047
3 	 6 	 -0.089 	  0.000 	 -0.031
3 	 7 	 -0.039 	  0.000 	 -0.013
3 	 8 	  0.013 	  0.000 	  0.005
3 	 9 	  0.064 	  0.000 	  0.022
3 	 10 	  0.113 	  0.000 	  0.039
3 	 11 	  0.156 	  0.000 	  0.054
3 	 12 	  0.194 	  0.000 	  0.067
3 	 13 	  0.223 	  0.000 	  0.078
3 	 14 	  0.244 	  0.000 	  0.085
3 	 15 	  0.254 	  0.000 	  0.088
3 	 16 	  0.254 	 -0.000 	  0.088
3 	 17 	  0.244 	 -0.000 	  0.085
3 	 18 	  0.223 	 -0.000 	  0.078
3 	 19 	  0.194 	 -0.000 	  0.067
3 	 20 	  0.156 	 -0.000 	  0.054
3 	 21 	  0.113 	 -0.000 	  0.039
3 	 22 	  0.064 	 -0.000 	  0.022
3 	 23 	  0.013 	 -0.000 	  0.005
3 	 24 	 -0.039 	 -0.000 	 -0.013
3 	 25 	 -0.089 	 -0.000 	 -0.031
3 	 26 	 -0.135 	 -0.000 	 -0.047
3 	 27 	 -0.176 	 -0.000 	 -0.061
3 	 28 	 -0.210 	 -0.000 	 -0.073
3 	 29 	 -0.235 	 -0.000 	 -0.082
3 	 30 	 -0.250 	 -0.000 	 -0.087

4 	 0 	 -0.215 	  0.000 	 -0.113
4 	 1 	 -0.210 	  0.000 	 -0.111
4 	 2 	 -0.197 	  0.000 	 -0.104
4 	 3 	 -0.176 	  0.000 	 -0.093
4 	 4 	 -0.148 	  0.000 	 -0.078
4 	 5 	 -0.113 	  0.000 	 -0.060
4 	 6 	 -0.074 	  0.000 	 -0.039
4 	 7 	 -0.032 	  0.000 	 -0.017
4 	 8 	  0.011 	  0.000 	  0.006
4 	 9 	  0.054 	  0.000 	  0.028
4 	 10 	  0.094 	  0.000 	  0.050
4 	 11 	  0.131 	  0.000 	  0.069
4 	 12 	  0.163 	  0.000 	  0.086
4 	 13 	  0.188 	  0.000 	  0.099
4 	 14 	  0.205 	  0.000 	  0.108
4 	 15 	  0.213 	  0.000 	  0.112
4 	 16 	  0.213 	 -0.000 	  0.112
4 	 17 	  0.205 	 -0.000 	  0.108
4 	 18 	  0.188 	 -0.000 	  0.099
4 	 19 	  0.163 	 -0.000 	  0.086
4 	 20 	  0.131 	 -0.000 	  0.069
4 	 21 	  0.094 	 -0.000 	  0.050
4 	 22 	  0.054 	 -0.000 	  0.028
4 	 23 	  0.011 	 -0.000 	  0.006
4 	 24 	 -0.032 	 -0.000 	 -0.017
4 	 25 	 -0.074 	 -0.000 	 -0.039
4 	 26 	 -0.113 	 -0.000 	 -0.060
4 	 27 	 -0.148 	 -0.000 	 -0.078
4 	 28 	 -0.176 	 -0.000 	 -0.093
4 	 29 	 -0.197 	 -0.000 	 -0.104
4 	 30 	 -0.210 	 -0.000 	 -0.111

5 	 0 	 -0.165 	  0.000 	 -0.132
5 	 1 	 -0.161 	  0.000 	 -0.129
5 	 2 	 -0.151 	  0.000 	 -0.121
5 	 3 	 -0.135 	  0.000 	 -0.108
5 	 4 	 -0.113 	  0.000 	 -0.091
5 	 5 	 -0.087 	  0.000 	 -0.070
5 	 6 	 -0.057 	  0.000 	 -0.046
5 	 7 	 -0.025 	  0.000 	 -0.020
5 	 8 	  0.008 	  0.000 	  0.007
5 	 9 	  0.041 	  0.000 	  0.033
5 	 10 	  0.073 	  0.000 	  0.058
5 	 11 	  0.101 	  0.000 	  0.081
5 	 12 	  0.125 	  0.000 	  0.100
5 	 13 	  0.144 	  0.000 	  0.116
5 	 14 	  0.157 	  0.000 	  0.126
5 	 15 	  0.164 	  0.000 	  0.131
5 	 16 	  0.164 	 -0.000 	  0.131
5 	 17 	  0.157 	 -0.000 	  0.126
5 	 18 	  0.144 	 -0.000 	  0.116
5 	 19 	  0.125 	 -0.000 	  0.100
5 	 20 	  0.101 	 -0.000 	  0.081
5 	 21 	  0.073 	 -0.000 	  0.058
5 	 22 	  0.041 	 -0.000 	  0.033
5 	 23 	  0.008 	 -0.000 	  0.007
5 	 24 	 -0.025 	 -0.000 	 -0.020
5 	 25 	 -0.057 	 -0.000 	 -0.046
5 	 26 	 -0.087 	 -0.000 	 -0.070
5 	 27 	 -0.113 	 -0.000 	 -0.091
5 	 28 	 -0.135 	 -0.000 	 -0.108
5 	 29 	 -0.151 	 -0.000 	 -0.121
5 	 30 	 -0.161 	 -0.000 	 -0.129

6 	 0 	 -0.108 	  0.000 	 -0.146
6 	 1 	 -0.106 	  0.000 	 -0.143
6 	 2 	 -0.099 	  0.000 	 -0.134
6 	 3 	 -0.089 	  0.000 	 -0.120
6 	 4 	 -0.074 	  0.000 	 -0.101
6 	 5 	 -0.057 	  0.000 	 -0.077
6 	 6 	 -0.038 	  0.000 	 -0.051
6 	 7 	 -0.016 	  0.000 	 -0.022
6 	 8 	  0.005 	  0.000 	  0.007
6 	 9 	  0.027 	  0.000 	  0.037
6 	 10 	  0.048 	  0.000 	  0.064
6 	 11 	  0.066 	  0.000 	  0.089
6 	 12 	  0.082 	  0.000 	  0.111
6 	 13 	  0.095 	  0.000 	  0.128
6 	 14 	  0.103 	  0.000 	  0.139
6 	 15 	  0.108 	  0.000 	  0.145
6 	 16 	  0.108 	 -0.000 	  0.145
6 	 17 	  0.103 	 -0.000 	  0.139
6 	 18 	  0.095 	 -0.000 	  0.128
6 	 19 	  0.082 	 -0.000 	  0.111
6 	 20 	  0.066 	 -0.000 	  0.089
6 	 21 	  0.048 	 -0.000 	  0.064
6 	 22 	  0.027 	 -0.000 	  0.037
6 	 23 	  0.005 	 -0.000 	  0.007
6 	 24 	 -0.016 	 -0.000 	 -0.022
6 	 25 	 -0.038 	 -0.000 	 -0.051
6 	 26 	 -0.057 	 -0.000 	 -0.077
6 	 27 	 -0.074 	 -0.000 	 -0.101
6 	 28 	 -0.089 	 -0.000 	 -0.120
6 	 29 	 -0.099 	 -0.000 	 -0.134
6 	 30 	 -0.106 	 -0.000 	 -0.143

7 	 0 	 -0.047 	  0.000 	 -0.154
7 	 1 	 -0.046 	  0.000 	 -0.151
7 	 2 	 -0.043 	  0.000 	 -0.141
7 	 3 	 -0.039 	  0.000 	 -0.126
7 	 4 	 -0.032 	  0.000 	 -0.106
7 	 5 	 -0.025 	  0.000 	 -0.081
7 	 6 	 -0.016 	  0.000 	 -0.053
7 	 7 	 -0.007 	  0.000 	 -0.023
7 	 8 	  0.002 	  0.000 	  0.008
7 	 9 	  0.012 	  0.000 	  0.039
7 	 10 	  0.021 	  0.000 	  0.068
7 	 11 	  0.029 	  0.000 	  0.094
7 	 12 	  0.036 	  0.000 	  0.117
7 	 13 	  0.041 	  0.000 	  0.135
7 	 14 	  0.045 	  0.000 	  0.147
7 	 15 	  0.047 	  0.000 	  0.153
7 	 16 	  0.047 	 -0.000 	  0.153
7 	 17 	  0.045 	 -0.000 	  0.147
7 	 18 	  0.041 	 -0.000 	  0.135
7 	 19 	  0.036 	 -0.000 	  0.117
7 	 20 	  0.029 	 -0.000 	  0.094
7 	 21 	  0.021 	 -0.000 	  0.068
7 	 22 	  0.012 	 -0.000 	  0.039
7 	 23 	  0.002 	 -0.000 	  0.008
7 	 24 	 -0.007 	 -0.000 	 -0.023
7 	 25 	 -0.016 	 -0.000 	 -0.053
7 	 26 	 -0.025 	 -0.000 	 -0.081
7 	 27 	 -0.032 	 -0.000 	 -0.106
7 	 28 	 -0.039 	 -0.000 	 -0.126
7 	 29 	 -0.043 	 -0.000 	 -0.141
7 	 30 	 -0.046 	 -0.000 	 -0.151

8 	 0 	  0.016 	 -0.000 	 -0.155
8 	 1 	  0.015 	 -0.000 	 -0.152
8 	 2 	  0.014 	 -0.000 	 -0.143
8 	 3 	  0.013 	 -0.000 	 -0.128
8 	 4 	  0.011 	 -0.000 	 -0.107
8 	 5 	  0.008 	 -0.000 	 -0.082
8 	 6 	  0.005 	 -0.000 	 -0.054
8 	 7 	  0.002 	 -0.000 	 -0.024
8 	 8 	 -0.001 	 -0.000 	  0.008
8 	 9 	 -0.004 	 -0.000 	  0.039
8 	 10 	 -0.007 	 -0.000 	  0.068
8 	 11 	 -0.010 	 -0.000 	  0.095
8 	 12 	 -0.012 	 -0.000 	  0.118
8 	 13 	 -0.014 	 -0.000 	  0.136
8 	 14 	 -0.015 	 -0.000 	  0.148
8 	 15 	 -0.016 	 -0.000 	  0.155
8 	 16 	 -0.016 	  0.000 	  0.155
8 	 17 	 -0.015 	  0.000 	  0.148
8 	 18 	 -0.014 	  0.000 	  0.136
8 	 19 	 -0.012 	  0.000 	  0.118
8 	 20 	 -0.010 	  0.000 	  0.095
8 	 21 	 -0.007 	  0.000 	  0.068
8 	 22 	 -0.004 	  0.000 	  0.039
8 	 23 	 -0.001 	  0.000 	  0.008
8 	 24 	  0.002 	  0.000 	 -0.024
8 	 25 	  0.005 	  0.000 	 -0.054
8 	 26 	  0.008 	  0.000 	 -0.082
8 	 27 	  0.011 	  0.000 	 -0.107
8 	 28 	  0.013 	  0.000 	 -0.128
8 	 29 	  0.014 	  0.000 	 -0.143
8 	 30 	  0.015 	  0.000 	 -0.152

9 	 0 	  0.078 	 -0.000 	 -0.151
9 	 1 	  0.076 	 -0.000 	 -0.148
9 	 2 	  0.072 	 -0.000 	 -0.138
9 	 3 	  0.064 	 -0.000 	 -0.124
9 	 4 	  0.054 	 -0.000 	 -0.104
9 	 5 	  0.041 	 -0.000 	 -0.080
9 	 6 	  0.027 	 -0.000 	 -0.052
9 	 7 	  0.012 	 -0.000 	 -0.023
9 	 8 	 -0.004 	 -0.000 	  0.008
9 	 9 	 -0.020 	 -0.000 	  0.038
9 	 10 	 -0.034 	 -0.000 	  0.066
9 	 11 	 -0.048 	 -0.000 	  0.092
9 	 12 	 -0.059 	 -0.000 	  0.114
9 	 13 	 -0.068 	 -0.000 	  0.132
9 	 14 	 -0.074 	 -0.000 	  0.144
9 	 15 	 -0.078 	 -0.000 	  0.150
9 	 16 	 -0.078 	  0.000 	  0.150
9 	 17 	 -0.074 	  0.000 	  0.144
9 	 18 	 -0.068 	  0.000 	  0.132
9 	 19 	 -0.059 	  0.000 	  0.114
9 	 20 	 -0.048 	  0.000 	  0.092
9 	 21 	 -0.034 	  0.000 	  0.066
9 	 22 	 -0.020 	  0.000 	  0.038
9 	 23 	 -0.004 	  0.000 	  0.008
9 	 24 	  0.012 	  0.000 	 -0.023
9 	 25 	  0.027 	  0.000 	 -0.052
9 	 26 	  0.041 	  0.000 	 -0.080
9 	 27 	  0.054 	  0.000 	 -0.104
9 	 28 	  0.064 	  0.000 	 -0.124
9 	 29 	  0.072 	  0.000 	 -0.138
9 	 30 	  0.076 	  0.000 	 -0.148

10 	 0 	  0.137 	 -0.000 	 -0.140
10 	 1 	  0.134 	 -0.000 	 -0.137
10 	 2 	  0.126 	 -0.000 	 -0.128
10 	 3 	  0.113 	 -0.000 	 -0.115
10 	 4 	  0.094 	 -0.000 	 -0.096
10 	 5 	  0.073 	 -0.000 	 -0.074
10 	 6 	  0.048 	 -0.000 	 -0.049
10 	 7 	  0.021 	 -0.000 	 -0.021
10 	 8 	 -0.007 	 -0.000 	  0.007
10 	 9 	 -0.034 	 -0.000 	  0.035
10 	 10 	 -0.060 	 -0.000 	  0.062
10 	 11 	 -0.084 	 -0.000 	  0.086
10 	 12 	 -0.104 	 -0.000 	  0.106
10 	 13 	 -0.120 	 -0.000 	  0.122
10 	 14 	 -0.131 	 -0.000 	  0.133
10 	 15 	 -0.136 	 -0.000 	  0.139
10 	 16 	 -0.136 	  0.000 	  0.139
10 	 17 	 -0.131 	  0.000 	  0.133
10 	 18 	 -0.120 	  0.000 	  0.122
10 	 19 	 -0.104 	  0.000 	  0.106
10 	 20 	 -0.084 	  0.000 	  0.086
10 	 21 	 -0.060 	  0.000 	  0.062
10 	 22 	 -0.034 	  0.000 	  0.035
10 	 23 	 -0.007 	  0.000 	  0.007
10 	 24 	  0.021 	  0.000 	 -0.021
10 	 25 	  0.048 	  0.000 	 -0.049
10 	 26 	  0.073 	  0.000 	 -0.074
10 	 27 	  0.094 	  0.000 	 -0.096
10 	 28 	  0.113 	  0.000 	 -0.115
10 	 29 	  0.126 	  0.000 	 -0.128
10 	 30 	  0.134 	  0.000 	 -0.137

11 	 0 	  0.191 	 -0.000 	 -0.123
11 	 1 	  0.187 	 -0.000 	 -0.121
11 	 2 	  0.175 	 -0.000 	 -0.113
11 	 3 	  0.156 	 -0.000 	 -0.101
11 	 4 	  0.131 	 -0.000 	 -0.085
11 	 5 	  0.101 	 -0.000 	 -0.065
11 	 6 	  0.066 	 -0.000 	 -0.043
11 	 7 	  0.029 	 -0.000 	 -0.019
11 	 8 	 -0.010 	 -0.000 	  0.006
11 	 9 	 -0.048 	 -0.000 	  0.031
11 	 10 	 -0.084 	 -0.000 	  0.054
11 	 11 	 -0.117 	 -0.000 	  0.075
11 	 12 	 -0.145 	 -0.000 	  0.093
11 	 13 	 -0.167 	 -0.000 	  0.108
11 	 14 	 -0.182 	 -0.000 	  0.117
11 	 15 	 -0.190 	 -0.000 	  0.122
11 	 16 	 -0.190 	  0.000 	  0.122
11 	 17 	 -0.182 	  0.000 	  0.117
11 	 18 	 -0.167 	  0.000 	  0.108
11 	 19 	 -0.145 	  0.000 	  0.093
11 	 20 	 -0.117 	  0.000 	  0.075
11 	 21 	 -0.084 	  0.000 	  0.054
11 	 22 	 -0.048 	  0.000 	  0.031
11 	 23 	 -0.010 	  0.000 	  0.006
11 	 24 	  0.029 	  0.000 	 -0.019
11 	 25 	  0.066 	  0.000 	 -0.043
11 	 26 	  0.101 	  0.000 	 -0.065
11 	 27 	  0.131 	  0.000 	 -0.085
11 	 28 	  0.156 	  0.000 	 -0.101
11 	 29 	  0.175 	  0.000 	 -0.113
11 	 30 	  0.187 	  0.000 	 -0.121

12 	 0 	  0.236 	 -0.000 	 -0.101
12 	 1 	  0.231 	 -0.000 	 -0.099
12 	 2 	  0.217 	 -0.000 	 -0.093
12 	 3 	  0.194 	 -0.000 	 -0.083
12 	 4 	  0.163 	 -0.000 	 -0.070
12 	 5 	  0.125 	 -0.000 	 -0.054
12 	 6 	  0.082 	 -0.000 	 -0.035
12 	 7 	  0.036 	 -0.000 	 -0.015
12 	 8 	 -0.012 	 -0.000 	  0.005
12 	 9 	 -0.059 	 -0.000 	  0.025
12 	 10 	 -0.104 	 -0.000 	  0.045
12 	 11 	 -0.145 	 -0.000 	  0.062
12 	 12 	 -0.179 	 -0.000 	  0.077
12 	 13 	 -0.207 	 -0.000 	  0.089
12 	 14 	 -0.225 	 -0.000 	  0.097
12 	 15 	 -0.235 	 -0.000 	  0.101
12 	 16 	 -0.235 	  0.000 	  0.101
12 	 17 	 -0.225 	  0.000 	  0.097
12 	 18 	 -0.207 	  0.000 	  0.089
12 	 19 	 -0.179 	  0.000 	  0.077
12 	 20 	 -0.145 	  0.000 	  0.062
12 	 21 	 -0.104 	  0.000 	  0.045
12 	 22 	 -0.059 	  0.000 	  0.025
12 	 23 	 -0.012 	  0.000 	  0.005
12 	 24 	  0.036 	  0.000 	 -0.015
12 	 25 	  0.082 	  0.000 	 -0.035
12 	 26 	  0.125 	  0.000 	 -0.054
12 	 27 	  0.163 	  0.000 	 -0.070
12 	 28 	  0.194 	  0.000 	 -0.083
12 	 29 	  0.217 	  0.000 	 -0.093
12 	 30 	  0.231 	  0.000 	 -0.099

13 	 0 	  0.272 	 -0.000 	 -0.076
13 	 1 	  0.267 	 -0.000 	 -0.074
13 	 2 	  0.250 	 -0.000 	 -0.069
13 	 3 	  0.223 	 -0.000 	 -0.062
13 	 4 	  0.188 	 -0.000 	 -0.052
13 	 5 	  0.144 	 -0.000 	 -0.040
13 	 6 	  0.095 	 -0.000 	 -0.026
13 	 7 	  0.041 	 -0.000 	 -0.011
13 	 8 	 -0.014 	 -0.000 	  0.004
13 	 9 	 -0.068 	 -0.000 	  0.019
13 	 10 	 -0.120 	 -0.000 	  0.033
13 	 11 	 -0.167 	 -0.000 	  0.046
13 	 12 	 -0.207 	 -0.000 	  0.057
13 	 13 	 -0.238 	 -0.000 	  0.066
13 	 14 	 -0.260 	 -0.000 	  0.072
13 	 15 	 -0.271 	 -0.000 	  0.075
13 	 16 	 -0.271 	  0.000 	  0.075
13 	 17 	 -0.260 	  0.000 	  0.072
13 	 18 	 -0.238 	  0.000 	  0.066
13 	 19 	 -0.207 	  0.000 	  0.057
13 	 20 	 -0.167 	  0.000 	  0.046
13 	 21 	 -0.120 	  0.000 	  0.033
13 	 22 	 -0.068 	  0.000 	  0.019
13 	 23 	 -0.014 	  0.000 	  0.004
13 	 24 	  0.041 	  0.000 	 -0.011
13 	 25 	  0.095 	  0.000 	 -0.026
13 	 26 	  0.144 	  0.000 	 -0.040
13 	 27 	  0.188 	  0.000 	 -0.052
13 	 28 	  0.223 	  0.000 	 -0.062
13 	 29 	  0.250 	  0.000 	 -0.069
13 	 30 	  0.267 	  0.000 	 -0.074

14 	 0 	  0.297 	 -0.000 	 -0.047
14 	 1 	  0.291 	 -0.000 	 -0.046
14 	 2 	  0.273 	 -0.000 	 -0.043
14 	 3 	  0.244 	 -0.000 	 -0.038
14 	 4 	  0.205 	 -0.000 	 -0.032
14 	 5 	  0.157 	 -0.000 	 -0.025
14 	 6 	  0.103 	 -0.000 	 -0.016
14 	 7 	  0.045 	 -0.000 	 -0.007
14 	 8 	 -0.015 	 -0.000 	  0.002
14 	 9 	 -0.074 	 -0.000 	  0.012
14 	 10 	 -0.131 	 -0.000 	  0.021
14 	 11 	 -0.182 	 -0.000 	  0.029
14 	 12 	 -0.225 	 -0.000 	  0.035
14 	 13 	 -0.260 	 -0.000 	  0.041
14 	 14 	 -0.283 	 -0.000 	  0.044
14 	 15 	 -0.296 	 -0.000 	  0.046
14 	 16 	 -0.296 	  0.000 	  0.046
14 	 17 	 -0.283 	  0.000 	  0.044
14 	 18 	 -0.260 	  0.000 	  0.041
14 	 19 	 -0.225 	  0.000 	  0.035
14 	 20 	 -0.182 	  0.000 	  0.029
14 	 21 	 -0.131 	  0.000 	  0.021
14 	 22 	 -0.074 	  0.000 	  0.012
14 	 23 	 -0.015 	  0.000 	  0.002
14 	 24 	  0.045 	  0.000 	 -0.007
14 	 25 	  0.103 	  0.000 	 -0.016
14 	 26 	  0.157 	  0.000 	 -0.025
14 	 27 	  0.205 	  0.000 	 -0.032
14 	 28 	  0.244 	  0.000 	 -0.038
14 	 29 	  0.273 	  0.000 	 -0.043
14 	 30 	  0.291 	  0.000 	 -0.046

15 	 0 	  0.310 	 -0.000 	 -0.016
15 	 1 	  0.303 	 -0.000 	 -0.015
15 	 2 	  0.285 	 -0.000 	 -0.014
15 	 3 	  0.254 	 -0.000 	 -0.013
15 	 4 	  0.213 	 -0.000 	 -0.011
15 	 5 	  0.164 	 -0.000 	 -0.008
15 	 6 	  0.108 	 -0.000 	 -0.005
15 	 7 	  0.047 	 -0.000 	 -0.002
15 	 8 	 -0.016 	 -0.000 	  0.001
15 	 9 	 -0.078 	 -0.000 	  0.004
15 	 10 	 -0.136 	 -0.000 	  0.007
15 	 11 	 -0.190 	 -0.000 	  0.010
15 	 12 	 -0.235 	 -0.000 	  0.012
15 	 13 	 -0.271 	 -0.000 	  0.014
15 	 14 	 -0.296 	 -0.000 	  0.015
15 	 15 	 -0.308 	 -0.000 	  0.016
15 	 16 	 -0.308 	  0.000 	  0.016
15 	 17 	 -0.296 	  0.000 	  0.015
15 	 18 	 -0.271 	  0.000 	  0.014
15 	 19 	 -0.235 	  0.000 	  0.012
15 	 20 	 -0.190 	  0.000 	  0.010
15 	 21 	 -0.136 	  0.000 	  0.007
15 	 22 	 -0.078 	  0.000 	  0.004
15 	 23 	 -0.016 	  0.000 	  0.001
15 	 24 	  0.047 	  0.000 	 -0.002
15 	 25 	  0.108 	  0.000 	 -0.005
15 	 26 	  0.164 	  0.000 	 -0.008
15 	 27 	  0.213 	  0.000 	 -0.011
15 	 28 	  0.254 	  0.000 	 -0.013
15 	 29 	  0.285 	  0.000 	 -0.014
15 	 30 	  0.303 	  0.000 	 -0.015

16 	 0 	  0.310 	 -0.000 	  0.016
16 	 1 	  0.303 	 -0.000 	  0.015
16 	 2 	  0.285 	 -0.000 	  0.014
16 	 3 	  0.254 	 -0.000 	  0.013
16 	 4 	  0.213 	 -0.000 	  0.011
16 	 5 	  0.164 	 -0.000 	  0.008
16 	 6 	  0.108 	 -0.000 	  0.005
16 	 7 	  0.047 	 -0.000 	  0.002
16 	 8 	 -0.016 	 -0.000 	 -0.001
16 	 9 	 -0.078 	 -0.000 	 -0.004
16 	 10 	 -0.136 	 -0.000 	 -0.007
16 	 11 	 -0.190 	 -0.000 	 -0.010
16 	 12 	 -0.235 	 -0.000 	 -0.012
16 	 13 	 -0.271 	 -0.000 	 -0.014
16 	 14 	 -0.296 	 -0.000 	 -0.015
16 	 15 	 -0.308 	 -0.000 	 -0.016
16 	 16 	 -0.308 	  0.000 	 -0.016
16 	 17 	 -0.296 	  0.000 	 -0.015
16 	 18 	 -0.271 	  0.000 	 -0.014
16 	 19 	 -0.235 	  0.000 	 -0.012
16 	 20 	 -0.190 	  0.000 	 -0.010
16 	 21 	 -0.136 	  0.000 	 -0.007
16 	 22 	 -0.078 	  0.000 	 -0.004
16 	 23 	 -0.016 	  0.000 	 -0.001
16 	 24 	  0.047 	  0.000 	  0.002
16 	 25 	  0.108 	  0.000 	  0.005
16 	 26 	  0.164 	  0.000 	  0.008
16 	 27 	  0.213 	  0.000 	  0.011
16 	 28 	  0.254 	  0.000 	  0.013
16 	 29 	  0.285 	  0.000 	  0.014
16 	 30 	  0.303 	  0.000 	  0.015

17 	 0 	  0.297 	 -0.000 	  0.047
17 	 1 	  0.291 	 -0.000 	  0.046
17 	 2 	  0.273 	 -0.000 	  0.043
17 	 3 	  0.244 	 -0.000 	  0.038
17 	 4 	  0.205 	 -0.000 	  0.032
17 	 5 	  0.157 	 -0.000 	  0.025
17 	 6 	  0.103 	 -0.000 	  0.016
17 	 7 	  0.045 	 -0.000 	  0.007
17 	 8 	 -0.015 	 -0.000 	 -0.002
17 	 9 	 -0.074 	 -0.000 	 -0.012
17 	 10 	 -0.131 	 -0.000 	 -0.021
17 	 11 	 -0.182 	 -0.000 	 -0.029
17 	 12 	 -0.225 	 -0.000 	 -0.035
17 	 13 	 -0.260 	 -0.000 	 -0.041
17 	 14 	 -0.283 	 -0.000 	 -0.044
17 	 15 	 -0.296 	 -0.000 	 -0.046
17 	 16 	 -0.296 	  0.000 	 -0.046
17 	 17 	 -0.283 	  0.000 	 -0.044
17 	 18 	 -0.260 	  0.000 	 -0.041
17 	 19 	 -0.225 	  0.000 	 -0.035
17 	 20 	 -0.182 	  0.000 	 -0.029
17 	 21 	 -0.131 	  0.000 	 -0.021
17 	 22 	 -0.074 	  0.000 	 -0.012
17 	 23 	 -0.015 	  0.000 	 -0.002
17 	 24 	  0.045 	  0.000 	  0.007
17 	 25 	  0.103 	  0.000 	  0.016
17 	 26 	  0.157 	  0.000 	  0.025
17 	 27 	  0.205 	  0.000 	  0.032
17 	 28 	  0.244 	  0.000 	  0.038
17 	 29 	  0.273 	  0.000 	  0.043
17 	 30 	  0.291 	  0.000 	  0.046

18 	 0 	  0.272 	 -0.000 	  0.076
18 	 1 	  0.267 	 -0.000 	  0.074
18 	 2 	  0.250 	 -0.000 	  0.069
18 	 3 	  0.223 	 -0.000 	  0.062
18 	 4 	  0.188 	 -0.000 	  0.052
18 	 5 	  0.144 	 -0.000 	  0.040
18 	 6 	  0.095 	 -0.000 	  0.026
18 	 7 	  0.041 	 -0.000 	  0.011
18 	 8 	 -0.014 	 -0.000 	 -0.004
18 	 9 	 -0.068 	 -0.000 	 -0.019
18 	 10 	 -0.120 	 -0.000 	 -0.033
18 	 11 	 -0.167 	 -0.000 	 -0.046
18 	 12 	 -0.207 	 -0.000 	 -0.057
18 	 13 	 -0.238 	 -0.000 	 -0.066
18 	 14 	 -0.260 	 -0.000 	 -0.072
18 	 15 	 -0.271 	 -0.000 	 -0.075
18 	 16 	 -0.271 	  0.000 	 -0.075
18 	 17 	 -0.260 	  0.000 	 -0.072
18 	 18 	 -0.238 	  0.000 	 -0.066
18 	 19 	 -0.207 	  0.000 	 -0.057
18 	 20 	 -0.167 	  0.000 	 -0.046
18 	 21 	 -0.120 	  0.000 	 -0.033
18 	 22 	 -0.068 	  0.000 	 -0.019
18 	 23 	 -0.014 	  0.000 	 -0.004
18 	 24 	  0.041 	  0.000 	  0.011
18 	 25 	  0.095 	  0.000 	  0.026
18 	 26 	  0.144 	  0.000 	  0.040
18 	 27 	  0.188 	  0.000 	  0.052
18 	 28 	  0.223 	  0.000 	  0.062
18 	 29 	  0.250 	  0.000 	  0.069
18 	 30 	  0.267 	  0.000 	  0.074

19 	 0 	  0.236 	 -0.000 	  0.101
19 	 1 	  0.231 	 -0.000 	  0.099
19 	 2 	  0.217 	 -0.000 	  0.093
19 	 3 	  0.194 	 -0.000 	  0.083
19 	 4 	  0.163 	 -0.000 	  0.070
19 	 5 	  0.125 	 -0.000 	  0.054
19 	 6 	  0.082 	 -0.000 	  0.035
19 	 7 	  0.036 	 -0.000 	  0.015
19 	 8 	 -0.012 	 -0.000 	 -0.005
19 	 9 	 -0.059 	 -0.000 	 -0.025
19 	 10 	 -0.104 	 -0.000 	 -0.045
19 	 11 	 -0.145 	 -0.000 	 -0.062
19 	 12 	 -0.179 	 -0.000 	 -0.077
19 	 13 	 -0.207 	 -0.000 	 -0.089
19 	 14 	 -0.225 	 -0.000 	 -0.097
19 	 15 	 -0.235 	 -0.000 	 -0.101
19 	 16 	 -0.235 	  0.000 	 -0.101
19 	 17 	 -0.225 	  0.000 	 -0.097
19 	 18 	 -0.207 	  0.000 	 -0.089
19 	 19 	 -0.179 	  0.000 	 -0.077
19 	 20 	 -0.145 	  0.000 	 -0.062
19 	 21 	 -0.104 	  0.000 	 -0.045
19 	 22 	 -0.059 	  0.000 	 -0.025
19 	 23 	 -0.012 	  0.000 	 -0.005
19 	 24 	  0.036 	  0.000 	  0.015
19 	 25 	  0.082 	  0.000 	  0.035
19 	 26 	  0.125 	  0.000 	  0.054
19 	 27 	  0.163 	  0.000 	  0.070
19 	 28 	  0.194 	  0.000 	  0.083
19 	 29 	  0.217 	  0.000 	  0.093
19 	 30 	  0.231 	  0.000 	  0.099

20 	 0 	  0.191 	 -0.000 	  0.123
20 	 1 	  0.187 	 -0.000 	  0.121
20 	 2 	  0.175 	 -0.000 	  0.113
20 	 3 	  0.156 	 -0.000 	  0.101
20 	 4 	  0.131 	 -0.000 	  0.085
20 	 5 	  0.101 	 -0.000 	  0.065
20 	 6 	  0.066 	 -0.000 	  0.043
20 	 7 	  0.029 	 -0.000 	  0.019
20 	 8 	 -0.010 	 -0.000 	 -0.006
20 	 9 	 -0.048 	 -0.000 	 -0.031
20 	 10 	 -0.084 	 -0.000 	 -0.054
20 	 11 	 -0.117 	 -0.000 	 -0.075
20 	 12 	 -0.145 	 -0.000 	 -0.093
20 	 13 	 -0.167 	 -0.000 	 -0.108
20 	 14 	 -0.182 	 -0.000 	 -0.117
20 	 15 	 -0.190 	 -0.000 	 -0.122
20 	 16 	 -0.190 	  0.000 	 -0.122
20 	 17 	 -0.182 	  0.000 	 -0.117
20 	 18 	 -0.167 	  0.000 	 -0.108
20 	 19 	 -0.145 	  0.000 	 -0.093
20 	 20 	 -0.117 	  0.000 	 -0.075
20 	 21 	 -0.084 	  0.000 	 -0.054
20 	 22 	 -0.048 	  0.000 	 -0.031
20 	 23 	 -0.010 	  0.000 	 -0.006
20 	 24 	  0.029 	  0.000 	  0.019
20 	 25 	  0.066 	  0.000 	  0.043
20 	 26 	  0.101 	  0.000 	  0.065
20 	 27 	  0.131 	  0.000 	  0.085
20 	 28 	  0.156 	  0.000 	  0.101
20 	 29 	  0.175 	  0.000 	  0.113
20 	 30 	  0.187 	  0.000 	  0.121

21 	 0 	  0.137 	 -0.000 	  0.140
21 	 1 	  0.134 	 -0.000 	  0.137
21 	 2 	  0.126 	 -0.000 	  0.128
21 	 3 	  0.113 	 -0.000 	  0.115
21 	 4 	  0.094 	 -0.000 	  0.096
21 	 5 	  0.073 	 -0.000 	  0.074
21 	 6 	  0.048 	 -0.000 	  0.049
21 	 7 	  0.021 	 -0.000 	  0.021
21 	 8 	 -0.007 	 -0.000 	 -0.007
21 	 9 	 -0.034 	 -0.000 	 -0.035
21 	 10 	 -0.060 	 -0.000 	 -0.062
21 	 11 	 -0.084 	 -0.000 	 -0.086
21 	 12 	 -0.104 	 -0.000 	 -0.106
21 	 13 	 -0.120 	 -0.000 	 -0.122
21 	 14 	 -0.131 	 -0.000 	 -0.133
21 	 15 	 -0.136 	 -0.000 	 -0.139
21 	 16 	 -0.136 	  0.000 	 -0.139
21 	 17 	 -0.131 	  0.000 	 -0.133
21 	 18 	 -0.120 	  0.000 	 -0.122
21 	 19 	 -0.104 	  0.000 	 -0.106
21 	 20 	 -0.084 	  0.000 	 -0.086
21 	 21 	 -0.060 	  0.000 	 -0.062
21 	 22 	 -0.034 	  0.000 	 -0.035
21 	 23 	 -0.007 	  0.000 	 -0.007
21 	 24 	  0.021 	  0.000 	  0.021
21 	 25 	  0.048 	  0.000 	  0.049
21 	 26 	  0.073 	  0.000 	  0.074
21 	 27 	  0.094 	  0.000 	  0.096
21 	 28 	  0.113 	  0.000 	  0.115
21 	 29 	  0.126 	  0.000 	  0.128
21 	 30 	  0.134 	  0.000 	  0.137

22 	 0 	  0.078 	 -0.000 	  0.151
22 	 1 	  0.076 	 -0.000 	  0.148
22 	 2 	  0.072 	 -0.000 	  0.138
22 	 3 	  0.064 	 -0.000 	  0.124
22 	 4 	  0.054 	 -0.000 	  0.104
22 	 5 	  0.041 	 -0.000 	  0.080
22 	 6 	  0.027 	 -0.000 	  0.052
22 	 7 	  0.012 	 -0.000 	  0.023
22 	 8 	 -0.004 	 -0.000 	 -0.008
22 	 9 	 -0.020 	 -0.000 	 -0.038
22 	 10 	 -0.034 	 -0.000 	 -0.066
22 	 11 	 -0.048 	 -0.000 	 -0.092
22 	 12 	 -0.059 	 -0.000 	 -0.114
22 	 13 	 -0.068 	 -0.000 	 -0.132
22 	 14 	 -0.074 	 -0.000 	 -0.144
22 	 15 	 -0.078 	 -0.000 	 -0.150
22 	 16 	 -0.078 	  0.000 	 -0.150
22 	 17 	 -0.074 	  0.000 	 -0.144
22 	 18 	 -0.068 	  0.000 	 -0.132
22 	 19 	 -0.059 	  0.000 	 -0.114
22 	 20 	 -0.048 	  0.000 	 -0.092
22 	 21 	 -0.034 	  0.000 	 -0.066
22 	 22 	 -0.020 	  0.000 	 -0.038
22 	 23 	 -0.004 	  0.000 	 -0.008
22 	 24 	  0.012 	  0.000 	  0.023
22 	 25 	  0.027 	  0.000 	  0.052
22 	 26 	  0.041 	  0.000 	  0.080
22 	 27 	  0.054 	  0.000 	  0.104
22 	 28 	  0.064 	  0.000 	  0.124
22 	 29 	  0.072 	  0.000 	  0.138
22 	 30 	  0.076 	  0.000 	  0.148

23 	 0 	  0.016 	 -0.000 	  0.155
23 	 1 	  0.015 	 -0.000 	  0.152
23 	 2 	  0.014 	 -0.000 	  0.143
23 	 3 	  0.013 	 -0.000 	  0.128
23 	 4 	  0.011 	 -0.000 	  0.107
23 	 5 	  0.008 	 -0.000 	  0.082
23 	 6 	  0.005 	 -0.000 	  0.054
23 	 7 	  0.002 	 -0.000 	  0.024
23 	 8 	 -0.001 	 -0.000 	 -0.008
23 	 9 	 -0.004 	 -0.000 	 -0.039
23 	 10 	 -0.007 	 -0.000 	 -0.068
23 	 11 	 -0.010 	 -0.000 	 -0.095
23 	 12 	 -0.012 	 -0.000 	 -0.118
23 	 13 	 -0.014 	 -0.000 	 -0.136
23 	 14 	 -0.015 	 -0.000 	 -0.148
23 	 15 	 -0.016 	 -0.000 	 -0.155
23 	 16 	 -0.016 	  0.000 	 -0.155
23 	 17 	 -0.015 	  0.000 	 -0.148
23 	 18 	 -0.014 	  0.000 	 -0.136
23 	 19 	 -0.012 	  0.000 	 -0.118
23 	 20 	 -0.010 	  0.000 	 -0.095
23 	 21 	 -0.007 	  0.000 	 -0.068
23 	 22 	 -0.004 	  0.000 	 -0.039
23 	 23 	 -0.001 	  0.000 	 -0.008
23 	 24 	  0.002 	  0.000 	  0.024
23 	 25 	  0.005 	  0.000 	  0.054
23 	 26 	  0.008 	  0.000 	  0.082
23 	 27 	  0.011 	  0.000 	  0.107
23 	 28 	  0.013 	  0.000 	  0.128
23 	 29 	  0.014 	  0.000 	  0.143
23 	 30 	  0.015 	  0.000 	  0.152

24 	 0 	 -0.047 	  0.000 	  0.154
24 	 1 	 -0.046 	  0.000 	  0.151
24 	 2 	 -0.043 	  0.000 	  0.141
24 	 3 	 -0.039 	  0.000 	  0.126
24 	 4 	 -0.032 	  0.000 	  0.106
24 	 5 	 -0.025 	  0.000 	  0.081
24 	 6 	 -0.016 	  0.000 	  0.053
24 	 7 	 -0.007 	  0.000 	  0.023
24 	 8 	  0.002 	  0.000 	 -0.008
24 	 9 	  0.012 	  0.000 	 -0.039
24 	 10 	  0.021 	  0.000 	 -0.068
24 	 11 	  0.029 	  0.000 	 -0.094
24 	 12 	  0.036 	  0.000 	 -0.117
24 	 13 	  0.041 	  0.000 	 -0.135
24 	 14 	  0.045 	  0.000 	 -0.147
24 	 15 	  0.047 	  0.000 	 -0.153
24 	 16 	  0.047 	 -0.000 	 -0.153
24 	 17 	  0.045 	 -0.000 	 -0.147
24 	 18 	  0.041 	 -0.000 	 -0.135
24 	 19 	  0.036 	 -0.000 	 -0.117
24 	 20 	  0.029 	 -0.000 	 -0.094
24 	 21 	  0.021 	 -0.000 	 -0.068
24 	 22 	  0.012 	 -0.000 	 -0.039
24 	 23 	  0.002 	 -0.000 	 -0.008
24 	 24 	 -0.007 	 -0.000 	  0.023
24 	 25 	 -0.016 	 -0.000 	  0.053
24 	 26 	 -0.025 	 -0.000 	  0.081
24 	 27 	 -0.032 	 -0.000 	  0.106
24 	 28 	 -0.039 	 -0.000 	  0.126
24 	 29 	 -0.043 	 -0.000 	  0.141
24 	 30 	 -0.046 	 -0.000 	  0.151

25 	 0 	 -0.108 	  0.000 	  0.146
25 	 1 	 -0.106 	  0.000 	  0.143
25 	 2 	 -0.099 	  0.000 	  0.134
25 	 3 	 -0.089 	  0.000 	  0.120
25 	 4 	 -0.074 	  0.000 	  0.101
25 	 5 	 -0.057 	  0.000 	  0.077
25 	 6 	 -0.038 	  0.000 	  0.051
25 	 7 	 -0.016 	  0.000 	  0.022
25 	 8 	  0.005 	  0.000 	 -0.007
25 	 9 	  0.027 	  0.000 	 -0.037
25 	 10 	  0.048 	  0.000 	 -0.064
25 	 11 	  0.066 	  0.000 	 -0.089
25 	 12 	  0.082 	  0.000 	 -0.111
25 	 13 	  0.095 	  0.000 	 -0.128
25 	 14 	  0.103 	  0.000 	 -0.139
25 	 15 	  0.108 	  0.000 	 -0.145
25 	 16 	  0.108 	 -0.000 	 -0.145
25 	 17 	  0.103 	 -0.000 	 -0.139
25 	 18 	  0.095 	 -0.000 	 -0.128
25 	 19 	  0.082 	 -0.000 	 -0.111
25 	 20 	  0.066 	 -0.000 	 -0.089
25 	 21 	  0.048 	 -0.000 	 -0.064
25 	 22 	  0.027 	 -0.000 	 -0.037
25 	 23 	  0.005 	 -0.000 	 -0.007
25 	 24 	 -0.016 	 -0.000 	  0.022
25 	 25 	 -0.038 	 -0.000 	  0.051
25 	 26 	 -0.057 	 -0.000 	  0.077
25 	 27 	 -0.074 	 -0.000 	  0.101
25 	 28 	 -0.089 	 -0.000 	  0.120
25 	 29 	 -0.099 	 -0.000 	  0.134
25 	 30 	 -0.106 	 -0.000 	  0.143

26 	 0 	 -0.165 	  0.000 	  0.132
26 	 1 	 -0.161 	  0.000 	  0.129
26 	 2 	 -0.151 	  0.000 	  0.121
26 	 3 	 -0.135 	  0.000 	  0.108
26 	 4 	 -0.113 	  0.000 	  0.091
26 	 5 	 -0.087 	  0.000 	  0.070
26 	 6 	 -0.057 	  0.000 	  0.046
26 	 7 	 -0.025 	  0.000 	  0.020
26 	 8 	  0.008 	  0.000 	 -0.007
26 	 9 	  0.041 	  0.000 	 -0.033
26 	 10 	  0.073 	  0.000 	 -0.058
26 	 11 	  0.101 	  0.000 	 -0.081
26 	 12 	  0.125 	  0.000 	 -0.100
26 	 13 	  0.144 	  0.000 	 -0.116
26 	 14 	  0.157 	  0.000 	 -0.126
26 	 15 	  0.164 	  0.000 	 -0.131
26 	 16 	  0.164 	 -0.000 	 -0.131
26 	 17 	  0.157 	 -0.000 	 -0.126
26 	 18 	  0.144 	 -0.000 	 -0.116
26 	 19 	  0.125 	 -0.000 	 -0.100
26 	 20 	  0.101 	 -0.000 	 -0.081
26 	 21 	  0.073 	 -0.000 	 -0.058
26 	 22 	  0.041 	 -0.000 	 -0.033
26 	 23 	  0.008 	 -0.000 	 -0.007
26 	 24 	 -0.025 	 -0.000 	  0.020
26 	 25 	 -0.057 	 -0.000 	  0.046
26 	 26 	 -0.087 	 -0.000 	  0.070
26 	 27 	 -0.113 	 -0.000 	  0.091
26 	 28 	 -0.135 	 -0.000 	  0.108
26 	 29 	 -0.151 	 -0.000 	  0.121
26 	 30 	 -0.161 	 -0.000 	  0.129

27 	 0 	 -0.215 	  0.000 	  0.113
27 	 1 	 -0.210 	  0.000 	  0.111
27 	 2 	 -0.197 	  0.000 	  0.104
27 	 3 	 -0.176 	  0.000 	  0.093
27 	 4 	 -0.148 	  0.000 	  0.078
27 	 5 	 -0.113 	  0.000 	  0.060
27 	 6 	 -0.074 	  0.000 	  0.039
27 	 7 	 -0.032 	  0.000 	  0.017
27 	 8 	  0.011 	  0.000 	 -0.006
27 	 9 	  0.054 	  0.000 	 -0.028
27 	 10 	  0.094 	  0.000 	 -0.050
27 	 11 	  0.131 	  0.000 	 -0.069
27 	 12 	  0.163 	  0.000 	 -0.086
27 	 13 	  0.188 	  0.000 	 -0.099
27 	 14 	  0.205 	  0.000 	 -0.108
27 	 15 	  0.213 	  0.000 	 -0.112
27 	 16 	  0.213 	 -0.000 	 -0.112
27 	 17 	  0.205 	 -0.000 	 -0.108
27 	 18 	  0.188 	 -0.000 	 -0.099
27 	 19 	  0.163 	 -0.000 	 -0.086
27 	 20 	  0.131 	 -0.000 	 -0.069
27 	 21 	  0.094 	 -0.000 	 -0.050
27 	 22 	  0.054 	 -0.000 	 -0.028
27 	 23 	  0.011 	 -0.000 	 -0.006
27 	 24 	 -0.032 	 -0.000 	  0.017
27 	 25 	 -0.074 	 -0.000 	  0.039
27 	 26 	 -0.113 	 -0.000 	  0.060
27 	 27 	 -0.148 	 -0.000 	  0.078
27 	 28 	 -0.176 	 -0.000 	  0.093
27 	 29 	 -0.197 	 -0.000 	  0.104
27 	 30 	 -0.210 	 -0.000 	  0.111

28 	 0 	 -0.256 	  0.000 	  0.089
28 	 1 	 -0.250 	  0.000 	  0.087
28 	 2 	 -0.235 	  0.000 	  0.082
28 	 3 	 -0.210 	  0.000 	  0.073
28 	 4 	 -0.176 	  0.000 	  0.061
28 	 5 	 -0.135 	  0.000 	  0.047
28 	 6 	 -0.089 	  0.000 	  0.031
28 	 7 	 -0.039 	  0.000 	  0.013
28 	 8 	  0.013 	  0.000 	 -0.005
28 	 9 	  0.064 	  0.000 	 -0.022
28 	 10 	  0.113 	  0.000 	 -0.039
28 	 11 	  0.156 	  0.000 	 -0.054
28 	 12 	  0.194 	  0.000 	 -0.067
28 	 13 	  0.223 	  0.000 	 -0.078
28 	 14 	  0.244 	  0.000 	 -0.085
28 	 15 	  0.254 	  0.000 	 -0.088
28 	 16 	  0.254 	 -0.000 	 -0.088
28 	 17 	  0.244 	 -0.000 	 -0.085
28 	 18 	  0.223 	 -0.000 	 -0.078
28 	 19 	  0.194 	 -0.000 	 -0.067
28 	 20 	  0.156 	 -0.000 	 -0.054
28 	 21 	  0.113 	 -0.000 	 -0.039
28 	 22 	  0.064 	 -0.000 	 -0.022
28 	 23 	  0.013 	 -0.000 	 -0.005
28 	 24 	 -0.039 	 -0.000 	  0.013
28 	 25 	 -0.089 	 -0.000 	  0.031
28 	 26 	 -0.135 	 -0.000 	  0.047
28 	 27 	 -0.176 	 -0.000 	  0.061
28 	 28 	 -0.210 	 -0.000 	  0.073
28 	 29 	 -0.235 	 -0.000 	  0.082
28 	 30 	 -0.250 	 -0.000 	  0.087

29 	 0 	 -0.286 	  0.000 	  0.061
29 	 1 	 -0.280 	  0.000 	  0.060
29 	 2 	 -0.263 	  0.000 	  0.056
29 	 3 	 -0.235 	  0.000 	  0.050
29 	 4 	 -0.197 	  0.000 	  0.042
29 	 5 	 -0.151 	  0.000 	  0.032
29 	 6 	 -0.099 	  0.000 	  0.021
29 	 7 	 -0.043 	  0.000 	  0.009
29 	 8 	  0.014 	  0.000 	 -0.003
29 	 9 	  0.072 	  0.000 	 -0.015
29 	 10 	  0.126 	  0.000 	 -0.027
29 	 11 	  0.175 	  0.000 	 -0.038
29 	 12 	  0.217 	  0.000 	 -0.047
29 	 13 	  0.250 	  0.000 	 -0.054
29 	 14 	  0.273 	  0.000 	 -0.059
29 	 15 	  0.285 	  0.000 	 -0.061
29 	 16 	  0.285 	 -0.000 	 -0.061
29 	 17 	  0.273 	 -0.000 	 -0.059
29 	 18 	  0.250 	 -0.000 	 -0.054
29 	 19 	  0.217 	 -0.000 	 -0.047
29 	 20 	  0.175 	 -0.000 	 -0.038
29 	 21 	  0.126 	 -0.000 	 -0.027
29 	 22 	  0.072 	 -0.000 	 -0.015
29 	 23 	  0.014 	 -0.000 	 -0.003
29 	 24 	 -0.043 	 -0.000 	  0.009
29 	 25 	 -0.099 	 -0.000 	  0.021
29 	 26 	 -0.151 	 -0.000 	  0.032
29 	 27 	 -0.197 	 -0.000 	  0.042
29 	 28 	 -0.235 	 -0.000 	  0.050
29 	 29 	 -0.263 	 -0.000 	  0.056
29 	 30 	 -0.280 	 -0.000 	  0.060

30 	 0 	 -0.305 	  0.000 	  0.031
30 	 1 	 -0.299 	  0.000 	  0.031
30 	 2 	 -0.280 	  0.000 	  0.029
30 	 3 	 -0.250 	  0.000 	  0.026
30 	 4 	 -0.210 	  0.000 	  0.022
30 	 5 	 -0.161 	  0.000 	  0.017
30 	 6 	 -0.106 	  0.000 	  0.011
30 	 7 	 -0.046 	  0.000 	  0.005
30 	 8 	  0.015 	  0.000 	 -0.002
30 	 9 	  0.076 	  0.000 	 -0.008
30 	 10 	  0.134 	  0.000 	 -0.014
30 	 11 	  0.187 	  0.000 	 -0.019
30 	 12 	  0.231 	  0.000 	 -0.024
30 	 13 	  0.267 	  0.000 	 -0.027
30 	 14 	  0.291 	  0.000 	 -0.030
30 	 15 	  0.303 	  0.000 	 -0.031
30 	 16 	  0.303 	 -0.000 	 -0.031
30 	 17 	  0.291 	 -0.000 	 -0.030
30 	 18 	  0.267 	 -0.000 	 -0.027
30 	 19 	  0.231 	 -0.000 	 -0.024
30 	 20 	  0.187 	 -0.000 	 -0.019
30 	 21 	  0.134 	 -0.000 	 -0.014
30 	 22 	  0.076 	 -0.000 	 -0.008
30 	 23 	  0.015 	 -0.000 	 -0.002
30 	 24 	 -0.046 	 -0.000 	  0.005
30 	 25 	 -0.106 	 -0.000 	  0.011
30 	 26 	 -0.161 	 -0.000 	  0.017
30 	 27 	 -0.210 	 -0.000 	  0.022
30 	 28 	 -0.250 	 -0.000 	  0.026
30 	 29 	 -0.280 	 -0.000 	  0.029
30 	 30 	 -0.299 	 -0.000 	  0.031

