0 	 0 	 -0.437 	  0.000 	 -0.000
0 	 1 	 -0.428 	  0.000 	 -0.000
0 	 2 	 -0.402 	  0.000 	 -0.000
0 	 3 	 -0.359 	  0.000 	 -0.000
0 	 4 	 -0.301 	  0.000 	 -0.000
0 	 5 	 -0.231 	  0.000 	 -0.000
0 	 6 	 -0.152 	  0.000 	 -0.000
0 	 7 	 -0.066 	  0.000 	 -0.000
0 	 8 	  0.022 	  0.000 	  0.000
0 	 9 	  0.110 	  0.000 	  0.000
0 	 10 	  0.193 	  0.000 	  0.000
0 	 11 	  0.268 	  0.000 	  0.000
0 	 12 	  0.332 	  0.000 	  0.000
0 	 13 	  0.382 	  0.000 	  0.000
0 	 14 	  0.417 	  0.000 	  0.000
0 	 15 	  0.435 	  0.000 	  0.000
0 	 16 	  0.435 	 -0.000 	  0.000
0 	 17 	  0.417 	 -0.000 	  0.000
0 	 18 	  0.382 	 -0.000 	  0.000
0 	 19 	  0.332 	 -0.000 	  0.000
0 	 20 	  0.268 	 -0.000 	  0.000
0 	 21 	  0.193 	 -0.000 	  0.000
0 	 22 	  0.110 	 -0.000 	  0.000
0 	 23 	  0.022 	 -0.000 	  0.000
0 	 24 	 -0.066 	 -0.000 	 -0.000
0 	 25 	 -0.152 	 -0.000 	 -0.000
0 	 26 	 -0.231 	 -0.000 	 -0.000
0 	 27 	 -0.301 	 -0.000 	 -0.000
0 	 28 	 -0.359 	 -0.000 	 -0.000
0 	 29 	 -0.402 	 -0.000 	 -0.000
0 	 30 	 -0.428 	 -0.000 	 -0.000

1 	 0 	 -0.428 	  0.000 	 -0.044
1 	 1 	 -0.420 	  0.000 	 -0.043
1 	 2 	 -0.394 	  0.000 	 -0.040
1 	 3 	 -0.352 	  0.000 	 -0.036
1 	 4 	 -0.295 	  0.000 	 -0.030
1 	 5 	 -0.227 	  0.000 	 -0.023
1 	 6 	 -0.149 	  0.000 	 -0.015
1 	 7 	 -0.065 	  0.000 	 -0.007
1 	 8 	  0.022 	  0.000 	  0.002
1 	 9 	  0.107 	  0.000 	  0.011
1 	 10 	  0.189 	  0.000 	  0.019
1 	 11 	  0.262 	  0.000 	  0.027
1 	 12 	  0.325 	  0.000 	  0.033
1 	 13 	  0.375 	  0.000 	  0.038
1 	 14 	  0.409 	  0.000 	  0.042
1 	 15 	  0.426 	  0.000 	  0.044
1 	 16 	  0.426 	 -0.000 	  0.044
1 	 17 	  0.409 	 -0.000 	  0.042
1 	 18 	  0.375 	 -0.000 	  0.038
1 	 19 	  0.325 	 -0.000 	  0.033
1 	 20 	  0.262 	 -0.000 	  0.027
1 	 21 	  0.189 	 -0.000 	  0.019
1 	 22 	  0.107 	 -0.000 	  0.011
1 	 23 	  0.022 	 -0.000 	  0.002
1 	 24 	 -0.065 	 -0.000 	 -0.007
1 	 25 	 -0.149 	 -0.000 	 -0.015
1 	 26 	 -0.227 	 -0.000 	 -0.023
1 	 27 	 -0.295 	 -0.000 	 -0.030
1 	 28 	 -0.352 	 -0.000 	 -0.036
1 	 29 	 -0.394 	 -0.000 	 -0.040
1 	 30 	 -0.420 	 -0.000 	 -0.043

2 	 0 	 -0.402 	  0.000 	 -0.086
2 	 1 	 -0.394 	  0.000 	 -0.084
2 	 2 	 -0.369 	  0.000 	 -0.079
2 	 3 	 -0.330 	  0.000 	 -0.071
2 	 4 	 -0.277 	  0.000 	 -0.059
2 	 5 	 -0.213 	  0.000 	 -0.046
2 	 6 	 -0.140 	  0.000 	 -0.030
2 	 7 	 -0.061 	  0.000 	 -0.013
2 	 8 	  0.020 	  0.000 	  0.004
2 	 9 	  0.101 	  0.000 	  0.022
2 	 10 	  0.177 	  0.000 	  0.038
2 	 11 	  0.246 	  0.000 	  0.053
2 	 12 	  0.305 	  0.000 	  0.065
2 	 13 	  0.351 	  0.000 	  0.075
2 	 14 	  0.384 	  0.000 	  0.082
2 	 15 	  0.400 	  0.000 	  0.086
2 	 16 	  0.400 	 -0.000 	  0.086
2 	 17 	  0.384 	 -0.000 	  0.082
2 	 18 	  0.351 	 -0.000 	  0.075
2 	 19 	  0.305 	 -0.000 	  0.065
2 	 20 	  0.246 	 -0.000 	  0.053
2 	 21 	  0.177 	 -0.000 	  0.038
2 	 22 	  0.101 	 -0.000 	  0.022
2 	 23 	  0.020 	 -0.000 	  0.004
2 	 24 	 -0.061 	 -0.000 	 -0.013
2 	 25 	 -0.140 	 -0.000 	 -0.030
2 	 26 	 -0.213 	 -0.000 	 -0.046
2 	 27 	 -0.277 	 -0.000 	 -0.059
2 	 28 	 -0.330 	 -0.000 	 -0.071
2 	 29 	 -0.369 	 -0.000 	 -0.079
2 	 30 	 -0.394 	 -0.000 	 -0.084

3 	 0 	 -0.359 	  0.000 	 -0.125
3 	 1 	 -0.352 	  0.000 	 -0.122
3 	 2 	 -0.330 	  0.000 	 -0.115
3 	 3 	 -0.295 	  0.000 	 -0.103
3 	 4 	 -0.247 	  0.000 	 -0.086
3 	 5 	 -0.190 	  0.000 	 -0.066
3 	 6 	 -0.125 	  0.000 	 -0.043
3 	 7 	 -0.054 	  0.000 	 -0.019
3 	 8 	  0.018 	  0.000 	  0.006
3 	 9 	  0.090 	  0.000 	  0.031
3 	 10 	  0.158 	  0.000 	  0.055
3 	 11 	  0.220 	  0.000 	  0.076
3 	 12 	  0.272 	  0.000 	  0.095
3 	 13 	  0.314 	  0.000 	  0.109
3 	 14 	  0.343 	  0.000 	  0.119
3 	 15 	  0.357 	  0.000 	  0.124
3 	 16 	  0.357 	 -0.000 	  0.124
3 	 17 	  0.343 	 -0.000 	  0.119
3 	 18 	  0.314 	 -0.000 	  0.109
3 	 19 	  0.272 	 -0.000 	  0.095
3 	 20 	  0.220 	 -0.000 	  0.076
3 	 21 	  0.158 	 -0.000 	  0.055
3 	 22 	  0.090 	 -0.000 	  0.031
3 	 23 	  0.018 	 -0.000 	  0.006
3 	 24 	 -0.054 	 -0.000 	 -0.019
3 	 25 	 -0.125 	 -0.000 	 -0.043
3 	 26 	 -0.190 	 -0.000 	 -0.066
3 	 27 	 -0.247 	 -0.000 	 -0.086
3 	 28 	 -0.295 	 -0.000 	 -0.103
3 	 29 	 -0.330 	 -0.000 	 -0.115
3 	 30 	 -0.352 	 -0.000 	 -0.122

4 	 0 	 -0.301 	  0.000 	 -0.159
4 	 1 	 -0.295 	  0.000 	 -0.155
4 	 2 	 -0.277 	  0.000 	 -0.146
4 	 3 	 -0.247 	  0.000 	 -0.130
4 	 4 	 -0.208 	  0.000 	 -0.109
4 	 5 	 -0.159 	  0.000 	 -0.084
4 	 6 	 -0.105 	  0.000 	 -0.055
4 	 7 	 -0.046 	  0.000 	 -0.024
4 	 8 	  0.015 	  0.000 	  0.008
4 	 9 	  0.076 	  0.000 	  0.040
4 	 10 	  0.133 	  0.000 	  0.070
4 	 11 	  0.184 	  0.000 	  0.097
4 	 12 	  0.229 	  0.000 	  0.120
4 	 13 	  0.264 	  0.000 	  0.139
4 	 14 	  0.288 	  0.000 	  0.151
4 	 15 	  0.300 	  0.000 	  0.158
4 	 16 	  0.300 	 -0.000 	  0.158
4 	 17 	  0.288 	 -0.000 	  0.151
4 	 18 	  0.264 	 -0.000 	  0.139
4 	 19 	  0.229 	 -0.000 	  0.120
4 	 20 	  0.184 	 -0.000 	  0.097
4 	 21 	  0.133 	 -0.000 	  0.070
4 	 22 	  0.076 	 -0.000 	  0.040
4 	 23 	  0.015 	 -0.000 	  0.008
4 	 24 	 -0.046 	 -0.000 	 -0.024
4 	 25 	 -0.105 	 -0.000 	 -0.055
4 	 26 	 -0.159 	 -0.000 	 -0.084
4 	 27 	 -0.208 	 -0.000 	 -0.109
4 	 28 	 -0.247 	 -0.000 	 -0.130
4 	 29 	 -0.277 	 -0.000 	 -0.146
4 	 30 	 -0.295 	 -0.000 	 -0.155

5 	 0 	 -0.231 	  0.000 	 -0.186
5 	 1 	 -0.227 	  0.000 	 -0.182
5 	 2 	 -0.213 	  0.000 	 -0.171
5 	 3 	 -0.190 	  0.000 	 -0.152
5 	 4 	 -0.159 	  0.000 	 -0.128
5 	 5 	 -0.122 	  0.000 	 -0.098
5 	 6 	 -0.080 	  0.000 	 -0.064
5 	 7 	 -0.035 	  0.000 	 -0.028
5 	 8 	  0.012 	  0.000 	  0.009
5 	 9 	  0.058 	  0.000 	  0.047
5 	 10 	  0.102 	  0.000 	  0.082
5 	 11 	  0.142 	  0.000 	  0.114
5 	 12 	  0.176 	  0.000 	  0.141
5 	 13 	  0.202 	  0.000 	  0.162
5 	 14 	  0.221 	  0.000 	  0.177
5 	 15 	  0.230 	  0.000 	  0.185
5 	 16 	  0.230 	 -0.000 	  0.185
5 	 17 	  0.221 	 -0.000 	  0.177
5 	 18 	  0.202 	 -0.000 	  0.162
5 	 19 	  0.176 	 -0.000 	  0.141
5 	 20 	  0.142 	 -0.000 	  0.114
5 	 21 	  0.102 	 -0.000 	  0.082
5 	 22 	  0.058 	 -0.000 	  0.047
5 	 23 	  0.012 	 -0.000 	  0.009
5 	 24 	 -0.035 	 -0.000 	 -0.028
5 	 25 	 -0.080 	 -0.000 	 -0.064
5 	 26 	 -0.122 	 -0.000 	 -0.098
5 	 27 	 -0.159 	 -0.000 	 -0.128
5 	 28 	 -0.190 	 -0.000 	 -0.152
5 	 29 	 -0.213 	 -0.000 	 -0.171
5 	 30 	 -0.227 	 -0.000 	 -0.182

6 	 0 	 -0.152 	  0.000 	 -0.205
6 	 1 	 -0.149 	  0.000 	 -0.201
6 	 2 	 -0.140 	  0.000 	 -0.188
6 	 3 	 -0.125 	  0.000 	 -0.168
6 	 4 	 -0.105 	  0.000 	 -0.141
6 	 5 	 -0.080 	  0.000 	 -0.108
6 	 6 	 -0.053 	  0.000 	 -0.071
6 	 7 	 -0.023 	  0.000 	 -0.031
6 	 8 	  0.008 	  0.000 	  0.010
6 	 9 	  0.038 	  0.000 	  0.051
6 	 10 	  0.067 	  0.000 	  0.090
6 	 11 	  0.093 	  0.000 	  0.126
6 	 12 	  0.115 	  0.000 	  0.156
6 	 13 	  0.133 	  0.000 	  0.179
6 	 14 	  0.145 	  0.000 	  0.196
6 	 15 	  0.151 	  0.000 	  0.204
6 	 16 	  0.151 	 -0.000 	  0.204
6 	 17 	  0.145 	 -0.000 	  0.196
6 	 18 	  0.133 	 -0.000 	  0.179
6 	 19 	  0.115 	 -0.000 	  0.156
6 	 20 	  0.093 	 -0.000 	  0.126
6 	 21 	  0.067 	 -0.000 	  0.090
6 	 22 	  0.038 	 -0.000 	  0.051
6 	 23 	  0.008 	 -0.000 	  0.010
6 	 24 	 -0.023 	 -0.000 	 -0.031
6 	 25 	 -0.053 	 -0.000 	 -0.071
6 	 26 	 -0.080 	 -0.000 	 -0.108
6 	 27 	 -0.105 	 -0.000 	 -0.141
6 	 28 	 -0.125 	 -0.000 	 -0.168
6 	 29 	 -0.140 	 -0.000 	 -0.188
6 	 30 	 -0.149 	 -0.000 	 -0.201

7 	 0 	 -0.066 	  0.000 	 -0.216
7 	 1 	 -0.065 	  0.000 	 -0.212
7 	 2 	 -0.061 	  0.000 	 -0.199
7 	 3 	 -0.054 	  0.000 	 -0.177
7 	 4 	 -0.046 	  0.000 	 -0.149
7 	 5 	 -0.035 	  0.000 	 -0.114
7 	 6 	 -0.023 	  0.000 	 -0.075
7 	 7 	 -0.010 	  0.000 	 -0.033
7 	 8 	  0.003 	  0.000 	  0.011
7 	 9 	  0.017 	  0.000 	  0.054
7 	 10 	  0.029 	  0.000 	  0.095
7 	 11 	  0.041 	  0.000 	  0.132
7 	 12 	  0.050 	  0.000 	  0.164
7 	 13 	  0.058 	  0.000 	  0.189
7 	 14 	  0.063 	  0.000 	  0.206
7 	 15 	  0.066 	  0.000 	  0.215
7 	 16 	  0.066 	 -0.000 	  0.215
7 	 17 	  0.063 	 -0.000 	  0.206
7 	 18 	  0.058 	 -0.000 	  0.189
7 	 19 	  0.050 	 -0.000 	  0.164
7 	 20 	  0.041 	 -0.000 	  0.132
7 	 21 	  0.029 	 -0.000 	  0.095
7 	 22 	  0.017 	 -0.000 	  0.054
7 	 23 	  0.003 	 -0.000 	  0.011
7 	 24 	 -0.010 	 -0.000 	 -0.033
7 	 25 	 -0.023 	 -0.000 	 -0.075
7 	 26 	 -0.035 	 -0.000 	 -0.114
7 	 27 	 -0.046 	 -0.000 	 -0.149
7 	 28 	 -0.054 	 -0.000 	 -0.177
7 	 29 	 -0.061 	 -0.000 	 -0.199
7 	 30 	 -0.065 	 -0.000 	 -0.212

8 	 0 	  0.022 	 -0.000 	 -0.218
8 	 1 	  0.022 	 -0.000 	 -0.214
8 	 2 	  0.020 	 -0.000 	 -0.201
8 	 3 	  0.018 	 -0.000 	 -0.179
8 	 4 	  0.015 	 -0.000 	 -0.150
8 	 5 	  0.012 	 -0.000 	 -0.116
8 	 6 	  0.008 	 -0.000 	 -0.076
8 	 7 	  0.003 	 -0.000 	 -0.033
8 	 8 	 -0.001 	 -0.000 	  0.011
8 	 9 	 -0.006 	 -0.000 	  0.055
8 	 10 	 -0.010 	 -0.000 	  0.096
8 	 11 	 -0.014 	 -0.000 	  0.134
8 	 12 	 -0.017 	 -0.000 	  0.166
8 	 13 	 -0.019 	 -0.000 	  0.191
8 	 14 	 -0.021 	 -0.000 	  0.208
8 	 15 	 -0.022 	 -0.000 	  0.217
8 	 16 	 -0.022 	  0.000 	  0.217
8 	 17 	 -0.021 	  0.000 	  0.208
8 	 18 	 -0.019 	  0.000 	  0.191
8 	 19 	 -0.017 	  0.000 	  0.166
8 	 20 	 -0.014 	  0.000 	  0.134
8 	 21 	 -0.010 	  0.000 	  0.096
8 	 22 	 -0.006 	  0.000 	  0.055
8 	 23 	 -0.001 	  0.000 	  0.011
8 	 24 	  0.003 	  0.000 	 -0.033
8 	 25 	  0.008 	  0.000 	 -0.076
8 	 26 	  0.012 	  0.000 	 -0.116
8 	 27 	  0.015 	  0.000 	 -0.150
8 	 28 	  0.018 	  0.000 	 -0.179
8 	 29 	  0.020 	  0.000 	 -0.201
8 	 30 	  0.022 	  0.000 	 -0.214

9 	 0 	  0.110 	 -0.000 	 -0.212
9 	 1 	  0.107 	 -0.000 	 -0.207
9 	 2 	  0.101 	 -0.000 	 -0.195
9 	 3 	  0.090 	 -0.000 	 -0.174
9 	 4 	  0.076 	 -0.000 	 -0.146
9 	 5 	  0.058 	 -0.000 	 -0.112
9 	 6 	  0.038 	 -0.000 	 -0.074
9 	 7 	  0.017 	 -0.000 	 -0.032
9 	 8 	 -0.006 	 -0.000 	  0.011
9 	 9 	 -0.027 	 -0.000 	  0.053
9 	 10 	 -0.048 	 -0.000 	  0.093
9 	 11 	 -0.067 	 -0.000 	  0.130
9 	 12 	 -0.083 	 -0.000 	  0.161
9 	 13 	 -0.096 	 -0.000 	  0.185
9 	 14 	 -0.105 	 -0.000 	  0.202
9 	 15 	 -0.109 	 -0.000 	  0.211
9 	 16 	 -0.109 	  0.000 	  0.211
9 	 17 	 -0.105 	  0.000 	  0.202
9 	 18 	 -0.096 	  0.000 	  0.185
9 	 19 	 -0.083 	  0.000 	  0.161
9 	 20 	 -0.067 	  0.000 	  0.130
9 	 21 	 -0.048 	  0.000 	  0.093
9 	 22 	 -0.027 	  0.000 	  0.053
9 	 23 	 -0.006 	  0.000 	  0.011
9 	 24 	  0.017 	  0.000 	 -0.032
9 	 25 	  0.038 	  0.000 	 -0.074
9 	 26 	  0.058 	  0.000 	 -0.112
9 	 27 	  0.076 	  0.000 	 -0.146
9 	 28 	  0.090 	  0.000 	 -0.174
9 	 29 	  0.101 	  0.000 	 -0.195
9 	 30 	  0.107 	  0.000 	 -0.207

10 	 0 	  0.193 	 -0.000 	 -0.196
10 	 1 	  0.189 	 -0.000 	 -0.192
10 	 2 	  0.177 	 -0.000 	 -0.180
10 	 3 	  0.158 	 -0.000 	 -0.161
10 	 4 	  0.133 	 -0.000 	 -0.135
10 	 5 	  0.102 	 -0.000 	 -0.104
10 	 6 	  0.067 	 -0.000 	 -0.068
10 	 7 	  0.029 	 -0.000 	 -0.030
10 	 8 	 -0.010 	 -0.000 	  0.010
10 	 9 	 -0.048 	 -0.000 	  0.049
10 	 10 	 -0.085 	 -0.000 	  0.086
10 	 11 	 -0.118 	 -0.000 	  0.120
10 	 12 	 -0.146 	 -0.000 	  0.149
10 	 13 	 -0.168 	 -0.000 	  0.172
10 	 14 	 -0.184 	 -0.000 	  0.187
10 	 15 	 -0.192 	 -0.000 	  0.195
10 	 16 	 -0.192 	  0.000 	  0.195
10 	 17 	 -0.184 	  0.000 	  0.187
10 	 18 	 -0.168 	  0.000 	  0.172
10 	 19 	 -0.146 	  0.000 	  0.149
10 	 20 	 -0.118 	  0.000 	  0.120
10 	 21 	 -0.085 	  0.000 	  0.086
10 	 22 	 -0.048 	  0.000 	  0.049
10 	 23 	 -0.010 	  0.000 	  0.010
10 	 24 	  0.029 	  0.000 	 -0.030
10 	 25 	  0.067 	  0.000 	 -0.068
10 	 26 	  0.102 	  0.000 	 -0.104
10 	 27 	  0.133 	  0.000 	 -0.135
10 	 28 	  0.158 	  0.000 	 -0.161
10 	 29 	  0.177 	  0.000 	 -0.180
10 	 30 	  0.189 	  0.000 	 -0.192

11 	 0 	  0.268 	 -0.000 	 -0.173
11 	 1 	  0.262 	 -0.000 	 -0.169
11 	 2 	  0.246 	 -0.000 	 -0.159
11 	 3 	  0.220 	 -0.000 	 -0.142
11 	 4 	  0.184 	 -0.000 	 -0.119
11 	 5 	  0.142 	 -0.000 	 -0.091
11 	 6 	  0.093 	 -0.000 	 -0.060
11 	 7 	  0.041 	 -0.000 	 -0.026
11 	 8 	 -0.014 	 -0.000 	  0.009
11 	 9 	 -0.067 	 -0.000 	  0.043
11 	 10 	 -0.118 	 -0.000 	  0.076
11 	 11 	 -0.164 	 -0.000 	  0.106
11 	 12 	 -0.203 	 -0.000 	  0.131
11 	 13 	 -0.234 	 -0.000 	  0.151
11 	 14 	 -0.255 	 -0.000 	  0.165
11 	 15 	 -0.266 	 -0.000 	  0.172
11 	 16 	 -0.266 	  0.000 	  0.172
11 	 17 	 -0.255 	  0.000 	  0.165
11 	 18 	 -0.234 	  0.000 	  0.151
11 	 19 	 -0.203 	  0.000 	  0.131
11 	 20 	 -0.164 	  0.000 	  0.106
11 	 21 	 -0.118 	  0.000 	  0.076
11 	 22 	 -0.067 	  0.000 	  0.043
11 	 23 	 -0.014 	  0.000 	  0.009
11 	 24 	  0.041 	  0.000 	 -0.026
11 	 25 	  0.093 	  0.000 	 -0.060
11 	 26 	  0.142 	  0.000 	 -0.091
11 	 27 	  0.184 	  0.000 	 -0.119
11 	 28 	  0.220 	  0.000 	 -0.142
11 	 29 	  0.246 	  0.000 	 -0.159
11 	 30 	  0.262 	  0.000 	 -0.169

12 	 0 	  0.332 	 -0.000 	 -0.142
12 	 1 	  0.325 	 -0.000 	 -0.140
12 	 2 	  0.305 	 -0.000 	 -0.131
12 	 3 	  0.272 	 -0.000 	 -0.117
12 	 4 	  0.229 	 -0.000 	 -0.098
12 	 5 	  0.176 	 -0.000 	 -0.075
12 	 6 	  0.115 	 -0.000 	 -0.049
12 	 7 	  0.050 	 -0.000 	 -0.022
12 	 8 	 -0.017 	 -0.000 	  0.007
12 	 9 	 -0.083 	 -0.000 	  0.036
12 	 10 	 -0.146 	 -0.000 	  0.063
12 	 11 	 -0.203 	 -0.000 	  0.087
12 	 12 	 -0.252 	 -0.000 	  0.108
12 	 13 	 -0.290 	 -0.000 	  0.125
12 	 14 	 -0.317 	 -0.000 	  0.136
12 	 15 	 -0.330 	 -0.000 	  0.142
12 	 16 	 -0.330 	  0.000 	  0.142
12 	 17 	 -0.317 	  0.000 	  0.136
12 	 18 	 -0.290 	  0.000 	  0.125
12 	 19 	 -0.252 	  0.000 	  0.108
12 	 20 	 -0.203 	  0.000 	  0.087
12 	 21 	 -0.146 	  0.000 	  0.063
12 	 22 	 -0.083 	  0.000 	  0.036
12 	 23 	 -0.017 	  0.000 	  0.007
12 	 24 	  0.050 	  0.000 	 -0.022
12 	 25 	  0.115 	  0.000 	 -0.049
12 	 26 	  0.176 	  0.000 	 -0.075
12 	 27 	  0.229 	  0.000 	 -0.098
12 	 28 	  0.272 	  0.000 	 -0.117
12 	 29 	  0.305 	  0.000 	 -0.131
12 	 30 	  0.325 	  0.000 	 -0.140

13 	 0 	  0.382 	 -0.000 	 -0.106
13 	 1 	  0.375 	 -0.000 	 -0.104
13 	 2 	  0.351 	 -0.000 	 -0.098
13 	 3 	  0.314 	 -0.000 	 -0.087
13 	 4 	  0.264 	 -0.000 	 -0.073
13 	 5 	  0.202 	 -0.000 	 -0.056
13 	 6 	  0.133 	 -0.000 	 -0.037
13 	 7 	  0.058 	 -0.000 	 -0.016
13 	 8 	 -0.019 	 -0.000 	  0.005
13 	 9 	 -0.096 	 -0.000 	  0.027
13 	 10 	 -0.168 	 -0.000 	  0.047
13 	 11 	 -0.234 	 -0.000 	  0.065
13 	 12 	 -0.290 	 -0.000 	  0.081
13 	 13 	 -0.334 	 -0.000 	  0.093
13 	 14 	 -0.365 	 -0.000 	  0.101
13 	 15 	 -0.380 	 -0.000 	  0.106
13 	 16 	 -0.380 	  0.000 	  0.106
13 	 17 	 -0.365 	  0.000 	  0.101
13 	 18 	 -0.334 	  0.000 	  0.093
13 	 19 	 -0.290 	  0.000 	  0.081
13 	 20 	 -0.234 	  0.000 	  0.065
13 	 21 	 -0.168 	  0.000 	  0.047
13 	 22 	 -0.096 	  0.000 	  0.027
13 	 23 	 -0.019 	  0.000 	  0.005
13 	 24 	  0.058 	  0.000 	 -0.016
13 	 25 	  0.133 	  0.000 	 -0.037
13 	 26 	  0.202 	  0.000 	 -0.056
13 	 27 	  0.264 	  0.000 	 -0.073
13 	 28 	  0.314 	  0.000 	 -0.087
13 	 29 	  0.351 	  0.000 	 -0.098
13 	 30 	  0.375 	  0.000 	 -0.104

14 	 0 	  0.417 	 -0.000 	 -0.065
14 	 1 	  0.409 	 -0.000 	 -0.064
14 	 2 	  0.384 	 -0.000 	 -0.060
14 	 3 	  0.343 	 -0.000 	 -0.054
14 	 4 	  0.288 	 -0.000 	 -0.045
14 	 5 	  0.221 	 -0.000 	 -0.035
14 	 6 	  0.145 	 -0.000 	 -0.023
14 	 7 	  0.063 	 -0.000 	 -0.010
14 	 8 	 -0.021 	 -0.000 	  0.003
14 	 9 	 -0.105 	 -0.000 	  0.016
14 	 10 	 -0.184 	 -0.000 	  0.029
14 	 11 	 -0.255 	 -0.000 	  0.040
14 	 12 	 -0.317 	 -0.000 	  0.050
14 	 13 	 -0.365 	 -0.000 	  0.057
14 	 14 	 -0.398 	 -0.000 	  0.062
14 	 15 	 -0.415 	 -0.000 	  0.065
14 	 16 	 -0.415 	  0.000 	  0.065
14 	 17 	 -0.398 	  0.000 	  0.062
14 	 18 	 -0.365 	  0.000 	  0.057
14 	 19 	 -0.317 	  0.000 	  0.050
14 	 20 	 -0.255 	  0.000 	  0.040
14 	 21 	 -0.184 	  0.000 	  0.029
14 	 22 	 -0.105 	  0.000 	  0.016
14 	 23 	 -0.021 	  0.000 	  0.003
14 	 24 	  0.063 	  0.000 	 -0.010
14 	 25 	  0.145 	  0.000 	 -0.023
14 	 26 	  0.221 	  0.000 	 -0.035
14 	 27 	  0.288 	  0.000 	 -0.045
14 	 28 	  0.343 	  0.000 	 -0.054
14 	 29 	  0.384 	  0.000 	 -0.060
14 	 30 	  0.409 	  0.000 	 -0.064

15 	 0 	  0.435 	 -0.000 	 -0.022
15 	 1 	  0.426 	 -0.000 	 -0.022
15 	 2 	  0.400 	 -0.000 	 -0.020
15 	 3 	  0.357 	 -0.000 	 -0.018
15 	 4 	  0.300 	 -0.000 	 -0.015
15 	 5 	  0.230 	 -0.000 	 -0.012
15 	 6 	  0.151 	 -0.000 	 -0.008
15 	 7 	  0.066 	 -0.000 	 -0.003
15 	 8 	 -0.022 	 -0.000 	  0.001
15 	 9 	 -0.109 	 -0.000 	  0.006
15 	 10 	 -0.192 	 -0.000 	  0.010
15 	 11 	 -0.266 	 -0.000 	  0.014
15 	 12 	 -0.330 	 -0.000 	  0.017
15 	 13 	 -0.380 	 -0.000 	  0.019
15 	 14 	 -0.415 	 -0.000 	  0.021
15 	 15 	 -0.433 	 -0.000 	  0.022
15 	 16 	 -0.433 	  0.000 	  0.022
15 	 17 	 -0.415 	  0.000 	  0.021
15 	 18 	 -0.380 	  0.000 	  0.019
15 	 19 	 -0.330 	  0.000 	  0.017
15 	 20 	 -0.266 	  0.000 	  0.014
15 	 21 	 -0.192 	  0.000 	  0.010
15 	 22 	 -0.109 	  0.000 	  0.006
15 	 23 	 -0.022 	  0.000 	  0.001
15 	 24 	  0.066 	  0.000 	 -0.003
15 	 25 	  0.151 	  0.000 	 -0.008
15 	 26 	  0.230 	  0.000 	 -0.012
15 	 27 	  0.300 	  0.000 	 -0.015
15 	 28 	  0.357 	  0.000 	 -0.018
15 	 29 	  0.400 	  0.000 	 -0.020
15 	 30 	  0.426 	  0.000 	 -0.022

16 	 0 	  0.435 	 -0.000 	  0.022
16 	 1 	  0.426 	 -0.000 	  0.022
16 	 2 	  0.400 	 -0.000 	  0.020
16 	 3 	  0.357 	 -0.000 	  0.018
16 	 4 	  0.300 	 -0.000 	  0.015
16 	 5 	  0.230 	 -0.000 	  0.012
16 	 6 	  0.151 	 -0.000 	  0.008
16 	 7 	  0.066 	 -0.000 	  0.003
16 	 8 	 -0.022 	 -0.000 	 -0.001
16 	 9 	 -0.109 	 -0.000 	 -0.006
16 	 10 	 -0.192 	 -0.000 	 -0.010
16 	 11 	 -0.266 	 -0.000 	 -0.014
16 	 12 	 -0.330 	 -0.000 	 -0.017
16 	 13 	 -0.380 	 -0.000 	 -0.019
16 	 14 	 -0.415 	 -0.000 	 -0.021
16 	 15 	 -0.433 	 -0.000 	 -0.022
16 	 16 	 -0.433 	  0.000 	 -0.022
16 	 17 	 -0.415 	  0.000 	 -0.021
16 	 18 	 -0.380 	  0.000 	 -0.019
16 	 19 	 -0.330 	  0.000 	 -0.017
16 	 20 	 -0.266 	  0.000 	 -0.014
16 	 21 	 -0.192 	  0.000 	 -0.010
16 	 22 	 -0.109 	  0.000 	 -0.006
16 	 23 	 -0.022 	  0.000 	 -0.001
16 	 24 	  0.066 	  0.000 	  0.003
16 	 25 	  0.151 	  0.000 	  0.008
16 	 26 	  0.230 	  0.000 	  0.012
16 	 27 	  0.300 	  0.000 	  0.015
16 	 28 	  0.357 	  0.000 	  0.018
16 	 29 	  0.400 	  0.000 	  0.020
16 	 30 	  0.426 	  0.000 	  0.022

17 	 0 	  0.417 	 -0.000 	  0.065
17 	 1 	  0.409 	 -0.000 	  0.064
17 	 2 	  0.384 	 -0.000 	  0.060
17 	 3 	  0.343 	 -0.000 	  0.054
17 	 4 	  0.288 	 -0.000 	  0.045
17 	 5 	  0.221 	 -0.000 	  0.035
17 	 6 	  0.145 	 -0.000 	  0.023
17 	 7 	  0.063 	 -0.000 	  0.010
17 	 8 	 -0.021 	 -0.000 	 -0.003
17 	 9 	 -0.105 	 -0.000 	 -0.016
17 	 10 	 -0.184 	 -0.000 	 -0.029
17 	 11 	 -0.255 	 -0.000 	 -0.040
17 	 12 	 -0.317 	 -0.000 	 -0.050
17 	 13 	 -0.365 	 -0.000 	 -0.057
17 	 14 	 -0.398 	 -0.000 	 -0.062
17 	 15 	 -0.415 	 -0.000 	 -0.065
17 	 16 	 -0.415 	  0.000 	 -0.065
17 	 17 	 -0.398 	  0.000 	 -0.062
17 	 18 	 -0.365 	  0.000 	 -0.057
17 	 19 	 -0.317 	  0.000 	 -0.050
17 	 20 	 -0.255 	  0.000 	 -0.040
17 	 21 	 -0.184 	  0.000 	 -0.029
17 	 22 	 -0.105 	  0.000 	 -0.016
17 	 23 	 -0.021 	  0.000 	 -0.003
17 	 24 	  0.063 	  0.000 	  0.010
17 	 25 	  0.145 	  0.000 	  0.023
17 	 26 	  0.221 	  0.000 	  0.035
17 	 27 	  0.288 	  0.000 	  0.045
17 	 28 	  0.343 	  0.000 	  0.054
17 	 29 	  0.384 	  0.000 	  0.060
17 	 30 	  0.409 	  0.000 	  0.064

18 	 0 	  0.382 	 -0.000 	  0.106
18 	 1 	  0.375 	 -0.000 	  0.104
18 	 2 	  0.351 	 -0.000 	  0.098
18 	 3 	  0.314 	 -0.000 	  0.087
18 	 4 	  0.264 	 -0.000 	  0.073
18 	 5 	  0.202 	 -0.000 	  0.056
18 	 6 	  0.133 	 -0.000 	  0.037
18 	 7 	  0.058 	 -0.000 	  0.016
18 	 8 	 -0.019 	 -0.000 	 -0.005
18 	 9 	 -0.096 	 -0.000 	 -0.027
18 	 10 	 -0.168 	 -0.000 	 -0.047
18 	 11 	 -0.234 	 -0.000 	 -0.065
18 	 12 	 -0.290 	 -0.000 	 -0.081
18 	 13 	 -0.334 	 -0.000 	 -0.093
18 	 14 	 -0.365 	 -0.000 	 -0.101
18 	 15 	 -0.380 	 -0.000 	 -0.106
18 	 16 	 -0.380 	  0.000 	 -0.106
18 	 17 	 -0.365 	  0.000 	 -0.101
18 	 18 	 -0.334 	  0.000 	 -0.093
18 	 19 	 -0.290 	  0.000 	 -0.081
18 	 20 	 -0.234 	  0.000 	 -0.065
18 	 21 	 -0.168 	  0.000 	 -0.047
18 	 22 	 -0.096 	  0.000 	 -0.027
18 	 23 	 -0.019 	  0.000 	 -0.005
18 	 24 	  0.058 	  0.000 	  0.016
18 	 25 	  0.133 	  0.000 	  0.037
18 	 26 	  0.202 	  0.000 	  0.056
18 	 27 	  0.264 	  0.000 	  0.073
18 	 28 	  0.314 	  0.000 	  0.087
18 	 29 	  0.351 	  0.000 	  0.098
18 	 30 	  0.375 	  0.000 	  0.104

19 	 0 	  0.332 	 -0.000 	  0.142
19 	 1 	  0.325 	 -0.000 	  0.140
19 	 2 	  0.305 	 -0.000 	  0.131
19 	 3 	  0.272 	 -0.000 	  0.117
19 	 4 	  0.229 	 -0.000 	  0.098
19 	 5 	  0.176 	 -0.000 	  0.075
19 	 6 	  0.115 	 -0.000 	  0.049
19 	 7 	  0.050 	 -0.000 	  0.022
19 	 8 	 -0.017 	 -0.000 	 -0.007
19 	 9 	 -0.083 	 -0.000 	 -0.036
19 	 10 	 -0.146 	 -0.000 	 -0.063
19 	 11 	 -0.203 	 -0.000 	 -0.087
19 	 12 	 -0.252 	 -0.000 	 -0.108
19 	 13 	 -0.290 	 -0.000 	 -0.125
19 	 14 	 -0.317 	 -0.000 	 -0.136
19 	 15 	 -0.330 	 -0.000 	 -0.142
19 	 16 	 -0.330 	  0.000 	 -0.142
19 	 17 	 -0.317 	  0.000 	 -0.136
19 	 18 	 -0.290 	  0.000 	 -0.125
19 	 19 	 -0.252 	  0.000 	 -0.108
19 	 20 	 -0.203 	  0.000 	 -0.087
19 	 21 	 -0.146 	  0.000 	 -0.063
19 	 22 	 -0.083 	  0.000 	 -0.036
19 	 23 	 -0.017 	  0.000 	 -0.007
19 	 24 	  0.050 	  0.000 	  0.022
19 	 25 	  0.115 	  0.000 	  0.049
19 	 26 	  0.176 	  0.000 	  0.075
19 	 27 	  0.229 	  0.000 	  0.098
19 	 28 	  0.272 	  0.000 	  0.117
19 	 29 	  0.305 	  0.000 	  0.131
19 	 30 	  0.325 	  0.000 	  0.140

20 	 0 	  0.268 	 -0.000 	  0.173
20 	 1 	  0.262 	 -0.000 	  0.169
20 	 2 	  0.246 	 -0.000 	  0.159
20 	 3 	  0.220 	 -0.000 	  0.142
20 	 4 	  0.184 	 -0.000 	  0.119
20 	 5 	  0.142 	 -0.000 	  0.091
20 	 6 	  0.093 	 -0.000 	  0.060
20 	 7 	  0.041 	 -0.000 	  0.026
20 	 8 	 -0.014 	 -0.000 	 -0.009
20 	 9 	 -0.067 	 -0.000 	 -0.043
20 	 10 	 -0.118 	 -0.000 	 -0.076
20 	 11 	 -0.164 	 -0.000 	 -0.106
20 	 12 	 -0.203 	 -0.000 	 -0.131
20 	 13 	 -0.234 	 -0.000 	 -0.151
20 	 14 	 -0.255 	 -0.000 	 -0.165
20 	 15 	 -0.266 	 -0.000 	 -0.172
20 	 16 	 -0.266 	  0.000 	 -0.172
20 	 17 	 -0.255 	  0.000 	 -0.165
20 	 18 	 -0.234 	  0.000 	 -0.151
20 	 19 	 -0.203 	  0.000 	 -0.131
20 	 20 	 -0.164 	  0.000 	 -0.106
20 	 21 	 -0.118 	  0.000 	 -0.076
20 	 22 	 -0.067 	  0.000 	 -0.043
20 	 23 	 -0.014 	  0.000 	 -0.009
20 	 24 	  0.041 	  0.000 	  0.026
20 	 25 	  0.093 	  0.000 	  0.060
20 	 26 	  0.142 	  0.000 	  0.091
20 	 27 	  0.184 	  0.000 	  0.119
20 	 28 	  0.220 	  0.000 	  0.142
20 	 29 	  0.246 	  0.000 	  0.159
20 	 30 	  0.262 	  0.000 	  0.169

21 	 0 	  0.193 	 -0.000 	  0.196
21 	 1 	  0.189 	 -0.000 	  0.192
21 	 2 	  0.177 	 -0.000 	  0.180
21 	 3 	  0.158 	 -0.000 	  0.161
21 	 4 	  0.133 	 -0.000 	  0.135
21 	 5 	  0.102 	 -0.000 	  0.104
21 	 6 	  0.067 	 -0.000 	  0.068
21 	 7 	  0.029 	 -0.000 	  0.030
21 	 8 	 -0.010 	 -0.000 	 -0.010
21 	 9 	 -0.048 	 -0.000 	 -0.049
21 	 10 	 -0.085 	 -0.000 	 -0.086
21 	 11 	 -0.118 	 -0.000 	 -0.120
21 	 12 	 -0.146 	 -0.000 	 -0.149
21 	 13 	 -0.168 	 -0.000 	 -0.172
21 	 14 	 -0.184 	 -0.000 	 -0.187
21 	 15 	 -0.192 	 -0.000 	 -0.195
21 	 16 	 -0.192 	  0.000 	 -0.195
21 	 17 	 -0.184 	  0.000 	 -0.187
21 	 18 	 -0.168 	  0.000 	 -0.172
21 	 19 	 -0.146 	  0.000 	 -0.149
21 	 20 	 -0.118 	  0.000 	 -0.120
21 	 21 	 -0.085 	  0.000 	 -0.086
21 	 22 	 -0.048 	  0.000 	 -0.049
21 	 23 	 -0.010 	  0.000 	 -0.010
21 	 24 	  0.029 	  0.000 	  0.030
21 	 25 	  0.067 	  0.000 	  0.068
21 	 26 	  0.102 	  0.000 	  0.104
21 	 27 	  0.133 	  0.000 	  0.135
21 	 28 	  0.158 	  0.000 	  0.161
21 	 29 	  0.177 	  0.000 	  0.180
21 	 30 	  0.189 	  0.000 	  0.192

22 	 0 	  0.110 	 -0.000 	  0.212
22 	 1 	  0.107 	 -0.000 	  0.207
22 	 2 	  0.101 	 -0.000 	  0.195
22 	 3 	  0.090 	 -0.000 	  0.174
22 	 4 	  0.076 	 -0.000 	  0.146
22 	 5 	  0.058 	 -0.000 	  0.112
22 	 6 	  0.038 	 -0.000 	  0.074
22 	 7 	  0.017 	 -0.000 	  0.032
22 	 8 	 -0.006 	 -0.000 	 -0.011
22 	 9 	 -0.027 	 -0.000 	 -0.053
22 	 10 	 -0.048 	 -0.000 	 -0.093
22 	 11 	 -0.067 	 -0.000 	 -0.130
22 	 12 	 -0.083 	 -0.000 	 -0.161
22 	 13 	 -0.096 	 -0.000 	 -0.185
22 	 14 	 -0.105 	 -0.000 	 -0.202
22 	 15 	 -0.109 	 -0.000 	 -0.211
22 	 16 	 -0.109 	  0.000 	 -0.211
22 	 17 	 -0.105 	  0.000 	 -0.202
22 	 18 	 -0.096 	  0.000 	 -0.185
22 	 19 	 -0.083 	  0.000 	 -0.161
22 	 20 	 -0.067 	  0.000 	 -0.130
22 	 21 	 -0.048 	  0.000 	 -0.093
22 	 22 	 -0.027 	  0.000 	 -0.053
22 	 23 	 -0.006 	  0.000 	 -0.011
22 	 24 	  0.017 	  0.000 	  0.032
22 	 25 	  0.038 	  0.000 	  0.074
22 	 26 	  0.058 	  0.000 	  0.112
22 	 27 	  0.076 	  0.000 	  0.146
22 	 28 	  0.090 	  0.000 	  0.174
22 	 29 	  0.101 	  0.000 	  0.195
22 	 30 	  0.107 	  0.000 	  0.207

23 	 0 	  0.022 	 -0.000 	  0.218
23 	 1 	  0.022 	 -0.000 	  0.214
23 	 2 	  0.020 	 -0.000 	  0.201
23 	 3 	  0.018 	 -0.000 	  0.179
23 	 4 	  0.015 	 -0.000 	  0.150
23 	 5 	  0.012 	 -0.000 	  0.116
23 	 6 	  0.008 	 -0.000 	  0.076
23 	 7 	  0.003 	 -0.000 	  0.033
23 	 8 	 -0.001 	 -0.000 	 -0.011
23 	 9 	 -0.006 	 -0.000 	 -0.055
23 	 10 	 -0.010 	 -0.000 	 -0.096
23 	 11 	 -0.014 	 -0.000 	 -0.134
23 	 12 	 -0.017 	 -0.000 	 -0.166
23 	 13 	 -0.019 	 -0.000 	 -0.191
23 	 14 	 -0.021 	 -0.000 	 -0.208
23 	 15 	 -0.022 	 -0.000 	 -0.217
23 	 16 	 -0.022 	  0.000 	 -0.217
23 	 17 	 -0.021 	  0.000 	 -0.208
23 	 18 	 -0.019 	  0.000 	 -0.191
23 	 19 	 -0.017 	  0.000 	 -0.166
23 	 20 	 -0.014 	  0.000 	 -0.134
23 	 21 	 -0.010 	  0.000 	 -0.096
23 	 22 	 -0.006 	  0.000 	 -0.055
23 	 23 	 -0.001 	  0.000 	 -0.011
23 	 24 	  0.003 	  0.000 	  0.033
23 	 25 	  0.008 	  0.000 	  0.076
23 	 26 	  0.012 	  0.000 	  0.116
23 	 27 	  0.015 	  0.000 	  0.150
23 	 28 	  0.018 	  0.000 	  0.179
23 	 29 	  0.020 	  0.000 	  0.201
23 	 30 	  0.022 	  0.000 	  0.214

24 	 0 	 -0.066 	  0.000 	  0.216
24 	 1 	 -0.065 	  0.000 	  0.212
24 	 2 	 -0.061 	  0.000 	  0.199
24 	 3 	 -0.054 	  0.000 	  0.177
24 	 4 	 -0.046 	  0.000 	  0.149
24 	 5 	 -0.035 	  0.000 	  0.114
24 	 6 	 -0.023 	  0.000 	  0.075
24 	 7 	 -0.010 	  0.000 	  0.033
24 	 8 	  0.003 	  0.000 	 -0.011
24 	 9 	  0.017 	  0.000 	 -0.054
24 	 10 	  0.029 	  0.000 	 -0.095
24 	 11 	  0.041 	  0.000 	 -0.132
24 	 12 	  0.050 	  0.000 	 -0.164
24 	 13 	  0.058 	  0.000 	 -0.189
24 	 14 	  0.063 	  0.000 	 -0.206
24 	 15 	  0.066 	  0.000 	 -0.215
24 	 16 	  0.066 	 -0.000 	 -0.215
24 	 17 	  0.063 	 -0.000 	 -0.206
24 	 18 	  0.058 	 -0.000 	 -0.189
24 	 19 	  0.050 	 -0.000 	 -0.164
24 	 20 	  0.041 	 -0.000 	 -0.132
24 	 21 	  0.029 	 -0.000 	 -0.095
24 	 22 	  0.017 	 -0.000 	 -0.054
24 	 23 	  0.003 	 -0.000 	 -0.011
24 	 24 	 -0.010 	 -0.000 	  0.033
24 	 25 	 -0.023 	 -0.000 	  0.075
24 	 26 	 -0.035 	 -0.000 	  0.114
24 	 27 	 -0.046 	 -0.000 	  0.149
24 	 28 	 -0.054 	 -0.000 	  0.177
24 	 29 	 -0.061 	 -0.000 	  0.199
24 	 30 	 -0.065 	 -0.000 	  0.212

25 	 0 	 -0.152 	  0.000 	  0.205
25 	 1 	 -0.149 	  0.000 	  0.201
25 	 2 	 -0.140 	  0.000 	  0.188
25 	 3 	 -0.125 	  0.000 	  0.168
25 	 4 	 -0.105 	  0.000 	  0.141
25 	 5 	 -0.080 	  0.000 	  0.108
25 	 6 	 -0.053 	  0.000 	  0.071
25 	 7 	 -0.023 	  0.000 	  0.031
25 	 8 	  0.008 	  0.000 	 -0.010
25 	 9 	  0.038 	  0.000 	 -0.051
25 	 10 	  0.067 	  0.000 	 -0.090
25 	 11 	  0.093 	  0.000 	 -0.126
25 	 12 	  0.115 	  0.000 	 -0.156
25 	 13 	  0.133 	  0.000 	 -0.179
25 	 14 	  0.145 	  0.000 	 -0.196
25 	 15 	  0.151 	  0.000 	 -0.204
25 	 16 	  0.151 	 -0.000 	 -0.204
25 	 17 	  0.145 	 -0.000 	 -0.196
25 	 18 	  0.133 	 -0.000 	 -0.179
25 	 19 	  0.115 	 -0.000 	 -0.156
25 	 20 	  0.093 	 -0.000 	 -0.126
25 	 21 	  0.067 	 -0.000 	 -0.090
25 	 22 	  0.038 	 -0.000 	 -0.051
25 	 23 	  0.008 	 -0.000 	 -0.010
25 	 24 	 -0.023 	 -0.000 	  0.031
25 	 25 	 -0.053 	 -0.000 	  0.071
25 	 26 	 -0.080 	 -0.000 	  0.108
25 	 27 	 -0.105 	 -0.000 	  0.141
25 	 28 	 -0.125 	 -0.000 	  0.168
25 	 29 	 -0.140 	 -0.000 	  0.188
25 	 30 	 -0.149 	 -0.000 	  0.201

26 	 0 	 -0.231 	  0.000 	  0.186
26 	 1 	 -0.227 	  0.000 	  0.182
26 	 2 	 -0.213 	  0.000 	  0.171
26 	 3 	 -0.190 	  0.000 	  0.152
26 	 4 	 -0.159 	  0.000 	  0.128
26 	 5 	 -0.122 	  0.000 	  0.098
26 	 6 	 -0.080 	  0.000 	  0.064
26 	 7 	 -0.035 	  0.000 	  0.028
26 	 8 	  0.012 	  0.000 	 -0.009
26 	 9 	  0.058 	  0.000 	 -0.047
26 	 10 	  0.102 	  0.000 	 -0.082
26 	 11 	  0.142 	  0.000 	 -0.114
26 	 12 	  0.176 	  0.000 	 -0.141
26 	 13 	  0.202 	  0.000 	 -0.162
26 	 14 	  0.221 	  0.000 	 -0.177
26 	 15 	  0.230 	  0.000 	 -0.185
26 	 16 	  0.230 	 -0.000 	 -0.185
26 	 17 	  0.221 	 -0.000 	 -0.177
26 	 18 	  0.202 	 -0.000 	 -0.162
26 	 19 	  0.176 	 -0.000 	 -0.141
26 	 20 	  0.142 	 -0.000 	 -0.114
26 	 21 	  0.102 	 -0.000 	 -0.082
26 	 22 	  0.058 	 -0.000 	 -0.047
26 	 23 	  0.012 	 -0.000 	 -0.009
26 	 24 	 -0.035 	 -0.000 	  0.028
26 	 25 	 -0.080 	 -0.000 	  0.064
26 	 26 	 -0.122 	 -0.000 	  0.098
26 	 27 	 -0.159 	 -0.000 	  0.128
26 	 28 	 -0.190 	 -0.000 	  0.152
26 	 29 	 -0.213 	 -0.000 	  0.171
26 	 30 	 -0.227 	 -0.000 	  0.182

27 	 0 	 -0.301 	  0.000 	  0.159
27 	 1 	 -0.295 	  0.000 	  0.155
27 	 2 	 -0.277 	  0.000 	  0.146
27 	 3 	 -0.247 	  0.000 	  0.130
27 	 4 	 -0.208 	  0.000 	  0.109
27 	 5 	 -0.159 	  0.000 	  0.084
27 	 6 	 -0.105 	  0.000 	  0.055
27 	 7 	 -0.046 	  0.000 	  0.024
27 	 8 	  0.015 	  0.000 	 -0.008
27 	 9 	  0.076 	  0.000 	 -0.040
27 	 10 	  0.133 	  0.000 	 -0.070
27 	 11 	  0.184 	  0.000 	 -0.097
27 	 12 	  0.229 	  0.000 	 -0.120
27 	 13 	  0.264 	  0.000 	 -0.139
27 	 14 	  0.288 	  0.000 	 -0.151
27 	 15 	  0.300 	  0.000 	 -0.158
27 	 16 	  0.300 	 -0.000 	 -0.158
27 	 17 	  0.288 	 -0.000 	 -0.151
27 	 18 	  0.264 	 -0.000 	 -0.139
27 	 19 	  0.229 	 -0.000 	 -0.120
27 	 20 	  0.184 	 -0.000 	 -0.097
27 	 21 	  0.133 	 -0.000 	 -0.070
27 	 22 	  0.076 	 -0.000 	 -0.040
27 	 23 	  0.015 	 -0.000 	 -0.008
27 	 24 	 -0.046 	 -0.000 	  0.024
27 	 25 	 -0.105 	 -0.000 	  0.055
27 	 26 	 -0.159 	 -0.000 	  0.084
27 	 27 	 -0.208 	 -0.000 	  0.109
27 	 28 	 -0.247 	 -0.000 	  0.130
27 	 29 	 -0.277 	 -0.000 	  0.146
27 	 30 	 -0.295 	 -0.000 	  0.155

28 	 0 	 -0.359 	  0.000 	  0.125
28 	 1 	 -0.352 	  0.000 	  0.122
28 	 2 	 -0.330 	  0.000 	  0.115
28 	 3 	 -0.295 	  0.000 	  0.103
28 	 4 	 -0.247 	  0.000 	  0.086
28 	 5 	 -0.190 	  0.000 	  0.066
28 	 6 	 -0.125 	  0.000 	  0.043
28 	 7 	 -0.054 	  0.000 	  0.019
28 	 8 	  0.018 	  0.000 	 -0.006
28 	 9 	  0.090 	  0.000 	 -0.031
28 	 10 	  0.158 	  0.000 	 -0.055
28 	 11 	  0.220 	  0.000 	 -0.076
28 	 12 	  0.272 	  0.000 	 -0.095
28 	 13 	  0.314 	  0.000 	 -0.109
28 	 14 	  0.343 	  0.000 	 -0.119
28 	 15 	  0.357 	  0.000 	 -0.124
28 	 16 	  0.357 	 -0.000 	 -0.124
28 	 17 	  0.343 	 -0.000 	 -0.119
28 	 18 	  0.314 	 -0.000 	 -0.109
28 	 19 	  0.272 	 -0.000 	 -0.095
28 	 20 	  0.220 	 -0.000 	 -0.076
28 	 21 	  0.158 	 -0.000 	 -0.055
28 	 22 	  0.090 	 -0.000 	 -0.031
28 	 23 	  0.018 	 -0.000 	 -0.006
28 	 24 	 -0.054 	 -0.000 	  0.019
28 	 25 	 -0.125 	 -0.000 	  0.043
28 	 26 	 -0.190 	 -0.000 	  0.066
28 	 27 	 -0.247 	 -0.000 	  0.086
28 	 28 	 -0.295 	 -0.000 	  0.103
28 	 29 	 -0.330 	 -0.000 	  0.115
28 	 30 	 -0.352 	 -0.000 	  0.122

29 	 0 	 -0.402 	  0.000 	  0.086
29 	 1 	 -0.394 	  0.000 	  0.084
29 	 2 	 -0.369 	  0.000 	  0.079
29 	 3 	 -0.330 	  0.000 	  0.071
29 	 4 	 -0.277 	  0.000 	  0.059
29 	 5 	 -0.213 	  0.000 	  0.046
29 	 6 	 -0.140 	  0.000 	  0.030
29 	 7 	 -0.061 	  0.000 	  0.013
29 	 8 	  0.020 	  0.000 	 -0.004
29 	 9 	  0.101 	  0.000 	 -0.022
29 	 10 	  0.177 	  0.000 	 -0.038
29 	 11 	  0.246 	  0.000 	 -0.053
29 	 12 	  0.305 	  0.000 	 -0.065
29 	 13 	  0.351 	  0.000 	 -0.075
29 	 14 	  0.384 	  0.000 	 -0.082
29 	 15 	  0.400 	  0.000 	 -0.086
29 	 16 	  0.400 	 -0.000 	 -0.086
29 	 17 	  0.384 	 -0.000 	 -0.082
29 	 18 	  0.351 	 -0.000 	 -0.075
29 	 19 	  0.305 	 -0.000 	 -0.065
29 	 20 	  0.246 	 -0.000 	 -0.053
29 	 21 	  0.177 	 -0.000 	 -0.038
29 	 22 	  0.101 	 -0.000 	 -0.022
29 	 23 	  0.020 	 -0.000 	 -0.004
29 	 24 	 -0.061 	 -0.000 	  0.013
29 	 25 	 -0.140 	 -0.000 	  0.030
29 	 26 	 -0.213 	 -0.000 	  0.046
29 	 27 	 -0.277 	 -0.000 	  0.059
29 	 28 	 -0.330 	 -0.000 	  0.071
29 	 29 	 -0.369 	 -0.000 	  0.079
29 	 30 	 -0.394 	 -0.000 	  0.084

30 	 0 	 -0.428 	  0.000 	  0.044
30 	 1 	 -0.420 	  0.000 	  0.043
30 	 2 	 -0.394 	  0.000 	  0.040
30 	 3 	 -0.352 	  0.000 	  0.036
30 	 4 	 -0.295 	  0.000 	  0.030
30 	 5 	 -0.227 	  0.000 	  0.023
30 	 6 	 -0.149 	  0.000 	  0.015
30 	 7 	 -0.065 	  0.000 	  0.007
30 	 8 	  0.022 	  0.000 	 -0.002
30 	 9 	  0.107 	  0.000 	 -0.011
30 	 10 	  0.189 	  0.000 	 -0.019
30 	 11 	  0.262 	  0.000 	 -0.027
30 	 12 	  0.325 	  0.000 	 -0.033
30 	 13 	  0.375 	  0.000 	 -0.038
30 	 14 	  0.409 	  0.000 	 -0.042
30 	 15 	  0.426 	  0.000 	 -0.044
30 	 16 	  0.426 	 -0.000 	 -0.044
30 	 17 	  0.409 	 -0.000 	 -0.042
30 	 18 	  0.375 	 -0.000 	 -0.038
30 	 19 	  0.325 	 -0.000 	 -0.033
30 	 20 	  0.262 	 -0.000 	 -0.027
30 	 21 	  0.189 	 -0.000 	 -0.019
30 	 22 	  0.107 	 -0.000 	 -0.011
30 	 23 	  0.022 	 -0.000 	 -0.002
30 	 24 	 -0.065 	 -0.000 	  0.007
30 	 25 	 -0.149 	 -0.000 	  0.015
30 	 26 	 -0.227 	 -0.000 	  0.023
30 	 27 	 -0.295 	 -0.000 	  0.030
30 	 28 	 -0.352 	 -0.000 	  0.036
30 	 29 	 -0.394 	 -0.000 	  0.040
30 	 30 	 -0.420 	 -0.000 	  0.043

