0 	 0 	 -1.846 	  0.000 	 -0.000
0 	 1 	 -1.808 	  0.000 	 -0.000
0 	 2 	 -1.697 	  0.000 	 -0.000
0 	 3 	 -1.515 	  0.000 	 -0.000
0 	 4 	 -1.272 	  0.000 	 -0.000
0 	 5 	 -0.977 	  0.000 	 -0.000
0 	 6 	 -0.641 	  0.000 	 -0.000
0 	 7 	 -0.280 	  0.000 	 -0.000
0 	 8 	  0.094 	  0.000 	  0.000
0 	 9 	  0.463 	  0.000 	  0.000
0 	 10 	  0.813 	  0.000 	  0.000
0 	 11 	  1.130 	  0.000 	  0.000
0 	 12 	  1.401 	  0.000 	  0.000
0 	 13 	  1.614 	  0.000 	  0.000
0 	 14 	  1.762 	  0.000 	  0.000
0 	 15 	  1.837 	  0.000 	  0.000
0 	 16 	  1.837 	 -0.000 	  0.000
0 	 17 	  1.762 	 -0.000 	  0.000
0 	 18 	  1.614 	 -0.000 	  0.000
0 	 19 	  1.401 	 -0.000 	  0.000
0 	 20 	  1.130 	 -0.000 	  0.000
0 	 21 	  0.813 	 -0.000 	  0.000
0 	 22 	  0.463 	 -0.000 	  0.000
0 	 23 	  0.094 	 -0.000 	  0.000
0 	 24 	 -0.280 	 -0.000 	 -0.000
0 	 25 	 -0.641 	 -0.000 	 -0.000
0 	 26 	 -0.977 	 -0.000 	 -0.000
0 	 27 	 -1.272 	 -0.000 	 -0.000
0 	 28 	 -1.515 	 -0.000 	 -0.000
0 	 29 	 -1.697 	 -0.000 	 -0.000
0 	 30 	 -1.808 	 -0.000 	 -0.000

1 	 0 	 -1.808 	  0.000 	 -0.186
1 	 1 	 -1.771 	  0.000 	 -0.182
1 	 2 	 -1.662 	  0.000 	 -0.171
1 	 3 	 -1.484 	  0.000 	 -0.153
1 	 4 	 -1.246 	  0.000 	 -0.128
1 	 5 	 -0.957 	  0.000 	 -0.098
1 	 6 	 -0.628 	  0.000 	 -0.065
1 	 7 	 -0.274 	  0.000 	 -0.028
1 	 8 	  0.092 	  0.000 	  0.009
1 	 9 	  0.453 	  0.000 	  0.047
1 	 10 	  0.796 	  0.000 	  0.082
1 	 11 	  1.107 	  0.000 	  0.114
1 	 12 	  1.372 	  0.000 	  0.141
1 	 13 	  1.581 	  0.000 	  0.162
1 	 14 	  1.726 	  0.000 	  0.177
1 	 15 	  1.799 	  0.000 	  0.185
1 	 16 	  1.799 	 -0.000 	  0.185
1 	 17 	  1.726 	 -0.000 	  0.177
1 	 18 	  1.581 	 -0.000 	  0.162
1 	 19 	  1.372 	 -0.000 	  0.141
1 	 20 	  1.107 	 -0.000 	  0.114
1 	 21 	  0.796 	 -0.000 	  0.082
1 	 22 	  0.453 	 -0.000 	  0.047
1 	 23 	  0.092 	 -0.000 	  0.009
1 	 24 	 -0.274 	 -0.000 	 -0.028
1 	 25 	 -0.628 	 -0.000 	 -0.065
1 	 26 	 -0.957 	 -0.000 	 -0.098
1 	 27 	 -1.246 	 -0.000 	 -0.128
1 	 28 	 -1.484 	 -0.000 	 -0.153
1 	 29 	 -1.662 	 -0.000 	 -0.171
1 	 30 	 -1.771 	 -0.000 	 -0.182

2 	 0 	 -1.697 	  0.000 	 -0.364
2 	 1 	 -1.662 	  0.000 	 -0.357
2 	 2 	 -1.559 	  0.000 	 -0.335
2 	 3 	 -1.393 	  0.000 	 -0.299
2 	 4 	 -1.169 	  0.000 	 -0.251
2 	 5 	 -0.897 	  0.000 	 -0.193
2 	 6 	 -0.589 	  0.000 	 -0.126
2 	 7 	 -0.257 	  0.000 	 -0.055
2 	 8 	  0.086 	  0.000 	  0.018
2 	 9 	  0.425 	  0.000 	  0.091
2 	 10 	  0.747 	  0.000 	  0.160
2 	 11 	  1.039 	  0.000 	  0.223
2 	 12 	  1.287 	  0.000 	  0.276
2 	 13 	  1.483 	  0.000 	  0.318
2 	 14 	  1.619 	  0.000 	  0.347
2 	 15 	  1.688 	  0.000 	  0.362
2 	 16 	  1.688 	 -0.000 	  0.362
2 	 17 	  1.619 	 -0.000 	  0.347
2 	 18 	  1.483 	 -0.000 	  0.318
2 	 19 	  1.287 	 -0.000 	  0.276
2 	 20 	  1.039 	 -0.000 	  0.223
2 	 21 	  0.747 	 -0.000 	  0.160
2 	 22 	  0.425 	 -0.000 	  0.091
2 	 23 	  0.086 	 -0.000 	  0.018
2 	 24 	 -0.257 	 -0.000 	 -0.055
2 	 25 	 -0.589 	 -0.000 	 -0.126
2 	 26 	 -0.897 	 -0.000 	 -0.193
2 	 27 	 -1.169 	 -0.000 	 -0.251
2 	 28 	 -1.393 	 -0.000 	 -0.299
2 	 29 	 -1.559 	 -0.000 	 -0.335
2 	 30 	 -1.662 	 -0.000 	 -0.357

3 	 0 	 -1.515 	  0.000 	 -0.527
3 	 1 	 -1.484 	  0.000 	 -0.517
3 	 2 	 -1.393 	  0.000 	 -0.485
3 	 3 	 -1.244 	  0.000 	 -0.433
3 	 4 	 -1.044 	  0.000 	 -0.363
3 	 5 	 -0.802 	  0.000 	 -0.279
3 	 6 	 -0.526 	  0.000 	 -0.183
3 	 7 	 -0.229 	  0.000 	 -0.080
3 	 8 	  0.077 	  0.000 	  0.027
3 	 9 	  0.380 	  0.000 	  0.132
3 	 10 	  0.667 	  0.000 	  0.232
3 	 11 	  0.928 	  0.000 	  0.323
3 	 12 	  1.150 	  0.000 	  0.400
3 	 13 	  1.325 	  0.000 	  0.461
3 	 14 	  1.446 	  0.000 	  0.503
3 	 15 	  1.508 	  0.000 	  0.525
3 	 16 	  1.508 	 -0.000 	  0.525
3 	 17 	  1.446 	 -0.000 	  0.503
3 	 18 	  1.325 	 -0.000 	  0.461
3 	 19 	  1.150 	 -0.000 	  0.400
3 	 20 	  0.928 	 -0.000 	  0.323
3 	 21 	  0.667 	 -0.000 	  0.232
3 	 22 	  0.380 	 -0.000 	  0.132
3 	 23 	  0.077 	 -0.000 	  0.027
3 	 24 	 -0.229 	 -0.000 	 -0.080
3 	 25 	 -0.526 	 -0.000 	 -0.183
3 	 26 	 -0.802 	 -0.000 	 -0.279
3 	 27 	 -1.044 	 -0.000 	 -0.363
3 	 28 	 -1.244 	 -0.000 	 -0.433
3 	 29 	 -1.393 	 -0.000 	 -0.485
3 	 30 	 -1.484 	 -0.000 	 -0.517

4 	 0 	 -1.272 	  0.000 	 -0.669
4 	 1 	 -1.246 	  0.000 	 -0.655
4 	 2 	 -1.169 	  0.000 	 -0.615
4 	 3 	 -1.044 	  0.000 	 -0.549
4 	 4 	 -0.876 	  0.000 	 -0.461
4 	 5 	 -0.673 	  0.000 	 -0.354
4 	 6 	 -0.442 	  0.000 	 -0.232
4 	 7 	 -0.193 	  0.000 	 -0.101
4 	 8 	  0.064 	  0.000 	  0.034
4 	 9 	  0.319 	  0.000 	  0.168
4 	 10 	  0.560 	  0.000 	  0.295
4 	 11 	  0.779 	  0.000 	  0.410
4 	 12 	  0.965 	  0.000 	  0.508
4 	 13 	  1.112 	  0.000 	  0.585
4 	 14 	  1.214 	  0.000 	  0.638
4 	 15 	  1.265 	  0.000 	  0.666
4 	 16 	  1.265 	 -0.000 	  0.666
4 	 17 	  1.214 	 -0.000 	  0.638
4 	 18 	  1.112 	 -0.000 	  0.585
4 	 19 	  0.965 	 -0.000 	  0.508
4 	 20 	  0.779 	 -0.000 	  0.410
4 	 21 	  0.560 	 -0.000 	  0.295
4 	 22 	  0.319 	 -0.000 	  0.168
4 	 23 	  0.064 	 -0.000 	  0.034
4 	 24 	 -0.193 	 -0.000 	 -0.101
4 	 25 	 -0.442 	 -0.000 	 -0.232
4 	 26 	 -0.673 	 -0.000 	 -0.354
4 	 27 	 -0.876 	 -0.000 	 -0.461
4 	 28 	 -1.044 	 -0.000 	 -0.549
4 	 29 	 -1.169 	 -0.000 	 -0.615
4 	 30 	 -1.246 	 -0.000 	 -0.655

5 	 0 	 -0.977 	  0.000 	 -0.783
5 	 1 	 -0.957 	  0.000 	 -0.767
5 	 2 	 -0.897 	  0.000 	 -0.720
5 	 3 	 -0.802 	  0.000 	 -0.643
5 	 4 	 -0.673 	  0.000 	 -0.540
5 	 5 	 -0.517 	  0.000 	 -0.414
5 	 6 	 -0.339 	  0.000 	 -0.272
5 	 7 	 -0.148 	  0.000 	 -0.119
5 	 8 	  0.049 	  0.000 	  0.040
5 	 9 	  0.245 	  0.000 	  0.196
5 	 10 	  0.430 	  0.000 	  0.345
5 	 11 	  0.598 	  0.000 	  0.480
5 	 12 	  0.741 	  0.000 	  0.594
5 	 13 	  0.854 	  0.000 	  0.685
5 	 14 	  0.932 	  0.000 	  0.747
5 	 15 	  0.972 	  0.000 	  0.779
5 	 16 	  0.972 	 -0.000 	  0.779
5 	 17 	  0.932 	 -0.000 	  0.747
5 	 18 	  0.854 	 -0.000 	  0.685
5 	 19 	  0.741 	 -0.000 	  0.594
5 	 20 	  0.598 	 -0.000 	  0.480
5 	 21 	  0.430 	 -0.000 	  0.345
5 	 22 	  0.245 	 -0.000 	  0.196
5 	 23 	  0.049 	 -0.000 	  0.040
5 	 24 	 -0.148 	 -0.000 	 -0.119
5 	 25 	 -0.339 	 -0.000 	 -0.272
5 	 26 	 -0.517 	 -0.000 	 -0.414
5 	 27 	 -0.673 	 -0.000 	 -0.540
5 	 28 	 -0.802 	 -0.000 	 -0.643
5 	 29 	 -0.897 	 -0.000 	 -0.720
5 	 30 	 -0.957 	 -0.000 	 -0.767

6 	 0 	 -0.641 	  0.000 	 -0.866
6 	 1 	 -0.628 	  0.000 	 -0.848
6 	 2 	 -0.589 	  0.000 	 -0.795
6 	 3 	 -0.526 	  0.000 	 -0.710
6 	 4 	 -0.442 	  0.000 	 -0.596
6 	 5 	 -0.339 	  0.000 	 -0.458
6 	 6 	 -0.223 	  0.000 	 -0.301
6 	 7 	 -0.097 	  0.000 	 -0.131
6 	 8 	  0.032 	  0.000 	  0.044
6 	 9 	  0.161 	  0.000 	  0.217
6 	 10 	  0.282 	  0.000 	  0.381
6 	 11 	  0.392 	  0.000 	  0.530
6 	 12 	  0.487 	  0.000 	  0.657
6 	 13 	  0.561 	  0.000 	  0.757
6 	 14 	  0.612 	  0.000 	  0.826
6 	 15 	  0.638 	  0.000 	  0.861
6 	 16 	  0.638 	 -0.000 	  0.861
6 	 17 	  0.612 	 -0.000 	  0.826
6 	 18 	  0.561 	 -0.000 	  0.757
6 	 19 	  0.487 	 -0.000 	  0.657
6 	 20 	  0.392 	 -0.000 	  0.530
6 	 21 	  0.282 	 -0.000 	  0.381
6 	 22 	  0.161 	 -0.000 	  0.217
6 	 23 	  0.032 	 -0.000 	  0.044
6 	 24 	 -0.097 	 -0.000 	 -0.131
6 	 25 	 -0.223 	 -0.000 	 -0.301
6 	 26 	 -0.339 	 -0.000 	 -0.458
6 	 27 	 -0.442 	 -0.000 	 -0.596
6 	 28 	 -0.526 	 -0.000 	 -0.710
6 	 29 	 -0.589 	 -0.000 	 -0.795
6 	 30 	 -0.628 	 -0.000 	 -0.848

7 	 0 	 -0.280 	  0.000 	 -0.912
7 	 1 	 -0.274 	  0.000 	 -0.894
7 	 2 	 -0.257 	  0.000 	 -0.839
7 	 3 	 -0.229 	  0.000 	 -0.749
7 	 4 	 -0.193 	  0.000 	 -0.629
7 	 5 	 -0.148 	  0.000 	 -0.483
7 	 6 	 -0.097 	  0.000 	 -0.317
7 	 7 	 -0.042 	  0.000 	 -0.138
7 	 8 	  0.014 	  0.000 	  0.046
7 	 9 	  0.070 	  0.000 	  0.229
7 	 10 	  0.123 	  0.000 	  0.402
7 	 11 	  0.171 	  0.000 	  0.559
7 	 12 	  0.212 	  0.000 	  0.692
7 	 13 	  0.244 	  0.000 	  0.798
7 	 14 	  0.267 	  0.000 	  0.871
7 	 15 	  0.278 	  0.000 	  0.908
7 	 16 	  0.278 	 -0.000 	  0.908
7 	 17 	  0.267 	 -0.000 	  0.871
7 	 18 	  0.244 	 -0.000 	  0.798
7 	 19 	  0.212 	 -0.000 	  0.692
7 	 20 	  0.171 	 -0.000 	  0.559
7 	 21 	  0.123 	 -0.000 	  0.402
7 	 22 	  0.070 	 -0.000 	  0.229
7 	 23 	  0.014 	 -0.000 	  0.046
7 	 24 	 -0.042 	 -0.000 	 -0.138
7 	 25 	 -0.097 	 -0.000 	 -0.317
7 	 26 	 -0.148 	 -0.000 	 -0.483
7 	 27 	 -0.193 	 -0.000 	 -0.629
7 	 28 	 -0.229 	 -0.000 	 -0.749
7 	 29 	 -0.257 	 -0.000 	 -0.839
7 	 30 	 -0.274 	 -0.000 	 -0.894

8 	 0 	  0.094 	 -0.000 	 -0.922
8 	 1 	  0.092 	 -0.000 	 -0.903
8 	 2 	  0.086 	 -0.000 	 -0.847
8 	 3 	  0.077 	 -0.000 	 -0.757
8 	 4 	  0.064 	 -0.000 	 -0.635
8 	 5 	  0.049 	 -0.000 	 -0.488
8 	 6 	  0.032 	 -0.000 	 -0.320
8 	 7 	  0.014 	 -0.000 	 -0.140
8 	 8 	 -0.005 	 -0.000 	  0.047
8 	 9 	 -0.023 	 -0.000 	  0.231
8 	 10 	 -0.041 	 -0.000 	  0.406
8 	 11 	 -0.057 	 -0.000 	  0.564
8 	 12 	 -0.071 	 -0.000 	  0.700
8 	 13 	 -0.082 	 -0.000 	  0.806
8 	 14 	 -0.089 	 -0.000 	  0.880
8 	 15 	 -0.093 	 -0.000 	  0.917
8 	 16 	 -0.093 	  0.000 	  0.917
8 	 17 	 -0.089 	  0.000 	  0.880
8 	 18 	 -0.082 	  0.000 	  0.806
8 	 19 	 -0.071 	  0.000 	  0.700
8 	 20 	 -0.057 	  0.000 	  0.564
8 	 21 	 -0.041 	  0.000 	  0.406
8 	 22 	 -0.023 	  0.000 	  0.231
8 	 23 	 -0.005 	  0.000 	  0.047
8 	 24 	  0.014 	  0.000 	 -0.140
8 	 25 	  0.032 	  0.000 	 -0.320
8 	 26 	  0.049 	  0.000 	 -0.488
8 	 27 	  0.064 	  0.000 	 -0.635
8 	 28 	  0.077 	  0.000 	 -0.757
8 	 29 	  0.086 	  0.000 	 -0.847
8 	 30 	  0.092 	  0.000 	 -0.903

9 	 0 	  0.463 	 -0.000 	 -0.894
9 	 1 	  0.453 	 -0.000 	 -0.875
9 	 2 	  0.425 	 -0.000 	 -0.821
9 	 3 	  0.380 	 -0.000 	 -0.733
9 	 4 	  0.319 	 -0.000 	 -0.616
9 	 5 	  0.245 	 -0.000 	 -0.473
9 	 6 	  0.161 	 -0.000 	 -0.310
9 	 7 	  0.070 	 -0.000 	 -0.135
9 	 8 	 -0.023 	 -0.000 	  0.045
9 	 9 	 -0.116 	 -0.000 	  0.224
9 	 10 	 -0.204 	 -0.000 	  0.394
9 	 11 	 -0.283 	 -0.000 	  0.547
9 	 12 	 -0.351 	 -0.000 	  0.678
9 	 13 	 -0.405 	 -0.000 	  0.781
9 	 14 	 -0.442 	 -0.000 	  0.853
9 	 15 	 -0.460 	 -0.000 	  0.889
9 	 16 	 -0.460 	  0.000 	  0.889
9 	 17 	 -0.442 	  0.000 	  0.853
9 	 18 	 -0.405 	  0.000 	  0.781
9 	 19 	 -0.351 	  0.000 	  0.678
9 	 20 	 -0.283 	  0.000 	  0.547
9 	 21 	 -0.204 	  0.000 	  0.394
9 	 22 	 -0.116 	  0.000 	  0.224
9 	 23 	 -0.023 	  0.000 	  0.045
9 	 24 	  0.070 	  0.000 	 -0.135
9 	 25 	  0.161 	  0.000 	 -0.310
9 	 26 	  0.245 	  0.000 	 -0.473
9 	 27 	  0.319 	  0.000 	 -0.616
9 	 28 	  0.380 	  0.000 	 -0.733
9 	 29 	  0.425 	  0.000 	 -0.821
9 	 30 	  0.453 	  0.000 	 -0.875

10 	 0 	  0.813 	 -0.000 	 -0.829
10 	 1 	  0.796 	 -0.000 	 -0.812
10 	 2 	  0.747 	 -0.000 	 -0.762
10 	 3 	  0.667 	 -0.000 	 -0.680
10 	 4 	  0.560 	 -0.000 	 -0.571
10 	 5 	  0.430 	 -0.000 	 -0.438
10 	 6 	  0.282 	 -0.000 	 -0.288
10 	 7 	  0.123 	 -0.000 	 -0.126
10 	 8 	 -0.041 	 -0.000 	  0.042
10 	 9 	 -0.204 	 -0.000 	  0.208
10 	 10 	 -0.358 	 -0.000 	  0.365
10 	 11 	 -0.498 	 -0.000 	  0.507
10 	 12 	 -0.617 	 -0.000 	  0.629
10 	 13 	 -0.711 	 -0.000 	  0.725
10 	 14 	 -0.776 	 -0.000 	  0.791
10 	 15 	 -0.809 	 -0.000 	  0.825
10 	 16 	 -0.809 	  0.000 	  0.825
10 	 17 	 -0.776 	  0.000 	  0.791
10 	 18 	 -0.711 	  0.000 	  0.725
10 	 19 	 -0.617 	  0.000 	  0.629
10 	 20 	 -0.498 	  0.000 	  0.507
10 	 21 	 -0.358 	  0.000 	  0.365
10 	 22 	 -0.204 	  0.000 	  0.208
10 	 23 	 -0.041 	  0.000 	  0.042
10 	 24 	  0.123 	  0.000 	 -0.126
10 	 25 	  0.282 	  0.000 	 -0.288
10 	 26 	  0.430 	  0.000 	 -0.438
10 	 27 	  0.560 	  0.000 	 -0.571
10 	 28 	  0.667 	  0.000 	 -0.680
10 	 29 	  0.747 	  0.000 	 -0.762
10 	 30 	  0.796 	  0.000 	 -0.812

11 	 0 	  1.130 	 -0.000 	 -0.730
11 	 1 	  1.107 	 -0.000 	 -0.715
11 	 2 	  1.039 	 -0.000 	 -0.671
11 	 3 	  0.928 	 -0.000 	 -0.599
11 	 4 	  0.779 	 -0.000 	 -0.503
11 	 5 	  0.598 	 -0.000 	 -0.386
11 	 6 	  0.392 	 -0.000 	 -0.254
11 	 7 	  0.171 	 -0.000 	 -0.111
11 	 8 	 -0.057 	 -0.000 	  0.037
11 	 9 	 -0.283 	 -0.000 	  0.183
11 	 10 	 -0.498 	 -0.000 	  0.321
11 	 11 	 -0.692 	 -0.000 	  0.447
11 	 12 	 -0.857 	 -0.000 	  0.554
11 	 13 	 -0.988 	 -0.000 	  0.638
11 	 14 	 -1.078 	 -0.000 	  0.697
11 	 15 	 -1.124 	 -0.000 	  0.726
11 	 16 	 -1.124 	  0.000 	  0.726
11 	 17 	 -1.078 	  0.000 	  0.697
11 	 18 	 -0.988 	  0.000 	  0.638
11 	 19 	 -0.857 	  0.000 	  0.554
11 	 20 	 -0.692 	  0.000 	  0.447
11 	 21 	 -0.498 	  0.000 	  0.321
11 	 22 	 -0.283 	  0.000 	  0.183
11 	 23 	 -0.057 	  0.000 	  0.037
11 	 24 	  0.171 	  0.000 	 -0.111
11 	 25 	  0.392 	  0.000 	 -0.254
11 	 26 	  0.598 	  0.000 	 -0.386
11 	 27 	  0.779 	  0.000 	 -0.503
11 	 28 	  0.928 	  0.000 	 -0.599
11 	 29 	  1.039 	  0.000 	 -0.671
11 	 30 	  1.107 	  0.000 	 -0.715

12 	 0 	  1.401 	 -0.000 	 -0.601
12 	 1 	  1.372 	 -0.000 	 -0.589
12 	 2 	  1.287 	 -0.000 	 -0.553
12 	 3 	  1.150 	 -0.000 	 -0.494
12 	 4 	  0.965 	 -0.000 	 -0.414
12 	 5 	  0.741 	 -0.000 	 -0.318
12 	 6 	  0.487 	 -0.000 	 -0.209
12 	 7 	  0.212 	 -0.000 	 -0.091
12 	 8 	 -0.071 	 -0.000 	  0.030
12 	 9 	 -0.351 	 -0.000 	  0.151
12 	 10 	 -0.617 	 -0.000 	  0.265
12 	 11 	 -0.857 	 -0.000 	  0.368
12 	 12 	 -1.063 	 -0.000 	  0.456
12 	 13 	 -1.225 	 -0.000 	  0.526
12 	 14 	 -1.337 	 -0.000 	  0.574
12 	 15 	 -1.394 	 -0.000 	  0.598
12 	 16 	 -1.394 	  0.000 	  0.598
12 	 17 	 -1.337 	  0.000 	  0.574
12 	 18 	 -1.225 	  0.000 	  0.526
12 	 19 	 -1.063 	  0.000 	  0.456
12 	 20 	 -0.857 	  0.000 	  0.368
12 	 21 	 -0.617 	  0.000 	  0.265
12 	 22 	 -0.351 	  0.000 	  0.151
12 	 23 	 -0.071 	  0.000 	  0.030
12 	 24 	  0.212 	  0.000 	 -0.091
12 	 25 	  0.487 	  0.000 	 -0.209
12 	 26 	  0.741 	  0.000 	 -0.318
12 	 27 	  0.965 	  0.000 	 -0.414
12 	 28 	  1.150 	  0.000 	 -0.494
12 	 29 	  1.287 	  0.000 	 -0.553
12 	 30 	  1.372 	  0.000 	 -0.589

13 	 0 	  1.614 	 -0.000 	 -0.448
13 	 1 	  1.581 	 -0.000 	 -0.439
13 	 2 	  1.483 	 -0.000 	 -0.412
13 	 3 	  1.325 	 -0.000 	 -0.368
13 	 4 	  1.112 	 -0.000 	 -0.309
13 	 5 	  0.854 	 -0.000 	 -0.237
13 	 6 	  0.561 	 -0.000 	 -0.156
13 	 7 	  0.244 	 -0.000 	 -0.068
13 	 8 	 -0.082 	 -0.000 	  0.023
13 	 9 	 -0.405 	 -0.000 	  0.112
13 	 10 	 -0.711 	 -0.000 	  0.197
13 	 11 	 -0.988 	 -0.000 	  0.274
13 	 12 	 -1.225 	 -0.000 	  0.340
13 	 13 	 -1.411 	 -0.000 	  0.392
13 	 14 	 -1.540 	 -0.000 	  0.427
13 	 15 	 -1.606 	 -0.000 	  0.446
13 	 16 	 -1.606 	  0.000 	  0.446
13 	 17 	 -1.540 	  0.000 	  0.427
13 	 18 	 -1.411 	  0.000 	  0.392
13 	 19 	 -1.225 	  0.000 	  0.340
13 	 20 	 -0.988 	  0.000 	  0.274
13 	 21 	 -0.711 	  0.000 	  0.197
13 	 22 	 -0.405 	  0.000 	  0.112
13 	 23 	 -0.082 	  0.000 	  0.023
13 	 24 	  0.244 	  0.000 	 -0.068
13 	 25 	  0.561 	  0.000 	 -0.156
13 	 26 	  0.854 	  0.000 	 -0.237
13 	 27 	  1.112 	  0.000 	 -0.309
13 	 28 	  1.325 	  0.000 	 -0.368
13 	 29 	  1.483 	  0.000 	 -0.412
13 	 30 	  1.581 	  0.000 	 -0.439

14 	 0 	  1.762 	 -0.000 	 -0.276
14 	 1 	  1.726 	 -0.000 	 -0.271
14 	 2 	  1.619 	 -0.000 	 -0.254
14 	 3 	  1.446 	 -0.000 	 -0.227
14 	 4 	  1.214 	 -0.000 	 -0.190
14 	 5 	  0.932 	 -0.000 	 -0.146
14 	 6 	  0.612 	 -0.000 	 -0.096
14 	 7 	  0.267 	 -0.000 	 -0.042
14 	 8 	 -0.089 	 -0.000 	  0.014
14 	 9 	 -0.442 	 -0.000 	  0.069
14 	 10 	 -0.776 	 -0.000 	  0.122
14 	 11 	 -1.078 	 -0.000 	  0.169
14 	 12 	 -1.337 	 -0.000 	  0.210
14 	 13 	 -1.540 	 -0.000 	  0.242
14 	 14 	 -1.681 	 -0.000 	  0.264
14 	 15 	 -1.753 	 -0.000 	  0.275
14 	 16 	 -1.753 	  0.000 	  0.275
14 	 17 	 -1.681 	  0.000 	  0.264
14 	 18 	 -1.540 	  0.000 	  0.242
14 	 19 	 -1.337 	  0.000 	  0.210
14 	 20 	 -1.078 	  0.000 	  0.169
14 	 21 	 -0.776 	  0.000 	  0.122
14 	 22 	 -0.442 	  0.000 	  0.069
14 	 23 	 -0.089 	  0.000 	  0.014
14 	 24 	  0.267 	  0.000 	 -0.042
14 	 25 	  0.612 	  0.000 	 -0.096
14 	 26 	  0.932 	  0.000 	 -0.146
14 	 27 	  1.214 	  0.000 	 -0.190
14 	 28 	  1.446 	  0.000 	 -0.227
14 	 29 	  1.619 	  0.000 	 -0.254
14 	 30 	  1.726 	  0.000 	 -0.271

15 	 0 	  1.837 	 -0.000 	 -0.093
15 	 1 	  1.799 	 -0.000 	 -0.091
15 	 2 	  1.688 	 -0.000 	 -0.086
15 	 3 	  1.508 	 -0.000 	 -0.077
15 	 4 	  1.265 	 -0.000 	 -0.064
15 	 5 	  0.972 	 -0.000 	 -0.049
15 	 6 	  0.638 	 -0.000 	 -0.032
15 	 7 	  0.278 	 -0.000 	 -0.014
15 	 8 	 -0.093 	 -0.000 	  0.005
15 	 9 	 -0.460 	 -0.000 	  0.023
15 	 10 	 -0.809 	 -0.000 	  0.041
15 	 11 	 -1.124 	 -0.000 	  0.057
15 	 12 	 -1.394 	 -0.000 	  0.071
15 	 13 	 -1.606 	 -0.000 	  0.082
15 	 14 	 -1.753 	 -0.000 	  0.089
15 	 15 	 -1.827 	 -0.000 	  0.093
15 	 16 	 -1.827 	  0.000 	  0.093
15 	 17 	 -1.753 	  0.000 	  0.089
15 	 18 	 -1.606 	  0.000 	  0.082
15 	 19 	 -1.394 	  0.000 	  0.071
15 	 20 	 -1.124 	  0.000 	  0.057
15 	 21 	 -0.809 	  0.000 	  0.041
15 	 22 	 -0.460 	  0.000 	  0.023
15 	 23 	 -0.093 	  0.000 	  0.005
15 	 24 	  0.278 	  0.000 	 -0.014
15 	 25 	  0.638 	  0.000 	 -0.032
15 	 26 	  0.972 	  0.000 	 -0.049
15 	 27 	  1.265 	  0.000 	 -0.064
15 	 28 	  1.508 	  0.000 	 -0.077
15 	 29 	  1.688 	  0.000 	 -0.086
15 	 30 	  1.799 	  0.000 	 -0.091

16 	 0 	  1.837 	 -0.000 	  0.093
16 	 1 	  1.799 	 -0.000 	  0.091
16 	 2 	  1.688 	 -0.000 	  0.086
16 	 3 	  1.508 	 -0.000 	  0.077
16 	 4 	  1.265 	 -0.000 	  0.064
16 	 5 	  0.972 	 -0.000 	  0.049
16 	 6 	  0.638 	 -0.000 	  0.032
16 	 7 	  0.278 	 -0.000 	  0.014
16 	 8 	 -0.093 	 -0.000 	 -0.005
16 	 9 	 -0.460 	 -0.000 	 -0.023
16 	 10 	 -0.809 	 -0.000 	 -0.041
16 	 11 	 -1.124 	 -0.000 	 -0.057
16 	 12 	 -1.394 	 -0.000 	 -0.071
16 	 13 	 -1.606 	 -0.000 	 -0.082
16 	 14 	 -1.753 	 -0.000 	 -0.089
16 	 15 	 -1.827 	 -0.000 	 -0.093
16 	 16 	 -1.827 	  0.000 	 -0.093
16 	 17 	 -1.753 	  0.000 	 -0.089
16 	 18 	 -1.606 	  0.000 	 -0.082
16 	 19 	 -1.394 	  0.000 	 -0.071
16 	 20 	 -1.124 	  0.000 	 -0.057
16 	 21 	 -0.809 	  0.000 	 -0.041
16 	 22 	 -0.460 	  0.000 	 -0.023
16 	 23 	 -0.093 	  0.000 	 -0.005
16 	 24 	  0.278 	  0.000 	  0.014
16 	 25 	  0.638 	  0.000 	  0.032
16 	 26 	  0.972 	  0.000 	  0.049
16 	 27 	  1.265 	  0.000 	  0.064
16 	 28 	  1.508 	  0.000 	  0.077
16 	 29 	  1.688 	  0.000 	  0.086
16 	 30 	  1.799 	  0.000 	  0.091

17 	 0 	  1.762 	 -0.000 	  0.276
17 	 1 	  1.726 	 -0.000 	  0.271
17 	 2 	  1.619 	 -0.000 	  0.254
17 	 3 	  1.446 	 -0.000 	  0.227
17 	 4 	  1.214 	 -0.000 	  0.190
17 	 5 	  0.932 	 -0.000 	  0.146
17 	 6 	  0.612 	 -0.000 	  0.096
17 	 7 	  0.267 	 -0.000 	  0.042
17 	 8 	 -0.089 	 -0.000 	 -0.014
17 	 9 	 -0.442 	 -0.000 	 -0.069
17 	 10 	 -0.776 	 -0.000 	 -0.122
17 	 11 	 -1.078 	 -0.000 	 -0.169
17 	 12 	 -1.337 	 -0.000 	 -0.210
17 	 13 	 -1.540 	 -0.000 	 -0.242
17 	 14 	 -1.681 	 -0.000 	 -0.264
17 	 15 	 -1.753 	 -0.000 	 -0.275
17 	 16 	 -1.753 	  0.000 	 -0.275
17 	 17 	 -1.681 	  0.000 	 -0.264
17 	 18 	 -1.540 	  0.000 	 -0.242
17 	 19 	 -1.337 	  0.000 	 -0.210
17 	 20 	 -1.078 	  0.000 	 -0.169
17 	 21 	 -0.776 	  0.000 	 -0.122
17 	 22 	 -0.442 	  0.000 	 -0.069
17 	 23 	 -0.089 	  0.000 	 -0.014
17 	 24 	  0.267 	  0.000 	  0.042
17 	 25 	  0.612 	  0.000 	  0.096
17 	 26 	  0.932 	  0.000 	  0.146
17 	 27 	  1.214 	  0.000 	  0.190
17 	 28 	  1.446 	  0.000 	  0.227
17 	 29 	  1.619 	  0.000 	  0.254
17 	 30 	  1.726 	  0.000 	  0.271

18 	 0 	  1.614 	 -0.000 	  0.448
18 	 1 	  1.581 	 -0.000 	  0.439
18 	 2 	  1.483 	 -0.000 	  0.412
18 	 3 	  1.325 	 -0.000 	  0.368
18 	 4 	  1.112 	 -0.000 	  0.309
18 	 5 	  0.854 	 -0.000 	  0.237
18 	 6 	  0.561 	 -0.000 	  0.156
18 	 7 	  0.244 	 -0.000 	  0.068
18 	 8 	 -0.082 	 -0.000 	 -0.023
18 	 9 	 -0.405 	 -0.000 	 -0.112
18 	 10 	 -0.711 	 -0.000 	 -0.197
18 	 11 	 -0.988 	 -0.000 	 -0.274
18 	 12 	 -1.225 	 -0.000 	 -0.340
18 	 13 	 -1.411 	 -0.000 	 -0.392
18 	 14 	 -1.540 	 -0.000 	 -0.427
18 	 15 	 -1.606 	 -0.000 	 -0.446
18 	 16 	 -1.606 	  0.000 	 -0.446
18 	 17 	 -1.540 	  0.000 	 -0.427
18 	 18 	 -1.411 	  0.000 	 -0.392
18 	 19 	 -1.225 	  0.000 	 -0.340
18 	 20 	 -0.988 	  0.000 	 -0.274
18 	 21 	 -0.711 	  0.000 	 -0.197
18 	 22 	 -0.405 	  0.000 	 -0.112
18 	 23 	 -0.082 	  0.000 	 -0.023
18 	 24 	  0.244 	  0.000 	  0.068
18 	 25 	  0.561 	  0.000 	  0.156
18 	 26 	  0.854 	  0.000 	  0.237
18 	 27 	  1.112 	  0.000 	  0.309
18 	 28 	  1.325 	  0.000 	  0.368
18 	 29 	  1.483 	  0.000 	  0.412
18 	 30 	  1.581 	  0.000 	  0.439

19 	 0 	  1.401 	 -0.000 	  0.601
19 	 1 	  1.372 	 -0.000 	  0.589
19 	 2 	  1.287 	 -0.000 	  0.553
19 	 3 	  1.150 	 -0.000 	  0.494
19 	 4 	  0.965 	 -0.000 	  0.414
19 	 5 	  0.741 	 -0.000 	  0.318
19 	 6 	  0.487 	 -0.000 	  0.209
19 	 7 	  0.212 	 -0.000 	  0.091
19 	 8 	 -0.071 	 -0.000 	 -0.030
19 	 9 	 -0.351 	 -0.000 	 -0.151
19 	 10 	 -0.617 	 -0.000 	 -0.265
19 	 11 	 -0.857 	 -0.000 	 -0.368
19 	 12 	 -1.063 	 -0.000 	 -0.456
19 	 13 	 -1.225 	 -0.000 	 -0.526
19 	 14 	 -1.337 	 -0.000 	 -0.574
19 	 15 	 -1.394 	 -0.000 	 -0.598
19 	 16 	 -1.394 	  0.000 	 -0.598
19 	 17 	 -1.337 	  0.000 	 -0.574
19 	 18 	 -1.225 	  0.000 	 -0.526
19 	 19 	 -1.063 	  0.000 	 -0.456
19 	 20 	 -0.857 	  0.000 	 -0.368
19 	 21 	 -0.617 	  0.000 	 -0.265
19 	 22 	 -0.351 	  0.000 	 -0.151
19 	 23 	 -0.071 	  0.000 	 -0.030
19 	 24 	  0.212 	  0.000 	  0.091
19 	 25 	  0.487 	  0.000 	  0.209
19 	 26 	  0.741 	  0.000 	  0.318
19 	 27 	  0.965 	  0.000 	  0.414
19 	 28 	  1.150 	  0.000 	  0.494
19 	 29 	  1.287 	  0.000 	  0.553
19 	 30 	  1.372 	  0.000 	  0.589

20 	 0 	  1.130 	 -0.000 	  0.730
20 	 1 	  1.107 	 -0.000 	  0.715
20 	 2 	  1.039 	 -0.000 	  0.671
20 	 3 	  0.928 	 -0.000 	  0.599
20 	 4 	  0.779 	 -0.000 	  0.503
20 	 5 	  0.598 	 -0.000 	  0.386
20 	 6 	  0.392 	 -0.000 	  0.254
20 	 7 	  0.171 	 -0.000 	  0.111
20 	 8 	 -0.057 	 -0.000 	 -0.037
20 	 9 	 -0.283 	 -0.000 	 -0.183
20 	 10 	 -0.498 	 -0.000 	 -0.321
20 	 11 	 -0.692 	 -0.000 	 -0.447
20 	 12 	 -0.857 	 -0.000 	 -0.554
20 	 13 	 -0.988 	 -0.000 	 -0.638
20 	 14 	 -1.078 	 -0.000 	 -0.697
20 	 15 	 -1.124 	 -0.000 	 -0.726
20 	 16 	 -1.124 	  0.000 	 -0.726
20 	 17 	 -1.078 	  0.000 	 -0.697
20 	 18 	 -0.988 	  0.000 	 -0.638
20 	 19 	 -0.857 	  0.000 	 -0.554
20 	 20 	 -0.692 	  0.000 	 -0.447
20 	 21 	 -0.498 	  0.000 	 -0.321
20 	 22 	 -0.283 	  0.000 	 -0.183
20 	 23 	 -0.057 	  0.000 	 -0.037
20 	 24 	  0.171 	  0.000 	  0.111
20 	 25 	  0.392 	  0.000 	  0.254
20 	 26 	  0.598 	  0.000 	  0.386
20 	 27 	  0.779 	  0.000 	  0.503
20 	 28 	  0.928 	  0.000 	  0.599
20 	 29 	  1.039 	  0.000 	  0.671
20 	 30 	  1.107 	  0.000 	  0.715

21 	 0 	  0.813 	 -0.000 	  0.829
21 	 1 	  0.796 	 -0.000 	  0.812
21 	 2 	  0.747 	 -0.000 	  0.762
21 	 3 	  0.667 	 -0.000 	  0.680
21 	 4 	  0.560 	 -0.000 	  0.571
21 	 5 	  0.430 	 -0.000 	  0.438
21 	 6 	  0.282 	 -0.000 	  0.288
21 	 7 	  0.123 	 -0.000 	  0.126
21 	 8 	 -0.041 	 -0.000 	 -0.042
21 	 9 	 -0.204 	 -0.000 	 -0.208
21 	 10 	 -0.358 	 -0.000 	 -0.365
21 	 11 	 -0.498 	 -0.000 	 -0.507
21 	 12 	 -0.617 	 -0.000 	 -0.629
21 	 13 	 -0.711 	 -0.000 	 -0.725
21 	 14 	 -0.776 	 -0.000 	 -0.791
21 	 15 	 -0.809 	 -0.000 	 -0.825
21 	 16 	 -0.809 	  0.000 	 -0.825
21 	 17 	 -0.776 	  0.000 	 -0.791
21 	 18 	 -0.711 	  0.000 	 -0.725
21 	 19 	 -0.617 	  0.000 	 -0.629
21 	 20 	 -0.498 	  0.000 	 -0.507
21 	 21 	 -0.358 	  0.000 	 -0.365
21 	 22 	 -0.204 	  0.000 	 -0.208
21 	 23 	 -0.041 	  0.000 	 -0.042
21 	 24 	  0.123 	  0.000 	  0.126
21 	 25 	  0.282 	  0.000 	  0.288
21 	 26 	  0.430 	  0.000 	  0.438
21 	 27 	  0.560 	  0.000 	  0.571
21 	 28 	  0.667 	  0.000 	  0.680
21 	 29 	  0.747 	  0.000 	  0.762
21 	 30 	  0.796 	  0.000 	  0.812

22 	 0 	  0.463 	 -0.000 	  0.894
22 	 1 	  0.453 	 -0.000 	  0.875
22 	 2 	  0.425 	 -0.000 	  0.821
22 	 3 	  0.380 	 -0.000 	  0.733
22 	 4 	  0.319 	 -0.000 	  0.616
22 	 5 	  0.245 	 -0.000 	  0.473
22 	 6 	  0.161 	 -0.000 	  0.310
22 	 7 	  0.070 	 -0.000 	  0.135
22 	 8 	 -0.023 	 -0.000 	 -0.045
22 	 9 	 -0.116 	 -0.000 	 -0.224
22 	 10 	 -0.204 	 -0.000 	 -0.394
22 	 11 	 -0.283 	 -0.000 	 -0.547
22 	 12 	 -0.351 	 -0.000 	 -0.678
22 	 13 	 -0.405 	 -0.000 	 -0.781
22 	 14 	 -0.442 	 -0.000 	 -0.853
22 	 15 	 -0.460 	 -0.000 	 -0.889
22 	 16 	 -0.460 	  0.000 	 -0.889
22 	 17 	 -0.442 	  0.000 	 -0.853
22 	 18 	 -0.405 	  0.000 	 -0.781
22 	 19 	 -0.351 	  0.000 	 -0.678
22 	 20 	 -0.283 	  0.000 	 -0.547
22 	 21 	 -0.204 	  0.000 	 -0.394
22 	 22 	 -0.116 	  0.000 	 -0.224
22 	 23 	 -0.023 	  0.000 	 -0.045
22 	 24 	  0.070 	  0.000 	  0.135
22 	 25 	  0.161 	  0.000 	  0.310
22 	 26 	  0.245 	  0.000 	  0.473
22 	 27 	  0.319 	  0.000 	  0.616
22 	 28 	  0.380 	  0.000 	  0.733
22 	 29 	  0.425 	  0.000 	  0.821
22 	 30 	  0.453 	  0.000 	  0.875

23 	 0 	  0.094 	 -0.000 	  0.922
23 	 1 	  0.092 	 -0.000 	  0.903
23 	 2 	  0.086 	 -0.000 	  0.847
23 	 3 	  0.077 	 -0.000 	  0.757
23 	 4 	  0.064 	 -0.000 	  0.635
23 	 5 	  0.049 	 -0.000 	  0.488
23 	 6 	  0.032 	 -0.000 	  0.320
23 	 7 	  0.014 	 -0.000 	  0.140
23 	 8 	 -0.005 	 -0.000 	 -0.047
23 	 9 	 -0.023 	 -0.000 	 -0.231
23 	 10 	 -0.041 	 -0.000 	 -0.406
23 	 11 	 -0.057 	 -0.000 	 -0.564
23 	 12 	 -0.071 	 -0.000 	 -0.700
23 	 13 	 -0.082 	 -0.000 	 -0.806
23 	 14 	 -0.089 	 -0.000 	 -0.880
23 	 15 	 -0.093 	 -0.000 	 -0.917
23 	 16 	 -0.093 	  0.000 	 -0.917
23 	 17 	 -0.089 	  0.000 	 -0.880
23 	 18 	 -0.082 	  0.000 	 -0.806
23 	 19 	 -0.071 	  0.000 	 -0.700
23 	 20 	 -0.057 	  0.000 	 -0.564
23 	 21 	 -0.041 	  0.000 	 -0.406
23 	 22 	 -0.023 	  0.000 	 -0.231
23 	 23 	 -0.005 	  0.000 	 -0.047
23 	 24 	  0.014 	  0.000 	  0.140
23 	 25 	  0.032 	  0.000 	  0.320
23 	 26 	  0.049 	  0.000 	  0.488
23 	 27 	  0.064 	  0.000 	  0.635
23 	 28 	  0.077 	  0.000 	  0.757
23 	 29 	  0.086 	  0.000 	  0.847
23 	 30 	  0.092 	  0.000 	  0.903

24 	 0 	 -0.280 	  0.000 	  0.912
24 	 1 	 -0.274 	  0.000 	  0.894
24 	 2 	 -0.257 	  0.000 	  0.839
24 	 3 	 -0.229 	  0.000 	  0.749
24 	 4 	 -0.193 	  0.000 	  0.629
24 	 5 	 -0.148 	  0.000 	  0.483
24 	 6 	 -0.097 	  0.000 	  0.317
24 	 7 	 -0.042 	  0.000 	  0.138
24 	 8 	  0.014 	  0.000 	 -0.046
24 	 9 	  0.070 	  0.000 	 -0.229
24 	 10 	  0.123 	  0.000 	 -0.402
24 	 11 	  0.171 	  0.000 	 -0.559
24 	 12 	  0.212 	  0.000 	 -0.692
24 	 13 	  0.244 	  0.000 	 -0.798
24 	 14 	  0.267 	  0.000 	 -0.871
24 	 15 	  0.278 	  0.000 	 -0.908
24 	 16 	  0.278 	 -0.000 	 -0.908
24 	 17 	  0.267 	 -0.000 	 -0.871
24 	 18 	  0.244 	 -0.000 	 -0.798
24 	 19 	  0.212 	 -0.000 	 -0.692
24 	 20 	  0.171 	 -0.000 	 -0.559
24 	 21 	  0.123 	 -0.000 	 -0.402
24 	 22 	  0.070 	 -0.000 	 -0.229
24 	 23 	  0.014 	 -0.000 	 -0.046
24 	 24 	 -0.042 	 -0.000 	  0.138
24 	 25 	 -0.097 	 -0.000 	  0.317
24 	 26 	 -0.148 	 -0.000 	  0.483
24 	 27 	 -0.193 	 -0.000 	  0.629
24 	 28 	 -0.229 	 -0.000 	  0.749
24 	 29 	 -0.257 	 -0.000 	  0.839
24 	 30 	 -0.274 	 -0.000 	  0.894

25 	 0 	 -0.641 	  0.000 	  0.866
25 	 1 	 -0.628 	  0.000 	  0.848
25 	 2 	 -0.589 	  0.000 	  0.795
25 	 3 	 -0.526 	  0.000 	  0.710
25 	 4 	 -0.442 	  0.000 	  0.596
25 	 5 	 -0.339 	  0.000 	  0.458
25 	 6 	 -0.223 	  0.000 	  0.301
25 	 7 	 -0.097 	  0.000 	  0.131
25 	 8 	  0.032 	  0.000 	 -0.044
25 	 9 	  0.161 	  0.000 	 -0.217
25 	 10 	  0.282 	  0.000 	 -0.381
25 	 11 	  0.392 	  0.000 	 -0.530
25 	 12 	  0.487 	  0.000 	 -0.657
25 	 13 	  0.561 	  0.000 	 -0.757
25 	 14 	  0.612 	  0.000 	 -0.826
25 	 15 	  0.638 	  0.000 	 -0.861
25 	 16 	  0.638 	 -0.000 	 -0.861
25 	 17 	  0.612 	 -0.000 	 -0.826
25 	 18 	  0.561 	 -0.000 	 -0.757
25 	 19 	  0.487 	 -0.000 	 -0.657
25 	 20 	  0.392 	 -0.000 	 -0.530
25 	 21 	  0.282 	 -0.000 	 -0.381
25 	 22 	  0.161 	 -0.000 	 -0.217
25 	 23 	  0.032 	 -0.000 	 -0.044
25 	 24 	 -0.097 	 -0.000 	  0.131
25 	 25 	 -0.223 	 -0.000 	  0.301
25 	 26 	 -0.339 	 -0.000 	  0.458
25 	 27 	 -0.442 	 -0.000 	  0.596
25 	 28 	 -0.526 	 -0.000 	  0.710
25 	 29 	 -0.589 	 -0.000 	  0.795
25 	 30 	 -0.628 	 -0.000 	  0.848

26 	 0 	 -0.977 	  0.000 	  0.783
26 	 1 	 -0.957 	  0.000 	  0.767
26 	 2 	 -0.897 	  0.000 	  0.720
26 	 3 	 -0.802 	  0.000 	  0.643
26 	 4 	 -0.673 	  0.000 	  0.540
26 	 5 	 -0.517 	  0.000 	  0.414
26 	 6 	 -0.339 	  0.000 	  0.272
26 	 7 	 -0.148 	  0.000 	  0.119
26 	 8 	  0.049 	  0.000 	 -0.040
26 	 9 	  0.245 	  0.000 	 -0.196
26 	 10 	  0.430 	  0.000 	 -0.345
26 	 11 	  0.598 	  0.000 	 -0.480
26 	 12 	  0.741 	  0.000 	 -0.594
26 	 13 	  0.854 	  0.000 	 -0.685
26 	 14 	  0.932 	  0.000 	 -0.747
26 	 15 	  0.972 	  0.000 	 -0.779
26 	 16 	  0.972 	 -0.000 	 -0.779
26 	 17 	  0.932 	 -0.000 	 -0.747
26 	 18 	  0.854 	 -0.000 	 -0.685
26 	 19 	  0.741 	 -0.000 	 -0.594
26 	 20 	  0.598 	 -0.000 	 -0.480
26 	 21 	  0.430 	 -0.000 	 -0.345
26 	 22 	  0.245 	 -0.000 	 -0.196
26 	 23 	  0.049 	 -0.000 	 -0.040
26 	 24 	 -0.148 	 -0.000 	  0.119
26 	 25 	 -0.339 	 -0.000 	  0.272
26 	 26 	 -0.517 	 -0.000 	  0.414
26 	 27 	 -0.673 	 -0.000 	  0.540
26 	 28 	 -0.802 	 -0.000 	  0.643
26 	 29 	 -0.897 	 -0.000 	  0.720
26 	 30 	 -0.957 	 -0.000 	  0.767

27 	 0 	 -1.272 	  0.000 	  0.669
27 	 1 	 -1.246 	  0.000 	  0.655
27 	 2 	 -1.169 	  0.000 	  0.615
27 	 3 	 -1.044 	  0.000 	  0.549
27 	 4 	 -0.876 	  0.000 	  0.461
27 	 5 	 -0.673 	  0.000 	  0.354
27 	 6 	 -0.442 	  0.000 	  0.232
27 	 7 	 -0.193 	  0.000 	  0.101
27 	 8 	  0.064 	  0.000 	 -0.034
27 	 9 	  0.319 	  0.000 	 -0.168
27 	 10 	  0.560 	  0.000 	 -0.295
27 	 11 	  0.779 	  0.000 	 -0.410
27 	 12 	  0.965 	  0.000 	 -0.508
27 	 13 	  1.112 	  0.000 	 -0.585
27 	 14 	  1.214 	  0.000 	 -0.638
27 	 15 	  1.265 	  0.000 	 -0.666
27 	 16 	  1.265 	 -0.000 	 -0.666
27 	 17 	  1.214 	 -0.000 	 -0.638
27 	 18 	  1.112 	 -0.000 	 -0.585
27 	 19 	  0.965 	 -0.000 	 -0.508
27 	 20 	  0.779 	 -0.000 	 -0.410
27 	 21 	  0.560 	 -0.000 	 -0.295
27 	 22 	  0.319 	 -0.000 	 -0.168
27 	 23 	  0.064 	 -0.000 	 -0.034
27 	 24 	 -0.193 	 -0.000 	  0.101
27 	 25 	 -0.442 	 -0.000 	  0.232
27 	 26 	 -0.673 	 -0.000 	  0.354
27 	 27 	 -0.876 	 -0.000 	  0.461
27 	 28 	 -1.044 	 -0.000 	  0.549
27 	 29 	 -1.169 	 -0.000 	  0.615
27 	 30 	 -1.246 	 -0.000 	  0.655

28 	 0 	 -1.515 	  0.000 	  0.527
28 	 1 	 -1.484 	  0.000 	  0.517
28 	 2 	 -1.393 	  0.000 	  0.485
28 	 3 	 -1.244 	  0.000 	  0.433
28 	 4 	 -1.044 	  0.000 	  0.363
28 	 5 	 -0.802 	  0.000 	  0.279
28 	 6 	 -0.526 	  0.000 	  0.183
28 	 7 	 -0.229 	  0.000 	  0.080
28 	 8 	  0.077 	  0.000 	 -0.027
28 	 9 	  0.380 	  0.000 	 -0.132
28 	 10 	  0.667 	  0.000 	 -0.232
28 	 11 	  0.928 	  0.000 	 -0.323
28 	 12 	  1.150 	  0.000 	 -0.400
28 	 13 	  1.325 	  0.000 	 -0.461
28 	 14 	  1.446 	  0.000 	 -0.503
28 	 15 	  1.508 	  0.000 	 -0.525
28 	 16 	  1.508 	 -0.000 	 -0.525
28 	 17 	  1.446 	 -0.000 	 -0.503
28 	 18 	  1.325 	 -0.000 	 -0.461
28 	 19 	  1.150 	 -0.000 	 -0.400
28 	 20 	  0.928 	 -0.000 	 -0.323
28 	 21 	  0.667 	 -0.000 	 -0.232
28 	 22 	  0.380 	 -0.000 	 -0.132
28 	 23 	  0.077 	 -0.000 	 -0.027
28 	 24 	 -0.229 	 -0.000 	  0.080
28 	 25 	 -0.526 	 -0.000 	  0.183
28 	 26 	 -0.802 	 -0.000 	  0.279
28 	 27 	 -1.044 	 -0.000 	  0.363
28 	 28 	 -1.244 	 -0.000 	  0.433
28 	 29 	 -1.393 	 -0.000 	  0.485
28 	 30 	 -1.484 	 -0.000 	  0.517

29 	 0 	 -1.697 	  0.000 	  0.364
29 	 1 	 -1.662 	  0.000 	  0.357
29 	 2 	 -1.559 	  0.000 	  0.335
29 	 3 	 -1.393 	  0.000 	  0.299
29 	 4 	 -1.169 	  0.000 	  0.251
29 	 5 	 -0.897 	  0.000 	  0.193
29 	 6 	 -0.589 	  0.000 	  0.126
29 	 7 	 -0.257 	  0.000 	  0.055
29 	 8 	  0.086 	  0.000 	 -0.018
29 	 9 	  0.425 	  0.000 	 -0.091
29 	 10 	  0.747 	  0.000 	 -0.160
29 	 11 	  1.039 	  0.000 	 -0.223
29 	 12 	  1.287 	  0.000 	 -0.276
29 	 13 	  1.483 	  0.000 	 -0.318
29 	 14 	  1.619 	  0.000 	 -0.347
29 	 15 	  1.688 	  0.000 	 -0.362
29 	 16 	  1.688 	 -0.000 	 -0.362
29 	 17 	  1.619 	 -0.000 	 -0.347
29 	 18 	  1.483 	 -0.000 	 -0.318
29 	 19 	  1.287 	 -0.000 	 -0.276
29 	 20 	  1.039 	 -0.000 	 -0.223
29 	 21 	  0.747 	 -0.000 	 -0.160
29 	 22 	  0.425 	 -0.000 	 -0.091
29 	 23 	  0.086 	 -0.000 	 -0.018
29 	 24 	 -0.257 	 -0.000 	  0.055
29 	 25 	 -0.589 	 -0.000 	  0.126
29 	 26 	 -0.897 	 -0.000 	  0.193
29 	 27 	 -1.169 	 -0.000 	  0.251
29 	 28 	 -1.393 	 -0.000 	  0.299
29 	 29 	 -1.559 	 -0.000 	  0.335
29 	 30 	 -1.662 	 -0.000 	  0.357

30 	 0 	 -1.808 	  0.000 	  0.186
30 	 1 	 -1.771 	  0.000 	  0.182
30 	 2 	 -1.662 	  0.000 	  0.171
30 	 3 	 -1.484 	  0.000 	  0.153
30 	 4 	 -1.246 	  0.000 	  0.128
30 	 5 	 -0.957 	  0.000 	  0.098
30 	 6 	 -0.628 	  0.000 	  0.065
30 	 7 	 -0.274 	  0.000 	  0.028
30 	 8 	  0.092 	  0.000 	 -0.009
30 	 9 	  0.453 	  0.000 	 -0.047
30 	 10 	  0.796 	  0.000 	 -0.082
30 	 11 	  1.107 	  0.000 	 -0.114
30 	 12 	  1.372 	  0.000 	 -0.141
30 	 13 	  1.581 	  0.000 	 -0.162
30 	 14 	  1.726 	  0.000 	 -0.177
30 	 15 	  1.799 	  0.000 	 -0.185
30 	 16 	  1.799 	 -0.000 	 -0.185
30 	 17 	  1.726 	 -0.000 	 -0.177
30 	 18 	  1.581 	 -0.000 	 -0.162
30 	 19 	  1.372 	 -0.000 	 -0.141
30 	 20 	  1.107 	 -0.000 	 -0.114
30 	 21 	  0.796 	 -0.000 	 -0.082
30 	 22 	  0.453 	 -0.000 	 -0.047
30 	 23 	  0.092 	 -0.000 	 -0.009
30 	 24 	 -0.274 	 -0.000 	  0.028
30 	 25 	 -0.628 	 -0.000 	  0.065
30 	 26 	 -0.957 	 -0.000 	  0.098
30 	 27 	 -1.246 	 -0.000 	  0.128
30 	 28 	 -1.484 	 -0.000 	  0.153
30 	 29 	 -1.662 	 -0.000 	  0.171
30 	 30 	 -1.771 	 -0.000 	  0.182

