0 	 0 	 -0.483 	  0.000 	 -0.000
0 	 1 	 -0.474 	  0.000 	 -0.000
0 	 2 	 -0.444 	  0.000 	 -0.000
0 	 3 	 -0.397 	  0.000 	 -0.000
0 	 4 	 -0.333 	  0.000 	 -0.000
0 	 5 	 -0.256 	  0.000 	 -0.000
0 	 6 	 -0.168 	  0.000 	 -0.000
0 	 7 	 -0.073 	  0.000 	 -0.000
0 	 8 	  0.024 	  0.000 	  0.000
0 	 9 	  0.121 	  0.000 	  0.000
0 	 10 	  0.213 	  0.000 	  0.000
0 	 11 	  0.296 	  0.000 	  0.000
0 	 12 	  0.367 	  0.000 	  0.000
0 	 13 	  0.423 	  0.000 	  0.000
0 	 14 	  0.461 	  0.000 	  0.000
0 	 15 	  0.481 	  0.000 	  0.000
0 	 16 	  0.481 	 -0.000 	  0.000
0 	 17 	  0.461 	 -0.000 	  0.000
0 	 18 	  0.423 	 -0.000 	  0.000
0 	 19 	  0.367 	 -0.000 	  0.000
0 	 20 	  0.296 	 -0.000 	  0.000
0 	 21 	  0.213 	 -0.000 	  0.000
0 	 22 	  0.121 	 -0.000 	  0.000
0 	 23 	  0.024 	 -0.000 	  0.000
0 	 24 	 -0.073 	 -0.000 	 -0.000
0 	 25 	 -0.168 	 -0.000 	 -0.000
0 	 26 	 -0.256 	 -0.000 	 -0.000
0 	 27 	 -0.333 	 -0.000 	 -0.000
0 	 28 	 -0.397 	 -0.000 	 -0.000
0 	 29 	 -0.444 	 -0.000 	 -0.000
0 	 30 	 -0.474 	 -0.000 	 -0.000

1 	 0 	 -0.474 	  0.000 	 -0.049
1 	 1 	 -0.464 	  0.000 	 -0.048
1 	 2 	 -0.435 	  0.000 	 -0.045
1 	 3 	 -0.389 	  0.000 	 -0.040
1 	 4 	 -0.326 	  0.000 	 -0.034
1 	 5 	 -0.250 	  0.000 	 -0.026
1 	 6 	 -0.164 	  0.000 	 -0.017
1 	 7 	 -0.072 	  0.000 	 -0.007
1 	 8 	  0.024 	  0.000 	  0.002
1 	 9 	  0.119 	  0.000 	  0.012
1 	 10 	  0.209 	  0.000 	  0.021
1 	 11 	  0.290 	  0.000 	  0.030
1 	 12 	  0.359 	  0.000 	  0.037
1 	 13 	  0.414 	  0.000 	  0.043
1 	 14 	  0.452 	  0.000 	  0.046
1 	 15 	  0.471 	  0.000 	  0.048
1 	 16 	  0.471 	 -0.000 	  0.048
1 	 17 	  0.452 	 -0.000 	  0.046
1 	 18 	  0.414 	 -0.000 	  0.043
1 	 19 	  0.359 	 -0.000 	  0.037
1 	 20 	  0.290 	 -0.000 	  0.030
1 	 21 	  0.209 	 -0.000 	  0.021
1 	 22 	  0.119 	 -0.000 	  0.012
1 	 23 	  0.024 	 -0.000 	  0.002
1 	 24 	 -0.072 	 -0.000 	 -0.007
1 	 25 	 -0.164 	 -0.000 	 -0.017
1 	 26 	 -0.250 	 -0.000 	 -0.026
1 	 27 	 -0.326 	 -0.000 	 -0.034
1 	 28 	 -0.389 	 -0.000 	 -0.040
1 	 29 	 -0.435 	 -0.000 	 -0.045
1 	 30 	 -0.464 	 -0.000 	 -0.048

2 	 0 	 -0.444 	  0.000 	 -0.095
2 	 1 	 -0.435 	  0.000 	 -0.093
2 	 2 	 -0.408 	  0.000 	 -0.088
2 	 3 	 -0.365 	  0.000 	 -0.078
2 	 4 	 -0.306 	  0.000 	 -0.066
2 	 5 	 -0.235 	  0.000 	 -0.050
2 	 6 	 -0.154 	  0.000 	 -0.033
2 	 7 	 -0.067 	  0.000 	 -0.014
2 	 8 	  0.023 	  0.000 	  0.005
2 	 9 	  0.111 	  0.000 	  0.024
2 	 10 	  0.196 	  0.000 	  0.042
2 	 11 	  0.272 	  0.000 	  0.058
2 	 12 	  0.337 	  0.000 	  0.072
2 	 13 	  0.388 	  0.000 	  0.083
2 	 14 	  0.424 	  0.000 	  0.091
2 	 15 	  0.442 	  0.000 	  0.095
2 	 16 	  0.442 	 -0.000 	  0.095
2 	 17 	  0.424 	 -0.000 	  0.091
2 	 18 	  0.388 	 -0.000 	  0.083
2 	 19 	  0.337 	 -0.000 	  0.072
2 	 20 	  0.272 	 -0.000 	  0.058
2 	 21 	  0.196 	 -0.000 	  0.042
2 	 22 	  0.111 	 -0.000 	  0.024
2 	 23 	  0.023 	 -0.000 	  0.005
2 	 24 	 -0.067 	 -0.000 	 -0.014
2 	 25 	 -0.154 	 -0.000 	 -0.033
2 	 26 	 -0.235 	 -0.000 	 -0.050
2 	 27 	 -0.306 	 -0.000 	 -0.066
2 	 28 	 -0.365 	 -0.000 	 -0.078
2 	 29 	 -0.408 	 -0.000 	 -0.088
2 	 30 	 -0.435 	 -0.000 	 -0.093

3 	 0 	 -0.397 	  0.000 	 -0.138
3 	 1 	 -0.389 	  0.000 	 -0.135
3 	 2 	 -0.365 	  0.000 	 -0.127
3 	 3 	 -0.326 	  0.000 	 -0.113
3 	 4 	 -0.273 	  0.000 	 -0.095
3 	 5 	 -0.210 	  0.000 	 -0.073
3 	 6 	 -0.138 	  0.000 	 -0.048
3 	 7 	 -0.060 	  0.000 	 -0.021
3 	 8 	  0.020 	  0.000 	  0.007
3 	 9 	  0.099 	  0.000 	  0.035
3 	 10 	  0.175 	  0.000 	  0.061
3 	 11 	  0.243 	  0.000 	  0.085
3 	 12 	  0.301 	  0.000 	  0.105
3 	 13 	  0.347 	  0.000 	  0.121
3 	 14 	  0.379 	  0.000 	  0.132
3 	 15 	  0.395 	  0.000 	  0.137
3 	 16 	  0.395 	 -0.000 	  0.137
3 	 17 	  0.379 	 -0.000 	  0.132
3 	 18 	  0.347 	 -0.000 	  0.121
3 	 19 	  0.301 	 -0.000 	  0.105
3 	 20 	  0.243 	 -0.000 	  0.085
3 	 21 	  0.175 	 -0.000 	  0.061
3 	 22 	  0.099 	 -0.000 	  0.035
3 	 23 	  0.020 	 -0.000 	  0.007
3 	 24 	 -0.060 	 -0.000 	 -0.021
3 	 25 	 -0.138 	 -0.000 	 -0.048
3 	 26 	 -0.210 	 -0.000 	 -0.073
3 	 27 	 -0.273 	 -0.000 	 -0.095
3 	 28 	 -0.326 	 -0.000 	 -0.113
3 	 29 	 -0.365 	 -0.000 	 -0.127
3 	 30 	 -0.389 	 -0.000 	 -0.135

4 	 0 	 -0.333 	  0.000 	 -0.175
4 	 1 	 -0.326 	  0.000 	 -0.172
4 	 2 	 -0.306 	  0.000 	 -0.161
4 	 3 	 -0.273 	  0.000 	 -0.144
4 	 4 	 -0.229 	  0.000 	 -0.121
4 	 5 	 -0.176 	  0.000 	 -0.093
4 	 6 	 -0.116 	  0.000 	 -0.061
4 	 7 	 -0.050 	  0.000 	 -0.027
4 	 8 	  0.017 	  0.000 	  0.009
4 	 9 	  0.083 	  0.000 	  0.044
4 	 10 	  0.147 	  0.000 	  0.077
4 	 11 	  0.204 	  0.000 	  0.107
4 	 12 	  0.253 	  0.000 	  0.133
4 	 13 	  0.291 	  0.000 	  0.153
4 	 14 	  0.318 	  0.000 	  0.167
4 	 15 	  0.331 	  0.000 	  0.174
4 	 16 	  0.331 	 -0.000 	  0.174
4 	 17 	  0.318 	 -0.000 	  0.167
4 	 18 	  0.291 	 -0.000 	  0.153
4 	 19 	  0.253 	 -0.000 	  0.133
4 	 20 	  0.204 	 -0.000 	  0.107
4 	 21 	  0.147 	 -0.000 	  0.077
4 	 22 	  0.083 	 -0.000 	  0.044
4 	 23 	  0.017 	 -0.000 	  0.009
4 	 24 	 -0.050 	 -0.000 	 -0.027
4 	 25 	 -0.116 	 -0.000 	 -0.061
4 	 26 	 -0.176 	 -0.000 	 -0.093
4 	 27 	 -0.229 	 -0.000 	 -0.121
4 	 28 	 -0.273 	 -0.000 	 -0.144
4 	 29 	 -0.306 	 -0.000 	 -0.161
4 	 30 	 -0.326 	 -0.000 	 -0.172

5 	 0 	 -0.256 	  0.000 	 -0.205
5 	 1 	 -0.250 	  0.000 	 -0.201
5 	 2 	 -0.235 	  0.000 	 -0.189
5 	 3 	 -0.210 	  0.000 	 -0.168
5 	 4 	 -0.176 	  0.000 	 -0.141
5 	 5 	 -0.135 	  0.000 	 -0.109
5 	 6 	 -0.089 	  0.000 	 -0.071
5 	 7 	 -0.039 	  0.000 	 -0.031
5 	 8 	  0.013 	  0.000 	  0.010
5 	 9 	  0.064 	  0.000 	  0.051
5 	 10 	  0.113 	  0.000 	  0.090
5 	 11 	  0.157 	  0.000 	  0.126
5 	 12 	  0.194 	  0.000 	  0.156
5 	 13 	  0.224 	  0.000 	  0.179
5 	 14 	  0.244 	  0.000 	  0.196
5 	 15 	  0.254 	  0.000 	  0.204
5 	 16 	  0.254 	 -0.000 	  0.204
5 	 17 	  0.244 	 -0.000 	  0.196
5 	 18 	  0.224 	 -0.000 	  0.179
5 	 19 	  0.194 	 -0.000 	  0.156
5 	 20 	  0.157 	 -0.000 	  0.126
5 	 21 	  0.113 	 -0.000 	  0.090
5 	 22 	  0.064 	 -0.000 	  0.051
5 	 23 	  0.013 	 -0.000 	  0.010
5 	 24 	 -0.039 	 -0.000 	 -0.031
5 	 25 	 -0.089 	 -0.000 	 -0.071
5 	 26 	 -0.135 	 -0.000 	 -0.109
5 	 27 	 -0.176 	 -0.000 	 -0.141
5 	 28 	 -0.210 	 -0.000 	 -0.168
5 	 29 	 -0.235 	 -0.000 	 -0.189
5 	 30 	 -0.250 	 -0.000 	 -0.201

6 	 0 	 -0.168 	  0.000 	 -0.227
6 	 1 	 -0.164 	  0.000 	 -0.222
6 	 2 	 -0.154 	  0.000 	 -0.208
6 	 3 	 -0.138 	  0.000 	 -0.186
6 	 4 	 -0.116 	  0.000 	 -0.156
6 	 5 	 -0.089 	  0.000 	 -0.120
6 	 6 	 -0.058 	  0.000 	 -0.079
6 	 7 	 -0.025 	  0.000 	 -0.034
6 	 8 	  0.009 	  0.000 	  0.011
6 	 9 	  0.042 	  0.000 	  0.057
6 	 10 	  0.074 	  0.000 	  0.100
6 	 11 	  0.103 	  0.000 	  0.139
6 	 12 	  0.127 	  0.000 	  0.172
6 	 13 	  0.147 	  0.000 	  0.198
6 	 14 	  0.160 	  0.000 	  0.216
6 	 15 	  0.167 	  0.000 	  0.226
6 	 16 	  0.167 	 -0.000 	  0.226
6 	 17 	  0.160 	 -0.000 	  0.216
6 	 18 	  0.147 	 -0.000 	  0.198
6 	 19 	  0.127 	 -0.000 	  0.172
6 	 20 	  0.103 	 -0.000 	  0.139
6 	 21 	  0.074 	 -0.000 	  0.100
6 	 22 	  0.042 	 -0.000 	  0.057
6 	 23 	  0.009 	 -0.000 	  0.011
6 	 24 	 -0.025 	 -0.000 	 -0.034
6 	 25 	 -0.058 	 -0.000 	 -0.079
6 	 26 	 -0.089 	 -0.000 	 -0.120
6 	 27 	 -0.116 	 -0.000 	 -0.156
6 	 28 	 -0.138 	 -0.000 	 -0.186
6 	 29 	 -0.154 	 -0.000 	 -0.208
6 	 30 	 -0.164 	 -0.000 	 -0.222

7 	 0 	 -0.073 	  0.000 	 -0.239
7 	 1 	 -0.072 	  0.000 	 -0.234
7 	 2 	 -0.067 	  0.000 	 -0.220
7 	 3 	 -0.060 	  0.000 	 -0.196
7 	 4 	 -0.050 	  0.000 	 -0.165
7 	 5 	 -0.039 	  0.000 	 -0.126
7 	 6 	 -0.025 	  0.000 	 -0.083
7 	 7 	 -0.011 	  0.000 	 -0.036
7 	 8 	  0.004 	  0.000 	  0.012
7 	 9 	  0.018 	  0.000 	  0.060
7 	 10 	  0.032 	  0.000 	  0.105
7 	 11 	  0.045 	  0.000 	  0.146
7 	 12 	  0.056 	  0.000 	  0.181
7 	 13 	  0.064 	  0.000 	  0.209
7 	 14 	  0.070 	  0.000 	  0.228
7 	 15 	  0.073 	  0.000 	  0.238
7 	 16 	  0.073 	 -0.000 	  0.238
7 	 17 	  0.070 	 -0.000 	  0.228
7 	 18 	  0.064 	 -0.000 	  0.209
7 	 19 	  0.056 	 -0.000 	  0.181
7 	 20 	  0.045 	 -0.000 	  0.146
7 	 21 	  0.032 	 -0.000 	  0.105
7 	 22 	  0.018 	 -0.000 	  0.060
7 	 23 	  0.004 	 -0.000 	  0.012
7 	 24 	 -0.011 	 -0.000 	 -0.036
7 	 25 	 -0.025 	 -0.000 	 -0.083
7 	 26 	 -0.039 	 -0.000 	 -0.126
7 	 27 	 -0.050 	 -0.000 	 -0.165
7 	 28 	 -0.060 	 -0.000 	 -0.196
7 	 29 	 -0.067 	 -0.000 	 -0.220
7 	 30 	 -0.072 	 -0.000 	 -0.234

8 	 0 	  0.024 	 -0.000 	 -0.241
8 	 1 	  0.024 	 -0.000 	 -0.236
8 	 2 	  0.023 	 -0.000 	 -0.222
8 	 3 	  0.020 	 -0.000 	 -0.198
8 	 4 	  0.017 	 -0.000 	 -0.166
8 	 5 	  0.013 	 -0.000 	 -0.128
8 	 6 	  0.009 	 -0.000 	 -0.084
8 	 7 	  0.004 	 -0.000 	 -0.037
8 	 8 	 -0.001 	 -0.000 	  0.012
8 	 9 	 -0.006 	 -0.000 	  0.061
8 	 10 	 -0.011 	 -0.000 	  0.106
8 	 11 	 -0.015 	 -0.000 	  0.148
8 	 12 	 -0.019 	 -0.000 	  0.183
8 	 13 	 -0.021 	 -0.000 	  0.211
8 	 14 	 -0.023 	 -0.000 	  0.230
8 	 15 	 -0.024 	 -0.000 	  0.240
8 	 16 	 -0.024 	  0.000 	  0.240
8 	 17 	 -0.023 	  0.000 	  0.230
8 	 18 	 -0.021 	  0.000 	  0.211
8 	 19 	 -0.019 	  0.000 	  0.183
8 	 20 	 -0.015 	  0.000 	  0.148
8 	 21 	 -0.011 	  0.000 	  0.106
8 	 22 	 -0.006 	  0.000 	  0.061
8 	 23 	 -0.001 	  0.000 	  0.012
8 	 24 	  0.004 	  0.000 	 -0.037
8 	 25 	  0.009 	  0.000 	 -0.084
8 	 26 	  0.013 	  0.000 	 -0.128
8 	 27 	  0.017 	  0.000 	 -0.166
8 	 28 	  0.020 	  0.000 	 -0.198
8 	 29 	  0.023 	  0.000 	 -0.222
8 	 30 	  0.024 	  0.000 	 -0.236

9 	 0 	  0.121 	 -0.000 	 -0.234
9 	 1 	  0.119 	 -0.000 	 -0.229
9 	 2 	  0.111 	 -0.000 	 -0.215
9 	 3 	  0.099 	 -0.000 	 -0.192
9 	 4 	  0.083 	 -0.000 	 -0.161
9 	 5 	  0.064 	 -0.000 	 -0.124
9 	 6 	  0.042 	 -0.000 	 -0.081
9 	 7 	  0.018 	 -0.000 	 -0.035
9 	 8 	 -0.006 	 -0.000 	  0.012
9 	 9 	 -0.030 	 -0.000 	  0.059
9 	 10 	 -0.053 	 -0.000 	  0.103
9 	 11 	 -0.074 	 -0.000 	  0.143
9 	 12 	 -0.092 	 -0.000 	  0.178
9 	 13 	 -0.106 	 -0.000 	  0.205
9 	 14 	 -0.116 	 -0.000 	  0.223
9 	 15 	 -0.121 	 -0.000 	  0.233
9 	 16 	 -0.121 	  0.000 	  0.233
9 	 17 	 -0.116 	  0.000 	  0.223
9 	 18 	 -0.106 	  0.000 	  0.205
9 	 19 	 -0.092 	  0.000 	  0.178
9 	 20 	 -0.074 	  0.000 	  0.143
9 	 21 	 -0.053 	  0.000 	  0.103
9 	 22 	 -0.030 	  0.000 	  0.059
9 	 23 	 -0.006 	  0.000 	  0.012
9 	 24 	  0.018 	  0.000 	 -0.035
9 	 25 	  0.042 	  0.000 	 -0.081
9 	 26 	  0.064 	  0.000 	 -0.124
9 	 27 	  0.083 	  0.000 	 -0.161
9 	 28 	  0.099 	  0.000 	 -0.192
9 	 29 	  0.111 	  0.000 	 -0.215
9 	 30 	  0.119 	  0.000 	 -0.229

10 	 0 	  0.213 	 -0.000 	 -0.217
10 	 1 	  0.209 	 -0.000 	 -0.213
10 	 2 	  0.196 	 -0.000 	 -0.199
10 	 3 	  0.175 	 -0.000 	 -0.178
10 	 4 	  0.147 	 -0.000 	 -0.150
10 	 5 	  0.113 	 -0.000 	 -0.115
10 	 6 	  0.074 	 -0.000 	 -0.075
10 	 7 	  0.032 	 -0.000 	 -0.033
10 	 8 	 -0.011 	 -0.000 	  0.011
10 	 9 	 -0.053 	 -0.000 	  0.054
10 	 10 	 -0.094 	 -0.000 	  0.096
10 	 11 	 -0.130 	 -0.000 	  0.133
10 	 12 	 -0.162 	 -0.000 	  0.165
10 	 13 	 -0.186 	 -0.000 	  0.190
10 	 14 	 -0.203 	 -0.000 	  0.207
10 	 15 	 -0.212 	 -0.000 	  0.216
10 	 16 	 -0.212 	  0.000 	  0.216
10 	 17 	 -0.203 	  0.000 	  0.207
10 	 18 	 -0.186 	  0.000 	  0.190
10 	 19 	 -0.162 	  0.000 	  0.165
10 	 20 	 -0.130 	  0.000 	  0.133
10 	 21 	 -0.094 	  0.000 	  0.096
10 	 22 	 -0.053 	  0.000 	  0.054
10 	 23 	 -0.011 	  0.000 	  0.011
10 	 24 	  0.032 	  0.000 	 -0.033
10 	 25 	  0.074 	  0.000 	 -0.075
10 	 26 	  0.113 	  0.000 	 -0.115
10 	 27 	  0.147 	  0.000 	 -0.150
10 	 28 	  0.175 	  0.000 	 -0.178
10 	 29 	  0.196 	  0.000 	 -0.199
10 	 30 	  0.209 	  0.000 	 -0.213

11 	 0 	  0.296 	 -0.000 	 -0.191
11 	 1 	  0.290 	 -0.000 	 -0.187
11 	 2 	  0.272 	 -0.000 	 -0.176
11 	 3 	  0.243 	 -0.000 	 -0.157
11 	 4 	  0.204 	 -0.000 	 -0.132
11 	 5 	  0.157 	 -0.000 	 -0.101
11 	 6 	  0.103 	 -0.000 	 -0.066
11 	 7 	  0.045 	 -0.000 	 -0.029
11 	 8 	 -0.015 	 -0.000 	  0.010
11 	 9 	 -0.074 	 -0.000 	  0.048
11 	 10 	 -0.130 	 -0.000 	  0.084
11 	 11 	 -0.181 	 -0.000 	  0.117
11 	 12 	 -0.225 	 -0.000 	  0.145
11 	 13 	 -0.259 	 -0.000 	  0.167
11 	 14 	 -0.282 	 -0.000 	  0.182
11 	 15 	 -0.294 	 -0.000 	  0.190
11 	 16 	 -0.294 	  0.000 	  0.190
11 	 17 	 -0.282 	  0.000 	  0.182
11 	 18 	 -0.259 	  0.000 	  0.167
11 	 19 	 -0.225 	  0.000 	  0.145
11 	 20 	 -0.181 	  0.000 	  0.117
11 	 21 	 -0.130 	  0.000 	  0.084
11 	 22 	 -0.074 	  0.000 	  0.048
11 	 23 	 -0.015 	  0.000 	  0.010
11 	 24 	  0.045 	  0.000 	 -0.029
11 	 25 	  0.103 	  0.000 	 -0.066
11 	 26 	  0.157 	  0.000 	 -0.101
11 	 27 	  0.204 	  0.000 	 -0.132
11 	 28 	  0.243 	  0.000 	 -0.157
11 	 29 	  0.272 	  0.000 	 -0.176
11 	 30 	  0.290 	  0.000 	 -0.187

12 	 0 	  0.367 	 -0.000 	 -0.157
12 	 1 	  0.359 	 -0.000 	 -0.154
12 	 2 	  0.337 	 -0.000 	 -0.145
12 	 3 	  0.301 	 -0.000 	 -0.129
12 	 4 	  0.253 	 -0.000 	 -0.108
12 	 5 	  0.194 	 -0.000 	 -0.083
12 	 6 	  0.127 	 -0.000 	 -0.055
12 	 7 	  0.056 	 -0.000 	 -0.024
12 	 8 	 -0.019 	 -0.000 	  0.008
12 	 9 	 -0.092 	 -0.000 	  0.039
12 	 10 	 -0.162 	 -0.000 	  0.069
12 	 11 	 -0.225 	 -0.000 	  0.096
12 	 12 	 -0.278 	 -0.000 	  0.119
12 	 13 	 -0.321 	 -0.000 	  0.138
12 	 14 	 -0.350 	 -0.000 	  0.150
12 	 15 	 -0.365 	 -0.000 	  0.157
12 	 16 	 -0.365 	  0.000 	  0.157
12 	 17 	 -0.350 	  0.000 	  0.150
12 	 18 	 -0.321 	  0.000 	  0.138
12 	 19 	 -0.278 	  0.000 	  0.119
12 	 20 	 -0.225 	  0.000 	  0.096
12 	 21 	 -0.162 	  0.000 	  0.069
12 	 22 	 -0.092 	  0.000 	  0.039
12 	 23 	 -0.019 	  0.000 	  0.008
12 	 24 	  0.056 	  0.000 	 -0.024
12 	 25 	  0.127 	  0.000 	 -0.055
12 	 26 	  0.194 	  0.000 	 -0.083
12 	 27 	  0.253 	  0.000 	 -0.108
12 	 28 	  0.301 	  0.000 	 -0.129
12 	 29 	  0.337 	  0.000 	 -0.145
12 	 30 	  0.359 	  0.000 	 -0.154

13 	 0 	  0.423 	 -0.000 	 -0.117
13 	 1 	  0.414 	 -0.000 	 -0.115
13 	 2 	  0.388 	 -0.000 	 -0.108
13 	 3 	  0.347 	 -0.000 	 -0.096
13 	 4 	  0.291 	 -0.000 	 -0.081
13 	 5 	  0.224 	 -0.000 	 -0.062
13 	 6 	  0.147 	 -0.000 	 -0.041
13 	 7 	  0.064 	 -0.000 	 -0.018
13 	 8 	 -0.021 	 -0.000 	  0.006
13 	 9 	 -0.106 	 -0.000 	  0.029
13 	 10 	 -0.186 	 -0.000 	  0.052
13 	 11 	 -0.259 	 -0.000 	  0.072
13 	 12 	 -0.321 	 -0.000 	  0.089
13 	 13 	 -0.370 	 -0.000 	  0.103
13 	 14 	 -0.403 	 -0.000 	  0.112
13 	 15 	 -0.421 	 -0.000 	  0.117
13 	 16 	 -0.421 	  0.000 	  0.117
13 	 17 	 -0.403 	  0.000 	  0.112
13 	 18 	 -0.370 	  0.000 	  0.103
13 	 19 	 -0.321 	  0.000 	  0.089
13 	 20 	 -0.259 	  0.000 	  0.072
13 	 21 	 -0.186 	  0.000 	  0.052
13 	 22 	 -0.106 	  0.000 	  0.029
13 	 23 	 -0.021 	  0.000 	  0.006
13 	 24 	  0.064 	  0.000 	 -0.018
13 	 25 	  0.147 	  0.000 	 -0.041
13 	 26 	  0.224 	  0.000 	 -0.062
13 	 27 	  0.291 	  0.000 	 -0.081
13 	 28 	  0.347 	  0.000 	 -0.096
13 	 29 	  0.388 	  0.000 	 -0.108
13 	 30 	  0.414 	  0.000 	 -0.115

14 	 0 	  0.461 	 -0.000 	 -0.072
14 	 1 	  0.452 	 -0.000 	 -0.071
14 	 2 	  0.424 	 -0.000 	 -0.066
14 	 3 	  0.379 	 -0.000 	 -0.059
14 	 4 	  0.318 	 -0.000 	 -0.050
14 	 5 	  0.244 	 -0.000 	 -0.038
14 	 6 	  0.160 	 -0.000 	 -0.025
14 	 7 	  0.070 	 -0.000 	 -0.011
14 	 8 	 -0.023 	 -0.000 	  0.004
14 	 9 	 -0.116 	 -0.000 	  0.018
14 	 10 	 -0.203 	 -0.000 	  0.032
14 	 11 	 -0.282 	 -0.000 	  0.044
14 	 12 	 -0.350 	 -0.000 	  0.055
14 	 13 	 -0.403 	 -0.000 	  0.063
14 	 14 	 -0.440 	 -0.000 	  0.069
14 	 15 	 -0.459 	 -0.000 	  0.072
14 	 16 	 -0.459 	  0.000 	  0.072
14 	 17 	 -0.440 	  0.000 	  0.069
14 	 18 	 -0.403 	  0.000 	  0.063
14 	 19 	 -0.350 	  0.000 	  0.055
14 	 20 	 -0.282 	  0.000 	  0.044
14 	 21 	 -0.203 	  0.000 	  0.032
14 	 22 	 -0.116 	  0.000 	  0.018
14 	 23 	 -0.023 	  0.000 	  0.004
14 	 24 	  0.070 	  0.000 	 -0.011
14 	 25 	  0.160 	  0.000 	 -0.025
14 	 26 	  0.244 	  0.000 	 -0.038
14 	 27 	  0.318 	  0.000 	 -0.050
14 	 28 	  0.379 	  0.000 	 -0.059
14 	 29 	  0.424 	  0.000 	 -0.066
14 	 30 	  0.452 	  0.000 	 -0.071

15 	 0 	  0.481 	 -0.000 	 -0.024
15 	 1 	  0.471 	 -0.000 	 -0.024
15 	 2 	  0.442 	 -0.000 	 -0.022
15 	 3 	  0.395 	 -0.000 	 -0.020
15 	 4 	  0.331 	 -0.000 	 -0.017
15 	 5 	  0.254 	 -0.000 	 -0.013
15 	 6 	  0.167 	 -0.000 	 -0.008
15 	 7 	  0.073 	 -0.000 	 -0.004
15 	 8 	 -0.024 	 -0.000 	  0.001
15 	 9 	 -0.121 	 -0.000 	  0.006
15 	 10 	 -0.212 	 -0.000 	  0.011
15 	 11 	 -0.294 	 -0.000 	  0.015
15 	 12 	 -0.365 	 -0.000 	  0.019
15 	 13 	 -0.421 	 -0.000 	  0.021
15 	 14 	 -0.459 	 -0.000 	  0.023
15 	 15 	 -0.478 	 -0.000 	  0.024
15 	 16 	 -0.478 	  0.000 	  0.024
15 	 17 	 -0.459 	  0.000 	  0.023
15 	 18 	 -0.421 	  0.000 	  0.021
15 	 19 	 -0.365 	  0.000 	  0.019
15 	 20 	 -0.294 	  0.000 	  0.015
15 	 21 	 -0.212 	  0.000 	  0.011
15 	 22 	 -0.121 	  0.000 	  0.006
15 	 23 	 -0.024 	  0.000 	  0.001
15 	 24 	  0.073 	  0.000 	 -0.004
15 	 25 	  0.167 	  0.000 	 -0.008
15 	 26 	  0.254 	  0.000 	 -0.013
15 	 27 	  0.331 	  0.000 	 -0.017
15 	 28 	  0.395 	  0.000 	 -0.020
15 	 29 	  0.442 	  0.000 	 -0.022
15 	 30 	  0.471 	  0.000 	 -0.024

16 	 0 	  0.481 	 -0.000 	  0.024
16 	 1 	  0.471 	 -0.000 	  0.024
16 	 2 	  0.442 	 -0.000 	  0.022
16 	 3 	  0.395 	 -0.000 	  0.020
16 	 4 	  0.331 	 -0.000 	  0.017
16 	 5 	  0.254 	 -0.000 	  0.013
16 	 6 	  0.167 	 -0.000 	  0.008
16 	 7 	  0.073 	 -0.000 	  0.004
16 	 8 	 -0.024 	 -0.000 	 -0.001
16 	 9 	 -0.121 	 -0.000 	 -0.006
16 	 10 	 -0.212 	 -0.000 	 -0.011
16 	 11 	 -0.294 	 -0.000 	 -0.015
16 	 12 	 -0.365 	 -0.000 	 -0.019
16 	 13 	 -0.421 	 -0.000 	 -0.021
16 	 14 	 -0.459 	 -0.000 	 -0.023
16 	 15 	 -0.478 	 -0.000 	 -0.024
16 	 16 	 -0.478 	  0.000 	 -0.024
16 	 17 	 -0.459 	  0.000 	 -0.023
16 	 18 	 -0.421 	  0.000 	 -0.021
16 	 19 	 -0.365 	  0.000 	 -0.019
16 	 20 	 -0.294 	  0.000 	 -0.015
16 	 21 	 -0.212 	  0.000 	 -0.011
16 	 22 	 -0.121 	  0.000 	 -0.006
16 	 23 	 -0.024 	  0.000 	 -0.001
16 	 24 	  0.073 	  0.000 	  0.004
16 	 25 	  0.167 	  0.000 	  0.008
16 	 26 	  0.254 	  0.000 	  0.013
16 	 27 	  0.331 	  0.000 	  0.017
16 	 28 	  0.395 	  0.000 	  0.020
16 	 29 	  0.442 	  0.000 	  0.022
16 	 30 	  0.471 	  0.000 	  0.024

17 	 0 	  0.461 	 -0.000 	  0.072
17 	 1 	  0.452 	 -0.000 	  0.071
17 	 2 	  0.424 	 -0.000 	  0.066
17 	 3 	  0.379 	 -0.000 	  0.059
17 	 4 	  0.318 	 -0.000 	  0.050
17 	 5 	  0.244 	 -0.000 	  0.038
17 	 6 	  0.160 	 -0.000 	  0.025
17 	 7 	  0.070 	 -0.000 	  0.011
17 	 8 	 -0.023 	 -0.000 	 -0.004
17 	 9 	 -0.116 	 -0.000 	 -0.018
17 	 10 	 -0.203 	 -0.000 	 -0.032
17 	 11 	 -0.282 	 -0.000 	 -0.044
17 	 12 	 -0.350 	 -0.000 	 -0.055
17 	 13 	 -0.403 	 -0.000 	 -0.063
17 	 14 	 -0.440 	 -0.000 	 -0.069
17 	 15 	 -0.459 	 -0.000 	 -0.072
17 	 16 	 -0.459 	  0.000 	 -0.072
17 	 17 	 -0.440 	  0.000 	 -0.069
17 	 18 	 -0.403 	  0.000 	 -0.063
17 	 19 	 -0.350 	  0.000 	 -0.055
17 	 20 	 -0.282 	  0.000 	 -0.044
17 	 21 	 -0.203 	  0.000 	 -0.032
17 	 22 	 -0.116 	  0.000 	 -0.018
17 	 23 	 -0.023 	  0.000 	 -0.004
17 	 24 	  0.070 	  0.000 	  0.011
17 	 25 	  0.160 	  0.000 	  0.025
17 	 26 	  0.244 	  0.000 	  0.038
17 	 27 	  0.318 	  0.000 	  0.050
17 	 28 	  0.379 	  0.000 	  0.059
17 	 29 	  0.424 	  0.000 	  0.066
17 	 30 	  0.452 	  0.000 	  0.071

18 	 0 	  0.423 	 -0.000 	  0.117
18 	 1 	  0.414 	 -0.000 	  0.115
18 	 2 	  0.388 	 -0.000 	  0.108
18 	 3 	  0.347 	 -0.000 	  0.096
18 	 4 	  0.291 	 -0.000 	  0.081
18 	 5 	  0.224 	 -0.000 	  0.062
18 	 6 	  0.147 	 -0.000 	  0.041
18 	 7 	  0.064 	 -0.000 	  0.018
18 	 8 	 -0.021 	 -0.000 	 -0.006
18 	 9 	 -0.106 	 -0.000 	 -0.029
18 	 10 	 -0.186 	 -0.000 	 -0.052
18 	 11 	 -0.259 	 -0.000 	 -0.072
18 	 12 	 -0.321 	 -0.000 	 -0.089
18 	 13 	 -0.370 	 -0.000 	 -0.103
18 	 14 	 -0.403 	 -0.000 	 -0.112
18 	 15 	 -0.421 	 -0.000 	 -0.117
18 	 16 	 -0.421 	  0.000 	 -0.117
18 	 17 	 -0.403 	  0.000 	 -0.112
18 	 18 	 -0.370 	  0.000 	 -0.103
18 	 19 	 -0.321 	  0.000 	 -0.089
18 	 20 	 -0.259 	  0.000 	 -0.072
18 	 21 	 -0.186 	  0.000 	 -0.052
18 	 22 	 -0.106 	  0.000 	 -0.029
18 	 23 	 -0.021 	  0.000 	 -0.006
18 	 24 	  0.064 	  0.000 	  0.018
18 	 25 	  0.147 	  0.000 	  0.041
18 	 26 	  0.224 	  0.000 	  0.062
18 	 27 	  0.291 	  0.000 	  0.081
18 	 28 	  0.347 	  0.000 	  0.096
18 	 29 	  0.388 	  0.000 	  0.108
18 	 30 	  0.414 	  0.000 	  0.115

19 	 0 	  0.367 	 -0.000 	  0.157
19 	 1 	  0.359 	 -0.000 	  0.154
19 	 2 	  0.337 	 -0.000 	  0.145
19 	 3 	  0.301 	 -0.000 	  0.129
19 	 4 	  0.253 	 -0.000 	  0.108
19 	 5 	  0.194 	 -0.000 	  0.083
19 	 6 	  0.127 	 -0.000 	  0.055
19 	 7 	  0.056 	 -0.000 	  0.024
19 	 8 	 -0.019 	 -0.000 	 -0.008
19 	 9 	 -0.092 	 -0.000 	 -0.039
19 	 10 	 -0.162 	 -0.000 	 -0.069
19 	 11 	 -0.225 	 -0.000 	 -0.096
19 	 12 	 -0.278 	 -0.000 	 -0.119
19 	 13 	 -0.321 	 -0.000 	 -0.138
19 	 14 	 -0.350 	 -0.000 	 -0.150
19 	 15 	 -0.365 	 -0.000 	 -0.157
19 	 16 	 -0.365 	  0.000 	 -0.157
19 	 17 	 -0.350 	  0.000 	 -0.150
19 	 18 	 -0.321 	  0.000 	 -0.138
19 	 19 	 -0.278 	  0.000 	 -0.119
19 	 20 	 -0.225 	  0.000 	 -0.096
19 	 21 	 -0.162 	  0.000 	 -0.069
19 	 22 	 -0.092 	  0.000 	 -0.039
19 	 23 	 -0.019 	  0.000 	 -0.008
19 	 24 	  0.056 	  0.000 	  0.024
19 	 25 	  0.127 	  0.000 	  0.055
19 	 26 	  0.194 	  0.000 	  0.083
19 	 27 	  0.253 	  0.000 	  0.108
19 	 28 	  0.301 	  0.000 	  0.129
19 	 29 	  0.337 	  0.000 	  0.145
19 	 30 	  0.359 	  0.000 	  0.154

20 	 0 	  0.296 	 -0.000 	  0.191
20 	 1 	  0.290 	 -0.000 	  0.187
20 	 2 	  0.272 	 -0.000 	  0.176
20 	 3 	  0.243 	 -0.000 	  0.157
20 	 4 	  0.204 	 -0.000 	  0.132
20 	 5 	  0.157 	 -0.000 	  0.101
20 	 6 	  0.103 	 -0.000 	  0.066
20 	 7 	  0.045 	 -0.000 	  0.029
20 	 8 	 -0.015 	 -0.000 	 -0.010
20 	 9 	 -0.074 	 -0.000 	 -0.048
20 	 10 	 -0.130 	 -0.000 	 -0.084
20 	 11 	 -0.181 	 -0.000 	 -0.117
20 	 12 	 -0.225 	 -0.000 	 -0.145
20 	 13 	 -0.259 	 -0.000 	 -0.167
20 	 14 	 -0.282 	 -0.000 	 -0.182
20 	 15 	 -0.294 	 -0.000 	 -0.190
20 	 16 	 -0.294 	  0.000 	 -0.190
20 	 17 	 -0.282 	  0.000 	 -0.182
20 	 18 	 -0.259 	  0.000 	 -0.167
20 	 19 	 -0.225 	  0.000 	 -0.145
20 	 20 	 -0.181 	  0.000 	 -0.117
20 	 21 	 -0.130 	  0.000 	 -0.084
20 	 22 	 -0.074 	  0.000 	 -0.048
20 	 23 	 -0.015 	  0.000 	 -0.010
20 	 24 	  0.045 	  0.000 	  0.029
20 	 25 	  0.103 	  0.000 	  0.066
20 	 26 	  0.157 	  0.000 	  0.101
20 	 27 	  0.204 	  0.000 	  0.132
20 	 28 	  0.243 	  0.000 	  0.157
20 	 29 	  0.272 	  0.000 	  0.176
20 	 30 	  0.290 	  0.000 	  0.187

21 	 0 	  0.213 	 -0.000 	  0.217
21 	 1 	  0.209 	 -0.000 	  0.213
21 	 2 	  0.196 	 -0.000 	  0.199
21 	 3 	  0.175 	 -0.000 	  0.178
21 	 4 	  0.147 	 -0.000 	  0.150
21 	 5 	  0.113 	 -0.000 	  0.115
21 	 6 	  0.074 	 -0.000 	  0.075
21 	 7 	  0.032 	 -0.000 	  0.033
21 	 8 	 -0.011 	 -0.000 	 -0.011
21 	 9 	 -0.053 	 -0.000 	 -0.054
21 	 10 	 -0.094 	 -0.000 	 -0.096
21 	 11 	 -0.130 	 -0.000 	 -0.133
21 	 12 	 -0.162 	 -0.000 	 -0.165
21 	 13 	 -0.186 	 -0.000 	 -0.190
21 	 14 	 -0.203 	 -0.000 	 -0.207
21 	 15 	 -0.212 	 -0.000 	 -0.216
21 	 16 	 -0.212 	  0.000 	 -0.216
21 	 17 	 -0.203 	  0.000 	 -0.207
21 	 18 	 -0.186 	  0.000 	 -0.190
21 	 19 	 -0.162 	  0.000 	 -0.165
21 	 20 	 -0.130 	  0.000 	 -0.133
21 	 21 	 -0.094 	  0.000 	 -0.096
21 	 22 	 -0.053 	  0.000 	 -0.054
21 	 23 	 -0.011 	  0.000 	 -0.011
21 	 24 	  0.032 	  0.000 	  0.033
21 	 25 	  0.074 	  0.000 	  0.075
21 	 26 	  0.113 	  0.000 	  0.115
21 	 27 	  0.147 	  0.000 	  0.150
21 	 28 	  0.175 	  0.000 	  0.178
21 	 29 	  0.196 	  0.000 	  0.199
21 	 30 	  0.209 	  0.000 	  0.213

22 	 0 	  0.121 	 -0.000 	  0.234
22 	 1 	  0.119 	 -0.000 	  0.229
22 	 2 	  0.111 	 -0.000 	  0.215
22 	 3 	  0.099 	 -0.000 	  0.192
22 	 4 	  0.083 	 -0.000 	  0.161
22 	 5 	  0.064 	 -0.000 	  0.124
22 	 6 	  0.042 	 -0.000 	  0.081
22 	 7 	  0.018 	 -0.000 	  0.035
22 	 8 	 -0.006 	 -0.000 	 -0.012
22 	 9 	 -0.030 	 -0.000 	 -0.059
22 	 10 	 -0.053 	 -0.000 	 -0.103
22 	 11 	 -0.074 	 -0.000 	 -0.143
22 	 12 	 -0.092 	 -0.000 	 -0.178
22 	 13 	 -0.106 	 -0.000 	 -0.205
22 	 14 	 -0.116 	 -0.000 	 -0.223
22 	 15 	 -0.121 	 -0.000 	 -0.233
22 	 16 	 -0.121 	  0.000 	 -0.233
22 	 17 	 -0.116 	  0.000 	 -0.223
22 	 18 	 -0.106 	  0.000 	 -0.205
22 	 19 	 -0.092 	  0.000 	 -0.178
22 	 20 	 -0.074 	  0.000 	 -0.143
22 	 21 	 -0.053 	  0.000 	 -0.103
22 	 22 	 -0.030 	  0.000 	 -0.059
22 	 23 	 -0.006 	  0.000 	 -0.012
22 	 24 	  0.018 	  0.000 	  0.035
22 	 25 	  0.042 	  0.000 	  0.081
22 	 26 	  0.064 	  0.000 	  0.124
22 	 27 	  0.083 	  0.000 	  0.161
22 	 28 	  0.099 	  0.000 	  0.192
22 	 29 	  0.111 	  0.000 	  0.215
22 	 30 	  0.119 	  0.000 	  0.229

23 	 0 	  0.024 	 -0.000 	  0.241
23 	 1 	  0.024 	 -0.000 	  0.236
23 	 2 	  0.023 	 -0.000 	  0.222
23 	 3 	  0.020 	 -0.000 	  0.198
23 	 4 	  0.017 	 -0.000 	  0.166
23 	 5 	  0.013 	 -0.000 	  0.128
23 	 6 	  0.009 	 -0.000 	  0.084
23 	 7 	  0.004 	 -0.000 	  0.037
23 	 8 	 -0.001 	 -0.000 	 -0.012
23 	 9 	 -0.006 	 -0.000 	 -0.061
23 	 10 	 -0.011 	 -0.000 	 -0.106
23 	 11 	 -0.015 	 -0.000 	 -0.148
23 	 12 	 -0.019 	 -0.000 	 -0.183
23 	 13 	 -0.021 	 -0.000 	 -0.211
23 	 14 	 -0.023 	 -0.000 	 -0.230
23 	 15 	 -0.024 	 -0.000 	 -0.240
23 	 16 	 -0.024 	  0.000 	 -0.240
23 	 17 	 -0.023 	  0.000 	 -0.230
23 	 18 	 -0.021 	  0.000 	 -0.211
23 	 19 	 -0.019 	  0.000 	 -0.183
23 	 20 	 -0.015 	  0.000 	 -0.148
23 	 21 	 -0.011 	  0.000 	 -0.106
23 	 22 	 -0.006 	  0.000 	 -0.061
23 	 23 	 -0.001 	  0.000 	 -0.012
23 	 24 	  0.004 	  0.000 	  0.037
23 	 25 	  0.009 	  0.000 	  0.084
23 	 26 	  0.013 	  0.000 	  0.128
23 	 27 	  0.017 	  0.000 	  0.166
23 	 28 	  0.020 	  0.000 	  0.198
23 	 29 	  0.023 	  0.000 	  0.222
23 	 30 	  0.024 	  0.000 	  0.236

24 	 0 	 -0.073 	  0.000 	  0.239
24 	 1 	 -0.072 	  0.000 	  0.234
24 	 2 	 -0.067 	  0.000 	  0.220
24 	 3 	 -0.060 	  0.000 	  0.196
24 	 4 	 -0.050 	  0.000 	  0.165
24 	 5 	 -0.039 	  0.000 	  0.126
24 	 6 	 -0.025 	  0.000 	  0.083
24 	 7 	 -0.011 	  0.000 	  0.036
24 	 8 	  0.004 	  0.000 	 -0.012
24 	 9 	  0.018 	  0.000 	 -0.060
24 	 10 	  0.032 	  0.000 	 -0.105
24 	 11 	  0.045 	  0.000 	 -0.146
24 	 12 	  0.056 	  0.000 	 -0.181
24 	 13 	  0.064 	  0.000 	 -0.209
24 	 14 	  0.070 	  0.000 	 -0.228
24 	 15 	  0.073 	  0.000 	 -0.238
24 	 16 	  0.073 	 -0.000 	 -0.238
24 	 17 	  0.070 	 -0.000 	 -0.228
24 	 18 	  0.064 	 -0.000 	 -0.209
24 	 19 	  0.056 	 -0.000 	 -0.181
24 	 20 	  0.045 	 -0.000 	 -0.146
24 	 21 	  0.032 	 -0.000 	 -0.105
24 	 22 	  0.018 	 -0.000 	 -0.060
24 	 23 	  0.004 	 -0.000 	 -0.012
24 	 24 	 -0.011 	 -0.000 	  0.036
24 	 25 	 -0.025 	 -0.000 	  0.083
24 	 26 	 -0.039 	 -0.000 	  0.126
24 	 27 	 -0.050 	 -0.000 	  0.165
24 	 28 	 -0.060 	 -0.000 	  0.196
24 	 29 	 -0.067 	 -0.000 	  0.220
24 	 30 	 -0.072 	 -0.000 	  0.234

25 	 0 	 -0.168 	  0.000 	  0.227
25 	 1 	 -0.164 	  0.000 	  0.222
25 	 2 	 -0.154 	  0.000 	  0.208
25 	 3 	 -0.138 	  0.000 	  0.186
25 	 4 	 -0.116 	  0.000 	  0.156
25 	 5 	 -0.089 	  0.000 	  0.120
25 	 6 	 -0.058 	  0.000 	  0.079
25 	 7 	 -0.025 	  0.000 	  0.034
25 	 8 	  0.009 	  0.000 	 -0.011
25 	 9 	  0.042 	  0.000 	 -0.057
25 	 10 	  0.074 	  0.000 	 -0.100
25 	 11 	  0.103 	  0.000 	 -0.139
25 	 12 	  0.127 	  0.000 	 -0.172
25 	 13 	  0.147 	  0.000 	 -0.198
25 	 14 	  0.160 	  0.000 	 -0.216
25 	 15 	  0.167 	  0.000 	 -0.226
25 	 16 	  0.167 	 -0.000 	 -0.226
25 	 17 	  0.160 	 -0.000 	 -0.216
25 	 18 	  0.147 	 -0.000 	 -0.198
25 	 19 	  0.127 	 -0.000 	 -0.172
25 	 20 	  0.103 	 -0.000 	 -0.139
25 	 21 	  0.074 	 -0.000 	 -0.100
25 	 22 	  0.042 	 -0.000 	 -0.057
25 	 23 	  0.009 	 -0.000 	 -0.011
25 	 24 	 -0.025 	 -0.000 	  0.034
25 	 25 	 -0.058 	 -0.000 	  0.079
25 	 26 	 -0.089 	 -0.000 	  0.120
25 	 27 	 -0.116 	 -0.000 	  0.156
25 	 28 	 -0.138 	 -0.000 	  0.186
25 	 29 	 -0.154 	 -0.000 	  0.208
25 	 30 	 -0.164 	 -0.000 	  0.222

26 	 0 	 -0.256 	  0.000 	  0.205
26 	 1 	 -0.250 	  0.000 	  0.201
26 	 2 	 -0.235 	  0.000 	  0.189
26 	 3 	 -0.210 	  0.000 	  0.168
26 	 4 	 -0.176 	  0.000 	  0.141
26 	 5 	 -0.135 	  0.000 	  0.109
26 	 6 	 -0.089 	  0.000 	  0.071
26 	 7 	 -0.039 	  0.000 	  0.031
26 	 8 	  0.013 	  0.000 	 -0.010
26 	 9 	  0.064 	  0.000 	 -0.051
26 	 10 	  0.113 	  0.000 	 -0.090
26 	 11 	  0.157 	  0.000 	 -0.126
26 	 12 	  0.194 	  0.000 	 -0.156
26 	 13 	  0.224 	  0.000 	 -0.179
26 	 14 	  0.244 	  0.000 	 -0.196
26 	 15 	  0.254 	  0.000 	 -0.204
26 	 16 	  0.254 	 -0.000 	 -0.204
26 	 17 	  0.244 	 -0.000 	 -0.196
26 	 18 	  0.224 	 -0.000 	 -0.179
26 	 19 	  0.194 	 -0.000 	 -0.156
26 	 20 	  0.157 	 -0.000 	 -0.126
26 	 21 	  0.113 	 -0.000 	 -0.090
26 	 22 	  0.064 	 -0.000 	 -0.051
26 	 23 	  0.013 	 -0.000 	 -0.010
26 	 24 	 -0.039 	 -0.000 	  0.031
26 	 25 	 -0.089 	 -0.000 	  0.071
26 	 26 	 -0.135 	 -0.000 	  0.109
26 	 27 	 -0.176 	 -0.000 	  0.141
26 	 28 	 -0.210 	 -0.000 	  0.168
26 	 29 	 -0.235 	 -0.000 	  0.189
26 	 30 	 -0.250 	 -0.000 	  0.201

27 	 0 	 -0.333 	  0.000 	  0.175
27 	 1 	 -0.326 	  0.000 	  0.172
27 	 2 	 -0.306 	  0.000 	  0.161
27 	 3 	 -0.273 	  0.000 	  0.144
27 	 4 	 -0.229 	  0.000 	  0.121
27 	 5 	 -0.176 	  0.000 	  0.093
27 	 6 	 -0.116 	  0.000 	  0.061
27 	 7 	 -0.050 	  0.000 	  0.027
27 	 8 	  0.017 	  0.000 	 -0.009
27 	 9 	  0.083 	  0.000 	 -0.044
27 	 10 	  0.147 	  0.000 	 -0.077
27 	 11 	  0.204 	  0.000 	 -0.107
27 	 12 	  0.253 	  0.000 	 -0.133
27 	 13 	  0.291 	  0.000 	 -0.153
27 	 14 	  0.318 	  0.000 	 -0.167
27 	 15 	  0.331 	  0.000 	 -0.174
27 	 16 	  0.331 	 -0.000 	 -0.174
27 	 17 	  0.318 	 -0.000 	 -0.167
27 	 18 	  0.291 	 -0.000 	 -0.153
27 	 19 	  0.253 	 -0.000 	 -0.133
27 	 20 	  0.204 	 -0.000 	 -0.107
27 	 21 	  0.147 	 -0.000 	 -0.077
27 	 22 	  0.083 	 -0.000 	 -0.044
27 	 23 	  0.017 	 -0.000 	 -0.009
27 	 24 	 -0.050 	 -0.000 	  0.027
27 	 25 	 -0.116 	 -0.000 	  0.061
27 	 26 	 -0.176 	 -0.000 	  0.093
27 	 27 	 -0.229 	 -0.000 	  0.121
27 	 28 	 -0.273 	 -0.000 	  0.144
27 	 29 	 -0.306 	 -0.000 	  0.161
27 	 30 	 -0.326 	 -0.000 	  0.172

28 	 0 	 -0.397 	  0.000 	  0.138
28 	 1 	 -0.389 	  0.000 	  0.135
28 	 2 	 -0.365 	  0.000 	  0.127
28 	 3 	 -0.326 	  0.000 	  0.113
28 	 4 	 -0.273 	  0.000 	  0.095
28 	 5 	 -0.210 	  0.000 	  0.073
28 	 6 	 -0.138 	  0.000 	  0.048
28 	 7 	 -0.060 	  0.000 	  0.021
28 	 8 	  0.020 	  0.000 	 -0.007
28 	 9 	  0.099 	  0.000 	 -0.035
28 	 10 	  0.175 	  0.000 	 -0.061
28 	 11 	  0.243 	  0.000 	 -0.085
28 	 12 	  0.301 	  0.000 	 -0.105
28 	 13 	  0.347 	  0.000 	 -0.121
28 	 14 	  0.379 	  0.000 	 -0.132
28 	 15 	  0.395 	  0.000 	 -0.137
28 	 16 	  0.395 	 -0.000 	 -0.137
28 	 17 	  0.379 	 -0.000 	 -0.132
28 	 18 	  0.347 	 -0.000 	 -0.121
28 	 19 	  0.301 	 -0.000 	 -0.105
28 	 20 	  0.243 	 -0.000 	 -0.085
28 	 21 	  0.175 	 -0.000 	 -0.061
28 	 22 	  0.099 	 -0.000 	 -0.035
28 	 23 	  0.020 	 -0.000 	 -0.007
28 	 24 	 -0.060 	 -0.000 	  0.021
28 	 25 	 -0.138 	 -0.000 	  0.048
28 	 26 	 -0.210 	 -0.000 	  0.073
28 	 27 	 -0.273 	 -0.000 	  0.095
28 	 28 	 -0.326 	 -0.000 	  0.113
28 	 29 	 -0.365 	 -0.000 	  0.127
28 	 30 	 -0.389 	 -0.000 	  0.135

29 	 0 	 -0.444 	  0.000 	  0.095
29 	 1 	 -0.435 	  0.000 	  0.093
29 	 2 	 -0.408 	  0.000 	  0.088
29 	 3 	 -0.365 	  0.000 	  0.078
29 	 4 	 -0.306 	  0.000 	  0.066
29 	 5 	 -0.235 	  0.000 	  0.050
29 	 6 	 -0.154 	  0.000 	  0.033
29 	 7 	 -0.067 	  0.000 	  0.014
29 	 8 	  0.023 	  0.000 	 -0.005
29 	 9 	  0.111 	  0.000 	 -0.024
29 	 10 	  0.196 	  0.000 	 -0.042
29 	 11 	  0.272 	  0.000 	 -0.058
29 	 12 	  0.337 	  0.000 	 -0.072
29 	 13 	  0.388 	  0.000 	 -0.083
29 	 14 	  0.424 	  0.000 	 -0.091
29 	 15 	  0.442 	  0.000 	 -0.095
29 	 16 	  0.442 	 -0.000 	 -0.095
29 	 17 	  0.424 	 -0.000 	 -0.091
29 	 18 	  0.388 	 -0.000 	 -0.083
29 	 19 	  0.337 	 -0.000 	 -0.072
29 	 20 	  0.272 	 -0.000 	 -0.058
29 	 21 	  0.196 	 -0.000 	 -0.042
29 	 22 	  0.111 	 -0.000 	 -0.024
29 	 23 	  0.023 	 -0.000 	 -0.005
29 	 24 	 -0.067 	 -0.000 	  0.014
29 	 25 	 -0.154 	 -0.000 	  0.033
29 	 26 	 -0.235 	 -0.000 	  0.050
29 	 27 	 -0.306 	 -0.000 	  0.066
29 	 28 	 -0.365 	 -0.000 	  0.078
29 	 29 	 -0.408 	 -0.000 	  0.088
29 	 30 	 -0.435 	 -0.000 	  0.093

30 	 0 	 -0.474 	  0.000 	  0.049
30 	 1 	 -0.464 	  0.000 	  0.048
30 	 2 	 -0.435 	  0.000 	  0.045
30 	 3 	 -0.389 	  0.000 	  0.040
30 	 4 	 -0.326 	  0.000 	  0.034
30 	 5 	 -0.250 	  0.000 	  0.026
30 	 6 	 -0.164 	  0.000 	  0.017
30 	 7 	 -0.072 	  0.000 	  0.007
30 	 8 	  0.024 	  0.000 	 -0.002
30 	 9 	  0.119 	  0.000 	 -0.012
30 	 10 	  0.209 	  0.000 	 -0.021
30 	 11 	  0.290 	  0.000 	 -0.030
30 	 12 	  0.359 	  0.000 	 -0.037
30 	 13 	  0.414 	  0.000 	 -0.043
30 	 14 	  0.452 	  0.000 	 -0.046
30 	 15 	  0.471 	  0.000 	 -0.048
30 	 16 	  0.471 	 -0.000 	 -0.048
30 	 17 	  0.452 	 -0.000 	 -0.046
30 	 18 	  0.414 	 -0.000 	 -0.043
30 	 19 	  0.359 	 -0.000 	 -0.037
30 	 20 	  0.290 	 -0.000 	 -0.030
30 	 21 	  0.209 	 -0.000 	 -0.021
30 	 22 	  0.119 	 -0.000 	 -0.012
30 	 23 	  0.024 	 -0.000 	 -0.002
30 	 24 	 -0.072 	 -0.000 	  0.007
30 	 25 	 -0.164 	 -0.000 	  0.017
30 	 26 	 -0.250 	 -0.000 	  0.026
30 	 27 	 -0.326 	 -0.000 	  0.034
30 	 28 	 -0.389 	 -0.000 	  0.040
30 	 29 	 -0.435 	 -0.000 	  0.045
30 	 30 	 -0.464 	 -0.000 	  0.048

