0 	 0 	 -1.605 	  0.000 	 -0.000
0 	 1 	 -1.572 	  0.000 	 -0.000
0 	 2 	 -1.475 	  0.000 	 -0.000
0 	 3 	 -1.317 	  0.000 	 -0.000
0 	 4 	 -1.106 	  0.000 	 -0.000
0 	 5 	 -0.849 	  0.000 	 -0.000
0 	 6 	 -0.557 	  0.000 	 -0.000
0 	 7 	 -0.243 	  0.000 	 -0.000
0 	 8 	  0.081 	  0.000 	  0.000
0 	 9 	  0.402 	  0.000 	  0.000
0 	 10 	  0.707 	  0.000 	  0.000
0 	 11 	  0.982 	  0.000 	  0.000
0 	 12 	  1.218 	  0.000 	  0.000
0 	 13 	  1.403 	  0.000 	  0.000
0 	 14 	  1.531 	  0.000 	  0.000
0 	 15 	  1.597 	  0.000 	  0.000
0 	 16 	  1.597 	 -0.000 	  0.000
0 	 17 	  1.531 	 -0.000 	  0.000
0 	 18 	  1.403 	 -0.000 	  0.000
0 	 19 	  1.218 	 -0.000 	  0.000
0 	 20 	  0.982 	 -0.000 	  0.000
0 	 21 	  0.707 	 -0.000 	  0.000
0 	 22 	  0.402 	 -0.000 	  0.000
0 	 23 	  0.081 	 -0.000 	  0.000
0 	 24 	 -0.243 	 -0.000 	 -0.000
0 	 25 	 -0.557 	 -0.000 	 -0.000
0 	 26 	 -0.849 	 -0.000 	 -0.000
0 	 27 	 -1.106 	 -0.000 	 -0.000
0 	 28 	 -1.317 	 -0.000 	 -0.000
0 	 29 	 -1.475 	 -0.000 	 -0.000
0 	 30 	 -1.572 	 -0.000 	 -0.000

1 	 0 	 -1.572 	  0.000 	 -0.162
1 	 1 	 -1.540 	  0.000 	 -0.158
1 	 2 	 -1.445 	  0.000 	 -0.148
1 	 3 	 -1.290 	  0.000 	 -0.133
1 	 4 	 -1.083 	  0.000 	 -0.111
1 	 5 	 -0.832 	  0.000 	 -0.085
1 	 6 	 -0.546 	  0.000 	 -0.056
1 	 7 	 -0.238 	  0.000 	 -0.024
1 	 8 	  0.080 	  0.000 	  0.008
1 	 9 	  0.394 	  0.000 	  0.040
1 	 10 	  0.692 	  0.000 	  0.071
1 	 11 	  0.962 	  0.000 	  0.099
1 	 12 	  1.193 	  0.000 	  0.123
1 	 13 	  1.375 	  0.000 	  0.141
1 	 14 	  1.500 	  0.000 	  0.154
1 	 15 	  1.564 	  0.000 	  0.161
1 	 16 	  1.564 	 -0.000 	  0.161
1 	 17 	  1.500 	 -0.000 	  0.154
1 	 18 	  1.375 	 -0.000 	  0.141
1 	 19 	  1.193 	 -0.000 	  0.123
1 	 20 	  0.962 	 -0.000 	  0.099
1 	 21 	  0.692 	 -0.000 	  0.071
1 	 22 	  0.394 	 -0.000 	  0.040
1 	 23 	  0.080 	 -0.000 	  0.008
1 	 24 	 -0.238 	 -0.000 	 -0.024
1 	 25 	 -0.546 	 -0.000 	 -0.056
1 	 26 	 -0.832 	 -0.000 	 -0.085
1 	 27 	 -1.083 	 -0.000 	 -0.111
1 	 28 	 -1.290 	 -0.000 	 -0.133
1 	 29 	 -1.445 	 -0.000 	 -0.148
1 	 30 	 -1.540 	 -0.000 	 -0.158

2 	 0 	 -1.475 	  0.000 	 -0.316
2 	 1 	 -1.445 	  0.000 	 -0.310
2 	 2 	 -1.355 	  0.000 	 -0.291
2 	 3 	 -1.211 	  0.000 	 -0.260
2 	 4 	 -1.016 	  0.000 	 -0.218
2 	 5 	 -0.780 	  0.000 	 -0.167
2 	 6 	 -0.512 	  0.000 	 -0.110
2 	 7 	 -0.223 	  0.000 	 -0.048
2 	 8 	  0.075 	  0.000 	  0.016
2 	 9 	  0.370 	  0.000 	  0.079
2 	 10 	  0.650 	  0.000 	  0.139
2 	 11 	  0.903 	  0.000 	  0.194
2 	 12 	  1.119 	  0.000 	  0.240
2 	 13 	  1.290 	  0.000 	  0.277
2 	 14 	  1.407 	  0.000 	  0.302
2 	 15 	  1.467 	  0.000 	  0.315
2 	 16 	  1.467 	 -0.000 	  0.315
2 	 17 	  1.407 	 -0.000 	  0.302
2 	 18 	  1.290 	 -0.000 	  0.277
2 	 19 	  1.119 	 -0.000 	  0.240
2 	 20 	  0.903 	 -0.000 	  0.194
2 	 21 	  0.650 	 -0.000 	  0.139
2 	 22 	  0.370 	 -0.000 	  0.079
2 	 23 	  0.075 	 -0.000 	  0.016
2 	 24 	 -0.223 	 -0.000 	 -0.048
2 	 25 	 -0.512 	 -0.000 	 -0.110
2 	 26 	 -0.780 	 -0.000 	 -0.167
2 	 27 	 -1.016 	 -0.000 	 -0.218
2 	 28 	 -1.211 	 -0.000 	 -0.260
2 	 29 	 -1.355 	 -0.000 	 -0.291
2 	 30 	 -1.445 	 -0.000 	 -0.310

3 	 0 	 -1.317 	  0.000 	 -0.458
3 	 1 	 -1.290 	  0.000 	 -0.449
3 	 2 	 -1.211 	  0.000 	 -0.421
3 	 3 	 -1.081 	  0.000 	 -0.376
3 	 4 	 -0.908 	  0.000 	 -0.316
3 	 5 	 -0.697 	  0.000 	 -0.243
3 	 6 	 -0.458 	  0.000 	 -0.159
3 	 7 	 -0.199 	  0.000 	 -0.069
3 	 8 	  0.067 	  0.000 	  0.023
3 	 9 	  0.330 	  0.000 	  0.115
3 	 10 	  0.580 	  0.000 	  0.202
3 	 11 	  0.806 	  0.000 	  0.281
3 	 12 	  1.000 	  0.000 	  0.348
3 	 13 	  1.152 	  0.000 	  0.401
3 	 14 	  1.257 	  0.000 	  0.437
3 	 15 	  1.311 	  0.000 	  0.456
3 	 16 	  1.311 	 -0.000 	  0.456
3 	 17 	  1.257 	 -0.000 	  0.437
3 	 18 	  1.152 	 -0.000 	  0.401
3 	 19 	  1.000 	 -0.000 	  0.348
3 	 20 	  0.806 	 -0.000 	  0.281
3 	 21 	  0.580 	 -0.000 	  0.202
3 	 22 	  0.330 	 -0.000 	  0.115
3 	 23 	  0.067 	 -0.000 	  0.023
3 	 24 	 -0.199 	 -0.000 	 -0.069
3 	 25 	 -0.458 	 -0.000 	 -0.159
3 	 26 	 -0.697 	 -0.000 	 -0.243
3 	 27 	 -0.908 	 -0.000 	 -0.316
3 	 28 	 -1.081 	 -0.000 	 -0.376
3 	 29 	 -1.211 	 -0.000 	 -0.421
3 	 30 	 -1.290 	 -0.000 	 -0.449

4 	 0 	 -1.106 	  0.000 	 -0.582
4 	 1 	 -1.083 	  0.000 	 -0.570
4 	 2 	 -1.016 	  0.000 	 -0.535
4 	 3 	 -0.908 	  0.000 	 -0.477
4 	 4 	 -0.762 	  0.000 	 -0.401
4 	 5 	 -0.585 	  0.000 	 -0.308
4 	 6 	 -0.384 	  0.000 	 -0.202
4 	 7 	 -0.167 	  0.000 	 -0.088
4 	 8 	  0.056 	  0.000 	  0.029
4 	 9 	  0.277 	  0.000 	  0.146
4 	 10 	  0.487 	  0.000 	  0.256
4 	 11 	  0.677 	  0.000 	  0.356
4 	 12 	  0.839 	  0.000 	  0.441
4 	 13 	  0.967 	  0.000 	  0.509
4 	 14 	  1.055 	  0.000 	  0.555
4 	 15 	  1.100 	  0.000 	  0.579
4 	 16 	  1.100 	 -0.000 	  0.579
4 	 17 	  1.055 	 -0.000 	  0.555
4 	 18 	  0.967 	 -0.000 	  0.509
4 	 19 	  0.839 	 -0.000 	  0.441
4 	 20 	  0.677 	 -0.000 	  0.356
4 	 21 	  0.487 	 -0.000 	  0.256
4 	 22 	  0.277 	 -0.000 	  0.146
4 	 23 	  0.056 	 -0.000 	  0.029
4 	 24 	 -0.167 	 -0.000 	 -0.088
4 	 25 	 -0.384 	 -0.000 	 -0.202
4 	 26 	 -0.585 	 -0.000 	 -0.308
4 	 27 	 -0.762 	 -0.000 	 -0.401
4 	 28 	 -0.908 	 -0.000 	 -0.477
4 	 29 	 -1.016 	 -0.000 	 -0.535
4 	 30 	 -1.083 	 -0.000 	 -0.570

5 	 0 	 -0.849 	  0.000 	 -0.681
5 	 1 	 -0.832 	  0.000 	 -0.667
5 	 2 	 -0.780 	  0.000 	 -0.626
5 	 3 	 -0.697 	  0.000 	 -0.559
5 	 4 	 -0.585 	  0.000 	 -0.469
5 	 5 	 -0.449 	  0.000 	 -0.360
5 	 6 	 -0.295 	  0.000 	 -0.237
5 	 7 	 -0.129 	  0.000 	 -0.103
5 	 8 	  0.043 	  0.000 	  0.034
5 	 9 	  0.213 	  0.000 	  0.171
5 	 10 	  0.374 	  0.000 	  0.300
5 	 11 	  0.520 	  0.000 	  0.417
5 	 12 	  0.644 	  0.000 	  0.517
5 	 13 	  0.742 	  0.000 	  0.595
5 	 14 	  0.810 	  0.000 	  0.650
5 	 15 	  0.845 	  0.000 	  0.678
5 	 16 	  0.845 	 -0.000 	  0.678
5 	 17 	  0.810 	 -0.000 	  0.650
5 	 18 	  0.742 	 -0.000 	  0.595
5 	 19 	  0.644 	 -0.000 	  0.517
5 	 20 	  0.520 	 -0.000 	  0.417
5 	 21 	  0.374 	 -0.000 	  0.300
5 	 22 	  0.213 	 -0.000 	  0.171
5 	 23 	  0.043 	 -0.000 	  0.034
5 	 24 	 -0.129 	 -0.000 	 -0.103
5 	 25 	 -0.295 	 -0.000 	 -0.237
5 	 26 	 -0.449 	 -0.000 	 -0.360
5 	 27 	 -0.585 	 -0.000 	 -0.469
5 	 28 	 -0.697 	 -0.000 	 -0.559
5 	 29 	 -0.780 	 -0.000 	 -0.626
5 	 30 	 -0.832 	 -0.000 	 -0.667

6 	 0 	 -0.557 	  0.000 	 -0.753
6 	 1 	 -0.546 	  0.000 	 -0.737
6 	 2 	 -0.512 	  0.000 	 -0.692
6 	 3 	 -0.458 	  0.000 	 -0.618
6 	 4 	 -0.384 	  0.000 	 -0.518
6 	 5 	 -0.295 	  0.000 	 -0.398
6 	 6 	 -0.194 	  0.000 	 -0.261
6 	 7 	 -0.084 	  0.000 	 -0.114
6 	 8 	  0.028 	  0.000 	  0.038
6 	 9 	  0.140 	  0.000 	  0.189
6 	 10 	  0.245 	  0.000 	  0.331
6 	 11 	  0.341 	  0.000 	  0.461
6 	 12 	  0.423 	  0.000 	  0.571
6 	 13 	  0.487 	  0.000 	  0.658
6 	 14 	  0.532 	  0.000 	  0.718
6 	 15 	  0.555 	  0.000 	  0.749
6 	 16 	  0.555 	 -0.000 	  0.749
6 	 17 	  0.532 	 -0.000 	  0.718
6 	 18 	  0.487 	 -0.000 	  0.658
6 	 19 	  0.423 	 -0.000 	  0.571
6 	 20 	  0.341 	 -0.000 	  0.461
6 	 21 	  0.245 	 -0.000 	  0.331
6 	 22 	  0.140 	 -0.000 	  0.189
6 	 23 	  0.028 	 -0.000 	  0.038
6 	 24 	 -0.084 	 -0.000 	 -0.114
6 	 25 	 -0.194 	 -0.000 	 -0.261
6 	 26 	 -0.295 	 -0.000 	 -0.398
6 	 27 	 -0.384 	 -0.000 	 -0.518
6 	 28 	 -0.458 	 -0.000 	 -0.618
6 	 29 	 -0.512 	 -0.000 	 -0.692
6 	 30 	 -0.546 	 -0.000 	 -0.737

7 	 0 	 -0.243 	  0.000 	 -0.793
7 	 1 	 -0.238 	  0.000 	 -0.777
7 	 2 	 -0.223 	  0.000 	 -0.729
7 	 3 	 -0.199 	  0.000 	 -0.651
7 	 4 	 -0.167 	  0.000 	 -0.547
7 	 5 	 -0.129 	  0.000 	 -0.420
7 	 6 	 -0.084 	  0.000 	 -0.276
7 	 7 	 -0.037 	  0.000 	 -0.120
7 	 8 	  0.012 	  0.000 	  0.040
7 	 9 	  0.061 	  0.000 	  0.199
7 	 10 	  0.107 	  0.000 	  0.349
7 	 11 	  0.149 	  0.000 	  0.486
7 	 12 	  0.184 	  0.000 	  0.602
7 	 13 	  0.213 	  0.000 	  0.694
7 	 14 	  0.232 	  0.000 	  0.757
7 	 15 	  0.242 	  0.000 	  0.789
7 	 16 	  0.242 	 -0.000 	  0.789
7 	 17 	  0.232 	 -0.000 	  0.757
7 	 18 	  0.213 	 -0.000 	  0.694
7 	 19 	  0.184 	 -0.000 	  0.602
7 	 20 	  0.149 	 -0.000 	  0.486
7 	 21 	  0.107 	 -0.000 	  0.349
7 	 22 	  0.061 	 -0.000 	  0.199
7 	 23 	  0.012 	 -0.000 	  0.040
7 	 24 	 -0.037 	 -0.000 	 -0.120
7 	 25 	 -0.084 	 -0.000 	 -0.276
7 	 26 	 -0.129 	 -0.000 	 -0.420
7 	 27 	 -0.167 	 -0.000 	 -0.547
7 	 28 	 -0.199 	 -0.000 	 -0.651
7 	 29 	 -0.223 	 -0.000 	 -0.729
7 	 30 	 -0.238 	 -0.000 	 -0.777

8 	 0 	  0.081 	 -0.000 	 -0.801
8 	 1 	  0.080 	 -0.000 	 -0.785
8 	 2 	  0.075 	 -0.000 	 -0.737
8 	 3 	  0.067 	 -0.000 	 -0.658
8 	 4 	  0.056 	 -0.000 	 -0.552
8 	 5 	  0.043 	 -0.000 	 -0.424
8 	 6 	  0.028 	 -0.000 	 -0.278
8 	 7 	  0.012 	 -0.000 	 -0.121
8 	 8 	 -0.004 	 -0.000 	  0.041
8 	 9 	 -0.020 	 -0.000 	  0.201
8 	 10 	 -0.036 	 -0.000 	  0.353
8 	 11 	 -0.050 	 -0.000 	  0.491
8 	 12 	 -0.062 	 -0.000 	  0.608
8 	 13 	 -0.071 	 -0.000 	  0.701
8 	 14 	 -0.078 	 -0.000 	  0.765
8 	 15 	 -0.081 	 -0.000 	  0.797
8 	 16 	 -0.081 	  0.000 	  0.797
8 	 17 	 -0.078 	  0.000 	  0.765
8 	 18 	 -0.071 	  0.000 	  0.701
8 	 19 	 -0.062 	  0.000 	  0.608
8 	 20 	 -0.050 	  0.000 	  0.491
8 	 21 	 -0.036 	  0.000 	  0.353
8 	 22 	 -0.020 	  0.000 	  0.201
8 	 23 	 -0.004 	  0.000 	  0.041
8 	 24 	  0.012 	  0.000 	 -0.121
8 	 25 	  0.028 	  0.000 	 -0.278
8 	 26 	  0.043 	  0.000 	 -0.424
8 	 27 	  0.056 	  0.000 	 -0.552
8 	 28 	  0.067 	  0.000 	 -0.658
8 	 29 	  0.075 	  0.000 	 -0.737
8 	 30 	  0.080 	  0.000 	 -0.785

9 	 0 	  0.402 	 -0.000 	 -0.777
9 	 1 	  0.394 	 -0.000 	 -0.761
9 	 2 	  0.370 	 -0.000 	 -0.714
9 	 3 	  0.330 	 -0.000 	 -0.638
9 	 4 	  0.277 	 -0.000 	 -0.535
9 	 5 	  0.213 	 -0.000 	 -0.411
9 	 6 	  0.140 	 -0.000 	 -0.270
9 	 7 	  0.061 	 -0.000 	 -0.118
9 	 8 	 -0.020 	 -0.000 	  0.039
9 	 9 	 -0.101 	 -0.000 	  0.195
9 	 10 	 -0.177 	 -0.000 	  0.342
9 	 11 	 -0.246 	 -0.000 	  0.476
9 	 12 	 -0.305 	 -0.000 	  0.589
9 	 13 	 -0.352 	 -0.000 	  0.679
9 	 14 	 -0.384 	 -0.000 	  0.741
9 	 15 	 -0.400 	 -0.000 	  0.773
9 	 16 	 -0.400 	  0.000 	  0.773
9 	 17 	 -0.384 	  0.000 	  0.741
9 	 18 	 -0.352 	  0.000 	  0.679
9 	 19 	 -0.305 	  0.000 	  0.589
9 	 20 	 -0.246 	  0.000 	  0.476
9 	 21 	 -0.177 	  0.000 	  0.342
9 	 22 	 -0.101 	  0.000 	  0.195
9 	 23 	 -0.020 	  0.000 	  0.039
9 	 24 	  0.061 	  0.000 	 -0.118
9 	 25 	  0.140 	  0.000 	 -0.270
9 	 26 	  0.213 	  0.000 	 -0.411
9 	 27 	  0.277 	  0.000 	 -0.535
9 	 28 	  0.330 	  0.000 	 -0.638
9 	 29 	  0.370 	  0.000 	 -0.714
9 	 30 	  0.394 	  0.000 	 -0.761

10 	 0 	  0.707 	 -0.000 	 -0.721
10 	 1 	  0.692 	 -0.000 	 -0.706
10 	 2 	  0.650 	 -0.000 	 -0.662
10 	 3 	  0.580 	 -0.000 	 -0.591
10 	 4 	  0.487 	 -0.000 	 -0.496
10 	 5 	  0.374 	 -0.000 	 -0.381
10 	 6 	  0.245 	 -0.000 	 -0.250
10 	 7 	  0.107 	 -0.000 	 -0.109
10 	 8 	 -0.036 	 -0.000 	  0.036
10 	 9 	 -0.177 	 -0.000 	  0.181
10 	 10 	 -0.311 	 -0.000 	  0.317
10 	 11 	 -0.433 	 -0.000 	  0.441
10 	 12 	 -0.536 	 -0.000 	  0.547
10 	 13 	 -0.618 	 -0.000 	  0.630
10 	 14 	 -0.674 	 -0.000 	  0.687
10 	 15 	 -0.703 	 -0.000 	  0.717
10 	 16 	 -0.703 	  0.000 	  0.717
10 	 17 	 -0.674 	  0.000 	  0.687
10 	 18 	 -0.618 	  0.000 	  0.630
10 	 19 	 -0.536 	  0.000 	  0.547
10 	 20 	 -0.433 	  0.000 	  0.441
10 	 21 	 -0.311 	  0.000 	  0.317
10 	 22 	 -0.177 	  0.000 	  0.181
10 	 23 	 -0.036 	  0.000 	  0.036
10 	 24 	  0.107 	  0.000 	 -0.109
10 	 25 	  0.245 	  0.000 	 -0.250
10 	 26 	  0.374 	  0.000 	 -0.381
10 	 27 	  0.487 	  0.000 	 -0.496
10 	 28 	  0.580 	  0.000 	 -0.591
10 	 29 	  0.650 	  0.000 	 -0.662
10 	 30 	  0.692 	  0.000 	 -0.706

11 	 0 	  0.982 	 -0.000 	 -0.635
11 	 1 	  0.962 	 -0.000 	 -0.622
11 	 2 	  0.903 	 -0.000 	 -0.583
11 	 3 	  0.806 	 -0.000 	 -0.521
11 	 4 	  0.677 	 -0.000 	 -0.437
11 	 5 	  0.520 	 -0.000 	 -0.336
11 	 6 	  0.341 	 -0.000 	 -0.220
11 	 7 	  0.149 	 -0.000 	 -0.096
11 	 8 	 -0.050 	 -0.000 	  0.032
11 	 9 	 -0.246 	 -0.000 	  0.159
11 	 10 	 -0.433 	 -0.000 	  0.279
11 	 11 	 -0.601 	 -0.000 	  0.388
11 	 12 	 -0.745 	 -0.000 	  0.482
11 	 13 	 -0.859 	 -0.000 	  0.555
11 	 14 	 -0.937 	 -0.000 	  0.606
11 	 15 	 -0.977 	 -0.000 	  0.631
11 	 16 	 -0.977 	  0.000 	  0.631
11 	 17 	 -0.937 	  0.000 	  0.606
11 	 18 	 -0.859 	  0.000 	  0.555
11 	 19 	 -0.745 	  0.000 	  0.482
11 	 20 	 -0.601 	  0.000 	  0.388
11 	 21 	 -0.433 	  0.000 	  0.279
11 	 22 	 -0.246 	  0.000 	  0.159
11 	 23 	 -0.050 	  0.000 	  0.032
11 	 24 	  0.149 	  0.000 	 -0.096
11 	 25 	  0.341 	  0.000 	 -0.220
11 	 26 	  0.520 	  0.000 	 -0.336
11 	 27 	  0.677 	  0.000 	 -0.437
11 	 28 	  0.806 	  0.000 	 -0.521
11 	 29 	  0.903 	  0.000 	 -0.583
11 	 30 	  0.962 	  0.000 	 -0.622

12 	 0 	  1.218 	 -0.000 	 -0.523
12 	 1 	  1.193 	 -0.000 	 -0.512
12 	 2 	  1.119 	 -0.000 	 -0.480
12 	 3 	  1.000 	 -0.000 	 -0.429
12 	 4 	  0.839 	 -0.000 	 -0.360
12 	 5 	  0.644 	 -0.000 	 -0.277
12 	 6 	  0.423 	 -0.000 	 -0.182
12 	 7 	  0.184 	 -0.000 	 -0.079
12 	 8 	 -0.062 	 -0.000 	  0.026
12 	 9 	 -0.305 	 -0.000 	  0.131
12 	 10 	 -0.536 	 -0.000 	  0.230
12 	 11 	 -0.745 	 -0.000 	  0.320
12 	 12 	 -0.924 	 -0.000 	  0.397
12 	 13 	 -1.065 	 -0.000 	  0.457
12 	 14 	 -1.162 	 -0.000 	  0.499
12 	 15 	 -1.212 	 -0.000 	  0.520
12 	 16 	 -1.212 	  0.000 	  0.520
12 	 17 	 -1.162 	  0.000 	  0.499
12 	 18 	 -1.065 	  0.000 	  0.457
12 	 19 	 -0.924 	  0.000 	  0.397
12 	 20 	 -0.745 	  0.000 	  0.320
12 	 21 	 -0.536 	  0.000 	  0.230
12 	 22 	 -0.305 	  0.000 	  0.131
12 	 23 	 -0.062 	  0.000 	  0.026
12 	 24 	  0.184 	  0.000 	 -0.079
12 	 25 	  0.423 	  0.000 	 -0.182
12 	 26 	  0.644 	  0.000 	 -0.277
12 	 27 	  0.839 	  0.000 	 -0.360
12 	 28 	  1.000 	  0.000 	 -0.429
12 	 29 	  1.119 	  0.000 	 -0.480
12 	 30 	  1.193 	  0.000 	 -0.512

13 	 0 	  1.403 	 -0.000 	 -0.389
13 	 1 	  1.375 	 -0.000 	 -0.381
13 	 2 	  1.290 	 -0.000 	 -0.358
13 	 3 	  1.152 	 -0.000 	 -0.320
13 	 4 	  0.967 	 -0.000 	 -0.268
13 	 5 	  0.742 	 -0.000 	 -0.206
13 	 6 	  0.487 	 -0.000 	 -0.135
13 	 7 	  0.213 	 -0.000 	 -0.059
13 	 8 	 -0.071 	 -0.000 	  0.020
13 	 9 	 -0.352 	 -0.000 	  0.098
13 	 10 	 -0.618 	 -0.000 	  0.172
13 	 11 	 -0.859 	 -0.000 	  0.238
13 	 12 	 -1.065 	 -0.000 	  0.296
13 	 13 	 -1.227 	 -0.000 	  0.341
13 	 14 	 -1.339 	 -0.000 	  0.372
13 	 15 	 -1.396 	 -0.000 	  0.387
13 	 16 	 -1.396 	  0.000 	  0.387
13 	 17 	 -1.339 	  0.000 	  0.372
13 	 18 	 -1.227 	  0.000 	  0.341
13 	 19 	 -1.065 	  0.000 	  0.296
13 	 20 	 -0.859 	  0.000 	  0.238
13 	 21 	 -0.618 	  0.000 	  0.172
13 	 22 	 -0.352 	  0.000 	  0.098
13 	 23 	 -0.071 	  0.000 	  0.020
13 	 24 	  0.213 	  0.000 	 -0.059
13 	 25 	  0.487 	  0.000 	 -0.135
13 	 26 	  0.742 	  0.000 	 -0.206
13 	 27 	  0.967 	  0.000 	 -0.268
13 	 28 	  1.152 	  0.000 	 -0.320
13 	 29 	  1.290 	  0.000 	 -0.358
13 	 30 	  1.375 	  0.000 	 -0.381

14 	 0 	  1.531 	 -0.000 	 -0.240
14 	 1 	  1.500 	 -0.000 	 -0.235
14 	 2 	  1.407 	 -0.000 	 -0.221
14 	 3 	  1.257 	 -0.000 	 -0.197
14 	 4 	  1.055 	 -0.000 	 -0.166
14 	 5 	  0.810 	 -0.000 	 -0.127
14 	 6 	  0.532 	 -0.000 	 -0.083
14 	 7 	  0.232 	 -0.000 	 -0.036
14 	 8 	 -0.078 	 -0.000 	  0.012
14 	 9 	 -0.384 	 -0.000 	  0.060
14 	 10 	 -0.674 	 -0.000 	  0.106
14 	 11 	 -0.937 	 -0.000 	  0.147
14 	 12 	 -1.162 	 -0.000 	  0.182
14 	 13 	 -1.339 	 -0.000 	  0.210
14 	 14 	 -1.461 	 -0.000 	  0.229
14 	 15 	 -1.524 	 -0.000 	  0.239
14 	 16 	 -1.524 	  0.000 	  0.239
14 	 17 	 -1.461 	  0.000 	  0.229
14 	 18 	 -1.339 	  0.000 	  0.210
14 	 19 	 -1.162 	  0.000 	  0.182
14 	 20 	 -0.937 	  0.000 	  0.147
14 	 21 	 -0.674 	  0.000 	  0.106
14 	 22 	 -0.384 	  0.000 	  0.060
14 	 23 	 -0.078 	  0.000 	  0.012
14 	 24 	  0.232 	  0.000 	 -0.036
14 	 25 	  0.532 	  0.000 	 -0.083
14 	 26 	  0.810 	  0.000 	 -0.127
14 	 27 	  1.055 	  0.000 	 -0.166
14 	 28 	  1.257 	  0.000 	 -0.197
14 	 29 	  1.407 	  0.000 	 -0.221
14 	 30 	  1.500 	  0.000 	 -0.235

15 	 0 	  1.597 	 -0.000 	 -0.081
15 	 1 	  1.564 	 -0.000 	 -0.080
15 	 2 	  1.467 	 -0.000 	 -0.075
15 	 3 	  1.311 	 -0.000 	 -0.067
15 	 4 	  1.100 	 -0.000 	 -0.056
15 	 5 	  0.845 	 -0.000 	 -0.043
15 	 6 	  0.555 	 -0.000 	 -0.028
15 	 7 	  0.242 	 -0.000 	 -0.012
15 	 8 	 -0.081 	 -0.000 	  0.004
15 	 9 	 -0.400 	 -0.000 	  0.020
15 	 10 	 -0.703 	 -0.000 	  0.036
15 	 11 	 -0.977 	 -0.000 	  0.050
15 	 12 	 -1.212 	 -0.000 	  0.062
15 	 13 	 -1.396 	 -0.000 	  0.071
15 	 14 	 -1.524 	 -0.000 	  0.077
15 	 15 	 -1.589 	 -0.000 	  0.081
15 	 16 	 -1.589 	  0.000 	  0.081
15 	 17 	 -1.524 	  0.000 	  0.077
15 	 18 	 -1.396 	  0.000 	  0.071
15 	 19 	 -1.212 	  0.000 	  0.062
15 	 20 	 -0.977 	  0.000 	  0.050
15 	 21 	 -0.703 	  0.000 	  0.036
15 	 22 	 -0.400 	  0.000 	  0.020
15 	 23 	 -0.081 	  0.000 	  0.004
15 	 24 	  0.242 	  0.000 	 -0.012
15 	 25 	  0.555 	  0.000 	 -0.028
15 	 26 	  0.845 	  0.000 	 -0.043
15 	 27 	  1.100 	  0.000 	 -0.056
15 	 28 	  1.311 	  0.000 	 -0.067
15 	 29 	  1.467 	  0.000 	 -0.075
15 	 30 	  1.564 	  0.000 	 -0.080

16 	 0 	  1.597 	 -0.000 	  0.081
16 	 1 	  1.564 	 -0.000 	  0.080
16 	 2 	  1.467 	 -0.000 	  0.075
16 	 3 	  1.311 	 -0.000 	  0.067
16 	 4 	  1.100 	 -0.000 	  0.056
16 	 5 	  0.845 	 -0.000 	  0.043
16 	 6 	  0.555 	 -0.000 	  0.028
16 	 7 	  0.242 	 -0.000 	  0.012
16 	 8 	 -0.081 	 -0.000 	 -0.004
16 	 9 	 -0.400 	 -0.000 	 -0.020
16 	 10 	 -0.703 	 -0.000 	 -0.036
16 	 11 	 -0.977 	 -0.000 	 -0.050
16 	 12 	 -1.212 	 -0.000 	 -0.062
16 	 13 	 -1.396 	 -0.000 	 -0.071
16 	 14 	 -1.524 	 -0.000 	 -0.077
16 	 15 	 -1.589 	 -0.000 	 -0.081
16 	 16 	 -1.589 	  0.000 	 -0.081
16 	 17 	 -1.524 	  0.000 	 -0.077
16 	 18 	 -1.396 	  0.000 	 -0.071
16 	 19 	 -1.212 	  0.000 	 -0.062
16 	 20 	 -0.977 	  0.000 	 -0.050
16 	 21 	 -0.703 	  0.000 	 -0.036
16 	 22 	 -0.400 	  0.000 	 -0.020
16 	 23 	 -0.081 	  0.000 	 -0.004
16 	 24 	  0.242 	  0.000 	  0.012
16 	 25 	  0.555 	  0.000 	  0.028
16 	 26 	  0.845 	  0.000 	  0.043
16 	 27 	  1.100 	  0.000 	  0.056
16 	 28 	  1.311 	  0.000 	  0.067
16 	 29 	  1.467 	  0.000 	  0.075
16 	 30 	  1.564 	  0.000 	  0.080

17 	 0 	  1.531 	 -0.000 	  0.240
17 	 1 	  1.500 	 -0.000 	  0.235
17 	 2 	  1.407 	 -0.000 	  0.221
17 	 3 	  1.257 	 -0.000 	  0.197
17 	 4 	  1.055 	 -0.000 	  0.166
17 	 5 	  0.810 	 -0.000 	  0.127
17 	 6 	  0.532 	 -0.000 	  0.083
17 	 7 	  0.232 	 -0.000 	  0.036
17 	 8 	 -0.078 	 -0.000 	 -0.012
17 	 9 	 -0.384 	 -0.000 	 -0.060
17 	 10 	 -0.674 	 -0.000 	 -0.106
17 	 11 	 -0.937 	 -0.000 	 -0.147
17 	 12 	 -1.162 	 -0.000 	 -0.182
17 	 13 	 -1.339 	 -0.000 	 -0.210
17 	 14 	 -1.461 	 -0.000 	 -0.229
17 	 15 	 -1.524 	 -0.000 	 -0.239
17 	 16 	 -1.524 	  0.000 	 -0.239
17 	 17 	 -1.461 	  0.000 	 -0.229
17 	 18 	 -1.339 	  0.000 	 -0.210
17 	 19 	 -1.162 	  0.000 	 -0.182
17 	 20 	 -0.937 	  0.000 	 -0.147
17 	 21 	 -0.674 	  0.000 	 -0.106
17 	 22 	 -0.384 	  0.000 	 -0.060
17 	 23 	 -0.078 	  0.000 	 -0.012
17 	 24 	  0.232 	  0.000 	  0.036
17 	 25 	  0.532 	  0.000 	  0.083
17 	 26 	  0.810 	  0.000 	  0.127
17 	 27 	  1.055 	  0.000 	  0.166
17 	 28 	  1.257 	  0.000 	  0.197
17 	 29 	  1.407 	  0.000 	  0.221
17 	 30 	  1.500 	  0.000 	  0.235

18 	 0 	  1.403 	 -0.000 	  0.389
18 	 1 	  1.375 	 -0.000 	  0.381
18 	 2 	  1.290 	 -0.000 	  0.358
18 	 3 	  1.152 	 -0.000 	  0.320
18 	 4 	  0.967 	 -0.000 	  0.268
18 	 5 	  0.742 	 -0.000 	  0.206
18 	 6 	  0.487 	 -0.000 	  0.135
18 	 7 	  0.213 	 -0.000 	  0.059
18 	 8 	 -0.071 	 -0.000 	 -0.020
18 	 9 	 -0.352 	 -0.000 	 -0.098
18 	 10 	 -0.618 	 -0.000 	 -0.172
18 	 11 	 -0.859 	 -0.000 	 -0.238
18 	 12 	 -1.065 	 -0.000 	 -0.296
18 	 13 	 -1.227 	 -0.000 	 -0.341
18 	 14 	 -1.339 	 -0.000 	 -0.372
18 	 15 	 -1.396 	 -0.000 	 -0.387
18 	 16 	 -1.396 	  0.000 	 -0.387
18 	 17 	 -1.339 	  0.000 	 -0.372
18 	 18 	 -1.227 	  0.000 	 -0.341
18 	 19 	 -1.065 	  0.000 	 -0.296
18 	 20 	 -0.859 	  0.000 	 -0.238
18 	 21 	 -0.618 	  0.000 	 -0.172
18 	 22 	 -0.352 	  0.000 	 -0.098
18 	 23 	 -0.071 	  0.000 	 -0.020
18 	 24 	  0.213 	  0.000 	  0.059
18 	 25 	  0.487 	  0.000 	  0.135
18 	 26 	  0.742 	  0.000 	  0.206
18 	 27 	  0.967 	  0.000 	  0.268
18 	 28 	  1.152 	  0.000 	  0.320
18 	 29 	  1.290 	  0.000 	  0.358
18 	 30 	  1.375 	  0.000 	  0.381

19 	 0 	  1.218 	 -0.000 	  0.523
19 	 1 	  1.193 	 -0.000 	  0.512
19 	 2 	  1.119 	 -0.000 	  0.480
19 	 3 	  1.000 	 -0.000 	  0.429
19 	 4 	  0.839 	 -0.000 	  0.360
19 	 5 	  0.644 	 -0.000 	  0.277
19 	 6 	  0.423 	 -0.000 	  0.182
19 	 7 	  0.184 	 -0.000 	  0.079
19 	 8 	 -0.062 	 -0.000 	 -0.026
19 	 9 	 -0.305 	 -0.000 	 -0.131
19 	 10 	 -0.536 	 -0.000 	 -0.230
19 	 11 	 -0.745 	 -0.000 	 -0.320
19 	 12 	 -0.924 	 -0.000 	 -0.397
19 	 13 	 -1.065 	 -0.000 	 -0.457
19 	 14 	 -1.162 	 -0.000 	 -0.499
19 	 15 	 -1.212 	 -0.000 	 -0.520
19 	 16 	 -1.212 	  0.000 	 -0.520
19 	 17 	 -1.162 	  0.000 	 -0.499
19 	 18 	 -1.065 	  0.000 	 -0.457
19 	 19 	 -0.924 	  0.000 	 -0.397
19 	 20 	 -0.745 	  0.000 	 -0.320
19 	 21 	 -0.536 	  0.000 	 -0.230
19 	 22 	 -0.305 	  0.000 	 -0.131
19 	 23 	 -0.062 	  0.000 	 -0.026
19 	 24 	  0.184 	  0.000 	  0.079
19 	 25 	  0.423 	  0.000 	  0.182
19 	 26 	  0.644 	  0.000 	  0.277
19 	 27 	  0.839 	  0.000 	  0.360
19 	 28 	  1.000 	  0.000 	  0.429
19 	 29 	  1.119 	  0.000 	  0.480
19 	 30 	  1.193 	  0.000 	  0.512

20 	 0 	  0.982 	 -0.000 	  0.635
20 	 1 	  0.962 	 -0.000 	  0.622
20 	 2 	  0.903 	 -0.000 	  0.583
20 	 3 	  0.806 	 -0.000 	  0.521
20 	 4 	  0.677 	 -0.000 	  0.437
20 	 5 	  0.520 	 -0.000 	  0.336
20 	 6 	  0.341 	 -0.000 	  0.220
20 	 7 	  0.149 	 -0.000 	  0.096
20 	 8 	 -0.050 	 -0.000 	 -0.032
20 	 9 	 -0.246 	 -0.000 	 -0.159
20 	 10 	 -0.433 	 -0.000 	 -0.279
20 	 11 	 -0.601 	 -0.000 	 -0.388
20 	 12 	 -0.745 	 -0.000 	 -0.482
20 	 13 	 -0.859 	 -0.000 	 -0.555
20 	 14 	 -0.937 	 -0.000 	 -0.606
20 	 15 	 -0.977 	 -0.000 	 -0.631
20 	 16 	 -0.977 	  0.000 	 -0.631
20 	 17 	 -0.937 	  0.000 	 -0.606
20 	 18 	 -0.859 	  0.000 	 -0.555
20 	 19 	 -0.745 	  0.000 	 -0.482
20 	 20 	 -0.601 	  0.000 	 -0.388
20 	 21 	 -0.433 	  0.000 	 -0.279
20 	 22 	 -0.246 	  0.000 	 -0.159
20 	 23 	 -0.050 	  0.000 	 -0.032
20 	 24 	  0.149 	  0.000 	  0.096
20 	 25 	  0.341 	  0.000 	  0.220
20 	 26 	  0.520 	  0.000 	  0.336
20 	 27 	  0.677 	  0.000 	  0.437
20 	 28 	  0.806 	  0.000 	  0.521
20 	 29 	  0.903 	  0.000 	  0.583
20 	 30 	  0.962 	  0.000 	  0.622

21 	 0 	  0.707 	 -0.000 	  0.721
21 	 1 	  0.692 	 -0.000 	  0.706
21 	 2 	  0.650 	 -0.000 	  0.662
21 	 3 	  0.580 	 -0.000 	  0.591
21 	 4 	  0.487 	 -0.000 	  0.496
21 	 5 	  0.374 	 -0.000 	  0.381
21 	 6 	  0.245 	 -0.000 	  0.250
21 	 7 	  0.107 	 -0.000 	  0.109
21 	 8 	 -0.036 	 -0.000 	 -0.036
21 	 9 	 -0.177 	 -0.000 	 -0.181
21 	 10 	 -0.311 	 -0.000 	 -0.317
21 	 11 	 -0.433 	 -0.000 	 -0.441
21 	 12 	 -0.536 	 -0.000 	 -0.547
21 	 13 	 -0.618 	 -0.000 	 -0.630
21 	 14 	 -0.674 	 -0.000 	 -0.687
21 	 15 	 -0.703 	 -0.000 	 -0.717
21 	 16 	 -0.703 	  0.000 	 -0.717
21 	 17 	 -0.674 	  0.000 	 -0.687
21 	 18 	 -0.618 	  0.000 	 -0.630
21 	 19 	 -0.536 	  0.000 	 -0.547
21 	 20 	 -0.433 	  0.000 	 -0.441
21 	 21 	 -0.311 	  0.000 	 -0.317
21 	 22 	 -0.177 	  0.000 	 -0.181
21 	 23 	 -0.036 	  0.000 	 -0.036
21 	 24 	  0.107 	  0.000 	  0.109
21 	 25 	  0.245 	  0.000 	  0.250
21 	 26 	  0.374 	  0.000 	  0.381
21 	 27 	  0.487 	  0.000 	  0.496
21 	 28 	  0.580 	  0.000 	  0.591
21 	 29 	  0.650 	  0.000 	  0.662
21 	 30 	  0.692 	  0.000 	  0.706

22 	 0 	  0.402 	 -0.000 	  0.777
22 	 1 	  0.394 	 -0.000 	  0.761
22 	 2 	  0.370 	 -0.000 	  0.714
22 	 3 	  0.330 	 -0.000 	  0.638
22 	 4 	  0.277 	 -0.000 	  0.535
22 	 5 	  0.213 	 -0.000 	  0.411
22 	 6 	  0.140 	 -0.000 	  0.270
22 	 7 	  0.061 	 -0.000 	  0.118
22 	 8 	 -0.020 	 -0.000 	 -0.039
22 	 9 	 -0.101 	 -0.000 	 -0.195
22 	 10 	 -0.177 	 -0.000 	 -0.342
22 	 11 	 -0.246 	 -0.000 	 -0.476
22 	 12 	 -0.305 	 -0.000 	 -0.589
22 	 13 	 -0.352 	 -0.000 	 -0.679
22 	 14 	 -0.384 	 -0.000 	 -0.741
22 	 15 	 -0.400 	 -0.000 	 -0.773
22 	 16 	 -0.400 	  0.000 	 -0.773
22 	 17 	 -0.384 	  0.000 	 -0.741
22 	 18 	 -0.352 	  0.000 	 -0.679
22 	 19 	 -0.305 	  0.000 	 -0.589
22 	 20 	 -0.246 	  0.000 	 -0.476
22 	 21 	 -0.177 	  0.000 	 -0.342
22 	 22 	 -0.101 	  0.000 	 -0.195
22 	 23 	 -0.020 	  0.000 	 -0.039
22 	 24 	  0.061 	  0.000 	  0.118
22 	 25 	  0.140 	  0.000 	  0.270
22 	 26 	  0.213 	  0.000 	  0.411
22 	 27 	  0.277 	  0.000 	  0.535
22 	 28 	  0.330 	  0.000 	  0.638
22 	 29 	  0.370 	  0.000 	  0.714
22 	 30 	  0.394 	  0.000 	  0.761

23 	 0 	  0.081 	 -0.000 	  0.801
23 	 1 	  0.080 	 -0.000 	  0.785
23 	 2 	  0.075 	 -0.000 	  0.737
23 	 3 	  0.067 	 -0.000 	  0.658
23 	 4 	  0.056 	 -0.000 	  0.552
23 	 5 	  0.043 	 -0.000 	  0.424
23 	 6 	  0.028 	 -0.000 	  0.278
23 	 7 	  0.012 	 -0.000 	  0.121
23 	 8 	 -0.004 	 -0.000 	 -0.041
23 	 9 	 -0.020 	 -0.000 	 -0.201
23 	 10 	 -0.036 	 -0.000 	 -0.353
23 	 11 	 -0.050 	 -0.000 	 -0.491
23 	 12 	 -0.062 	 -0.000 	 -0.608
23 	 13 	 -0.071 	 -0.000 	 -0.701
23 	 14 	 -0.078 	 -0.000 	 -0.765
23 	 15 	 -0.081 	 -0.000 	 -0.797
23 	 16 	 -0.081 	  0.000 	 -0.797
23 	 17 	 -0.078 	  0.000 	 -0.765
23 	 18 	 -0.071 	  0.000 	 -0.701
23 	 19 	 -0.062 	  0.000 	 -0.608
23 	 20 	 -0.050 	  0.000 	 -0.491
23 	 21 	 -0.036 	  0.000 	 -0.353
23 	 22 	 -0.020 	  0.000 	 -0.201
23 	 23 	 -0.004 	  0.000 	 -0.041
23 	 24 	  0.012 	  0.000 	  0.121
23 	 25 	  0.028 	  0.000 	  0.278
23 	 26 	  0.043 	  0.000 	  0.424
23 	 27 	  0.056 	  0.000 	  0.552
23 	 28 	  0.067 	  0.000 	  0.658
23 	 29 	  0.075 	  0.000 	  0.737
23 	 30 	  0.080 	  0.000 	  0.785

24 	 0 	 -0.243 	  0.000 	  0.793
24 	 1 	 -0.238 	  0.000 	  0.777
24 	 2 	 -0.223 	  0.000 	  0.729
24 	 3 	 -0.199 	  0.000 	  0.651
24 	 4 	 -0.167 	  0.000 	  0.547
24 	 5 	 -0.129 	  0.000 	  0.420
24 	 6 	 -0.084 	  0.000 	  0.276
24 	 7 	 -0.037 	  0.000 	  0.120
24 	 8 	  0.012 	  0.000 	 -0.040
24 	 9 	  0.061 	  0.000 	 -0.199
24 	 10 	  0.107 	  0.000 	 -0.349
24 	 11 	  0.149 	  0.000 	 -0.486
24 	 12 	  0.184 	  0.000 	 -0.602
24 	 13 	  0.213 	  0.000 	 -0.694
24 	 14 	  0.232 	  0.000 	 -0.757
24 	 15 	  0.242 	  0.000 	 -0.789
24 	 16 	  0.242 	 -0.000 	 -0.789
24 	 17 	  0.232 	 -0.000 	 -0.757
24 	 18 	  0.213 	 -0.000 	 -0.694
24 	 19 	  0.184 	 -0.000 	 -0.602
24 	 20 	  0.149 	 -0.000 	 -0.486
24 	 21 	  0.107 	 -0.000 	 -0.349
24 	 22 	  0.061 	 -0.000 	 -0.199
24 	 23 	  0.012 	 -0.000 	 -0.040
24 	 24 	 -0.037 	 -0.000 	  0.120
24 	 25 	 -0.084 	 -0.000 	  0.276
24 	 26 	 -0.129 	 -0.000 	  0.420
24 	 27 	 -0.167 	 -0.000 	  0.547
24 	 28 	 -0.199 	 -0.000 	  0.651
24 	 29 	 -0.223 	 -0.000 	  0.729
24 	 30 	 -0.238 	 -0.000 	  0.777

25 	 0 	 -0.557 	  0.000 	  0.753
25 	 1 	 -0.546 	  0.000 	  0.737
25 	 2 	 -0.512 	  0.000 	  0.692
25 	 3 	 -0.458 	  0.000 	  0.618
25 	 4 	 -0.384 	  0.000 	  0.518
25 	 5 	 -0.295 	  0.000 	  0.398
25 	 6 	 -0.194 	  0.000 	  0.261
25 	 7 	 -0.084 	  0.000 	  0.114
25 	 8 	  0.028 	  0.000 	 -0.038
25 	 9 	  0.140 	  0.000 	 -0.189
25 	 10 	  0.245 	  0.000 	 -0.331
25 	 11 	  0.341 	  0.000 	 -0.461
25 	 12 	  0.423 	  0.000 	 -0.571
25 	 13 	  0.487 	  0.000 	 -0.658
25 	 14 	  0.532 	  0.000 	 -0.718
25 	 15 	  0.555 	  0.000 	 -0.749
25 	 16 	  0.555 	 -0.000 	 -0.749
25 	 17 	  0.532 	 -0.000 	 -0.718
25 	 18 	  0.487 	 -0.000 	 -0.658
25 	 19 	  0.423 	 -0.000 	 -0.571
25 	 20 	  0.341 	 -0.000 	 -0.461
25 	 21 	  0.245 	 -0.000 	 -0.331
25 	 22 	  0.140 	 -0.000 	 -0.189
25 	 23 	  0.028 	 -0.000 	 -0.038
25 	 24 	 -0.084 	 -0.000 	  0.114
25 	 25 	 -0.194 	 -0.000 	  0.261
25 	 26 	 -0.295 	 -0.000 	  0.398
25 	 27 	 -0.384 	 -0.000 	  0.518
25 	 28 	 -0.458 	 -0.000 	  0.618
25 	 29 	 -0.512 	 -0.000 	  0.692
25 	 30 	 -0.546 	 -0.000 	  0.737

26 	 0 	 -0.849 	  0.000 	  0.681
26 	 1 	 -0.832 	  0.000 	  0.667
26 	 2 	 -0.780 	  0.000 	  0.626
26 	 3 	 -0.697 	  0.000 	  0.559
26 	 4 	 -0.585 	  0.000 	  0.469
26 	 5 	 -0.449 	  0.000 	  0.360
26 	 6 	 -0.295 	  0.000 	  0.237
26 	 7 	 -0.129 	  0.000 	  0.103
26 	 8 	  0.043 	  0.000 	 -0.034
26 	 9 	  0.213 	  0.000 	 -0.171
26 	 10 	  0.374 	  0.000 	 -0.300
26 	 11 	  0.520 	  0.000 	 -0.417
26 	 12 	  0.644 	  0.000 	 -0.517
26 	 13 	  0.742 	  0.000 	 -0.595
26 	 14 	  0.810 	  0.000 	 -0.650
26 	 15 	  0.845 	  0.000 	 -0.678
26 	 16 	  0.845 	 -0.000 	 -0.678
26 	 17 	  0.810 	 -0.000 	 -0.650
26 	 18 	  0.742 	 -0.000 	 -0.595
26 	 19 	  0.644 	 -0.000 	 -0.517
26 	 20 	  0.520 	 -0.000 	 -0.417
26 	 21 	  0.374 	 -0.000 	 -0.300
26 	 22 	  0.213 	 -0.000 	 -0.171
26 	 23 	  0.043 	 -0.000 	 -0.034
26 	 24 	 -0.129 	 -0.000 	  0.103
26 	 25 	 -0.295 	 -0.000 	  0.237
26 	 26 	 -0.449 	 -0.000 	  0.360
26 	 27 	 -0.585 	 -0.000 	  0.469
26 	 28 	 -0.697 	 -0.000 	  0.559
26 	 29 	 -0.780 	 -0.000 	  0.626
26 	 30 	 -0.832 	 -0.000 	  0.667

27 	 0 	 -1.106 	  0.000 	  0.582
27 	 1 	 -1.083 	  0.000 	  0.570
27 	 2 	 -1.016 	  0.000 	  0.535
27 	 3 	 -0.908 	  0.000 	  0.477
27 	 4 	 -0.762 	  0.000 	  0.401
27 	 5 	 -0.585 	  0.000 	  0.308
27 	 6 	 -0.384 	  0.000 	  0.202
27 	 7 	 -0.167 	  0.000 	  0.088
27 	 8 	  0.056 	  0.000 	 -0.029
27 	 9 	  0.277 	  0.000 	 -0.146
27 	 10 	  0.487 	  0.000 	 -0.256
27 	 11 	  0.677 	  0.000 	 -0.356
27 	 12 	  0.839 	  0.000 	 -0.441
27 	 13 	  0.967 	  0.000 	 -0.509
27 	 14 	  1.055 	  0.000 	 -0.555
27 	 15 	  1.100 	  0.000 	 -0.579
27 	 16 	  1.100 	 -0.000 	 -0.579
27 	 17 	  1.055 	 -0.000 	 -0.555
27 	 18 	  0.967 	 -0.000 	 -0.509
27 	 19 	  0.839 	 -0.000 	 -0.441
27 	 20 	  0.677 	 -0.000 	 -0.356
27 	 21 	  0.487 	 -0.000 	 -0.256
27 	 22 	  0.277 	 -0.000 	 -0.146
27 	 23 	  0.056 	 -0.000 	 -0.029
27 	 24 	 -0.167 	 -0.000 	  0.088
27 	 25 	 -0.384 	 -0.000 	  0.202
27 	 26 	 -0.585 	 -0.000 	  0.308
27 	 27 	 -0.762 	 -0.000 	  0.401
27 	 28 	 -0.908 	 -0.000 	  0.477
27 	 29 	 -1.016 	 -0.000 	  0.535
27 	 30 	 -1.083 	 -0.000 	  0.570

28 	 0 	 -1.317 	  0.000 	  0.458
28 	 1 	 -1.290 	  0.000 	  0.449
28 	 2 	 -1.211 	  0.000 	  0.421
28 	 3 	 -1.081 	  0.000 	  0.376
28 	 4 	 -0.908 	  0.000 	  0.316
28 	 5 	 -0.697 	  0.000 	  0.243
28 	 6 	 -0.458 	  0.000 	  0.159
28 	 7 	 -0.199 	  0.000 	  0.069
28 	 8 	  0.067 	  0.000 	 -0.023
28 	 9 	  0.330 	  0.000 	 -0.115
28 	 10 	  0.580 	  0.000 	 -0.202
28 	 11 	  0.806 	  0.000 	 -0.281
28 	 12 	  1.000 	  0.000 	 -0.348
28 	 13 	  1.152 	  0.000 	 -0.401
28 	 14 	  1.257 	  0.000 	 -0.437
28 	 15 	  1.311 	  0.000 	 -0.456
28 	 16 	  1.311 	 -0.000 	 -0.456
28 	 17 	  1.257 	 -0.000 	 -0.437
28 	 18 	  1.152 	 -0.000 	 -0.401
28 	 19 	  1.000 	 -0.000 	 -0.348
28 	 20 	  0.806 	 -0.000 	 -0.281
28 	 21 	  0.580 	 -0.000 	 -0.202
28 	 22 	  0.330 	 -0.000 	 -0.115
28 	 23 	  0.067 	 -0.000 	 -0.023
28 	 24 	 -0.199 	 -0.000 	  0.069
28 	 25 	 -0.458 	 -0.000 	  0.159
28 	 26 	 -0.697 	 -0.000 	  0.243
28 	 27 	 -0.908 	 -0.000 	  0.316
28 	 28 	 -1.081 	 -0.000 	  0.376
28 	 29 	 -1.211 	 -0.000 	  0.421
28 	 30 	 -1.290 	 -0.000 	  0.449

29 	 0 	 -1.475 	  0.000 	  0.316
29 	 1 	 -1.445 	  0.000 	  0.310
29 	 2 	 -1.355 	  0.000 	  0.291
29 	 3 	 -1.211 	  0.000 	  0.260
29 	 4 	 -1.016 	  0.000 	  0.218
29 	 5 	 -0.780 	  0.000 	  0.167
29 	 6 	 -0.512 	  0.000 	  0.110
29 	 7 	 -0.223 	  0.000 	  0.048
29 	 8 	  0.075 	  0.000 	 -0.016
29 	 9 	  0.370 	  0.000 	 -0.079
29 	 10 	  0.650 	  0.000 	 -0.139
29 	 11 	  0.903 	  0.000 	 -0.194
29 	 12 	  1.119 	  0.000 	 -0.240
29 	 13 	  1.290 	  0.000 	 -0.277
29 	 14 	  1.407 	  0.000 	 -0.302
29 	 15 	  1.467 	  0.000 	 -0.315
29 	 16 	  1.467 	 -0.000 	 -0.315
29 	 17 	  1.407 	 -0.000 	 -0.302
29 	 18 	  1.290 	 -0.000 	 -0.277
29 	 19 	  1.119 	 -0.000 	 -0.240
29 	 20 	  0.903 	 -0.000 	 -0.194
29 	 21 	  0.650 	 -0.000 	 -0.139
29 	 22 	  0.370 	 -0.000 	 -0.079
29 	 23 	  0.075 	 -0.000 	 -0.016
29 	 24 	 -0.223 	 -0.000 	  0.048
29 	 25 	 -0.512 	 -0.000 	  0.110
29 	 26 	 -0.780 	 -0.000 	  0.167
29 	 27 	 -1.016 	 -0.000 	  0.218
29 	 28 	 -1.211 	 -0.000 	  0.260
29 	 29 	 -1.355 	 -0.000 	  0.291
29 	 30 	 -1.445 	 -0.000 	  0.310

30 	 0 	 -1.572 	  0.000 	  0.162
30 	 1 	 -1.540 	  0.000 	  0.158
30 	 2 	 -1.445 	  0.000 	  0.148
30 	 3 	 -1.290 	  0.000 	  0.133
30 	 4 	 -1.083 	  0.000 	  0.111
30 	 5 	 -0.832 	  0.000 	  0.085
30 	 6 	 -0.546 	  0.000 	  0.056
30 	 7 	 -0.238 	  0.000 	  0.024
30 	 8 	  0.080 	  0.000 	 -0.008
30 	 9 	  0.394 	  0.000 	 -0.040
30 	 10 	  0.692 	  0.000 	 -0.071
30 	 11 	  0.962 	  0.000 	 -0.099
30 	 12 	  1.193 	  0.000 	 -0.123
30 	 13 	  1.375 	  0.000 	 -0.141
30 	 14 	  1.500 	  0.000 	 -0.154
30 	 15 	  1.564 	  0.000 	 -0.161
30 	 16 	  1.564 	 -0.000 	 -0.161
30 	 17 	  1.500 	 -0.000 	 -0.154
30 	 18 	  1.375 	 -0.000 	 -0.141
30 	 19 	  1.193 	 -0.000 	 -0.123
30 	 20 	  0.962 	 -0.000 	 -0.099
30 	 21 	  0.692 	 -0.000 	 -0.071
30 	 22 	  0.394 	 -0.000 	 -0.040
30 	 23 	  0.080 	 -0.000 	 -0.008
30 	 24 	 -0.238 	 -0.000 	  0.024
30 	 25 	 -0.546 	 -0.000 	  0.056
30 	 26 	 -0.832 	 -0.000 	  0.085
30 	 27 	 -1.083 	 -0.000 	  0.111
30 	 28 	 -1.290 	 -0.000 	  0.133
30 	 29 	 -1.445 	 -0.000 	  0.148
30 	 30 	 -1.540 	 -0.000 	  0.158

