0 	 0 	 -0.954 	  0.000 	 -0.000
0 	 1 	 -0.935 	  0.000 	 -0.000
0 	 2 	 -0.877 	  0.000 	 -0.000
0 	 3 	 -0.783 	  0.000 	 -0.000
0 	 4 	 -0.657 	  0.000 	 -0.000
0 	 5 	 -0.505 	  0.000 	 -0.000
0 	 6 	 -0.331 	  0.000 	 -0.000
0 	 7 	 -0.144 	  0.000 	 -0.000
0 	 8 	  0.048 	  0.000 	  0.000
0 	 9 	  0.239 	  0.000 	  0.000
0 	 10 	  0.420 	  0.000 	  0.000
0 	 11 	  0.584 	  0.000 	  0.000
0 	 12 	  0.724 	  0.000 	  0.000
0 	 13 	  0.834 	  0.000 	  0.000
0 	 14 	  0.910 	  0.000 	  0.000
0 	 15 	  0.949 	  0.000 	  0.000
0 	 16 	  0.949 	 -0.000 	  0.000
0 	 17 	  0.910 	 -0.000 	  0.000
0 	 18 	  0.834 	 -0.000 	  0.000
0 	 19 	  0.724 	 -0.000 	  0.000
0 	 20 	  0.584 	 -0.000 	  0.000
0 	 21 	  0.420 	 -0.000 	  0.000
0 	 22 	  0.239 	 -0.000 	  0.000
0 	 23 	  0.048 	 -0.000 	  0.000
0 	 24 	 -0.144 	 -0.000 	 -0.000
0 	 25 	 -0.331 	 -0.000 	 -0.000
0 	 26 	 -0.505 	 -0.000 	 -0.000
0 	 27 	 -0.657 	 -0.000 	 -0.000
0 	 28 	 -0.783 	 -0.000 	 -0.000
0 	 29 	 -0.877 	 -0.000 	 -0.000
0 	 30 	 -0.935 	 -0.000 	 -0.000

1 	 0 	 -0.935 	  0.000 	 -0.096
1 	 1 	 -0.916 	  0.000 	 -0.094
1 	 2 	 -0.859 	  0.000 	 -0.088
1 	 3 	 -0.767 	  0.000 	 -0.079
1 	 4 	 -0.644 	  0.000 	 -0.066
1 	 5 	 -0.494 	  0.000 	 -0.051
1 	 6 	 -0.325 	  0.000 	 -0.033
1 	 7 	 -0.142 	  0.000 	 -0.015
1 	 8 	  0.047 	  0.000 	  0.005
1 	 9 	  0.234 	  0.000 	  0.024
1 	 10 	  0.412 	  0.000 	  0.042
1 	 11 	  0.572 	  0.000 	  0.059
1 	 12 	  0.709 	  0.000 	  0.073
1 	 13 	  0.817 	  0.000 	  0.084
1 	 14 	  0.892 	  0.000 	  0.092
1 	 15 	  0.930 	  0.000 	  0.096
1 	 16 	  0.930 	 -0.000 	  0.096
1 	 17 	  0.892 	 -0.000 	  0.092
1 	 18 	  0.817 	 -0.000 	  0.084
1 	 19 	  0.709 	 -0.000 	  0.073
1 	 20 	  0.572 	 -0.000 	  0.059
1 	 21 	  0.412 	 -0.000 	  0.042
1 	 22 	  0.234 	 -0.000 	  0.024
1 	 23 	  0.047 	 -0.000 	  0.005
1 	 24 	 -0.142 	 -0.000 	 -0.015
1 	 25 	 -0.325 	 -0.000 	 -0.033
1 	 26 	 -0.494 	 -0.000 	 -0.051
1 	 27 	 -0.644 	 -0.000 	 -0.066
1 	 28 	 -0.767 	 -0.000 	 -0.079
1 	 29 	 -0.859 	 -0.000 	 -0.088
1 	 30 	 -0.916 	 -0.000 	 -0.094

2 	 0 	 -0.877 	  0.000 	 -0.188
2 	 1 	 -0.859 	  0.000 	 -0.184
2 	 2 	 -0.806 	  0.000 	 -0.173
2 	 3 	 -0.720 	  0.000 	 -0.154
2 	 4 	 -0.604 	  0.000 	 -0.130
2 	 5 	 -0.464 	  0.000 	 -0.100
2 	 6 	 -0.305 	  0.000 	 -0.065
2 	 7 	 -0.133 	  0.000 	 -0.028
2 	 8 	  0.044 	  0.000 	  0.010
2 	 9 	  0.220 	  0.000 	  0.047
2 	 10 	  0.386 	  0.000 	  0.083
2 	 11 	  0.537 	  0.000 	  0.115
2 	 12 	  0.665 	  0.000 	  0.143
2 	 13 	  0.767 	  0.000 	  0.165
2 	 14 	  0.837 	  0.000 	  0.180
2 	 15 	  0.872 	  0.000 	  0.187
2 	 16 	  0.872 	 -0.000 	  0.187
2 	 17 	  0.837 	 -0.000 	  0.180
2 	 18 	  0.767 	 -0.000 	  0.165
2 	 19 	  0.665 	 -0.000 	  0.143
2 	 20 	  0.537 	 -0.000 	  0.115
2 	 21 	  0.386 	 -0.000 	  0.083
2 	 22 	  0.220 	 -0.000 	  0.047
2 	 23 	  0.044 	 -0.000 	  0.010
2 	 24 	 -0.133 	 -0.000 	 -0.028
2 	 25 	 -0.305 	 -0.000 	 -0.065
2 	 26 	 -0.464 	 -0.000 	 -0.100
2 	 27 	 -0.604 	 -0.000 	 -0.130
2 	 28 	 -0.720 	 -0.000 	 -0.154
2 	 29 	 -0.806 	 -0.000 	 -0.173
2 	 30 	 -0.859 	 -0.000 	 -0.184

3 	 0 	 -0.783 	  0.000 	 -0.273
3 	 1 	 -0.767 	  0.000 	 -0.267
3 	 2 	 -0.720 	  0.000 	 -0.250
3 	 3 	 -0.643 	  0.000 	 -0.224
3 	 4 	 -0.540 	  0.000 	 -0.188
3 	 5 	 -0.414 	  0.000 	 -0.144
3 	 6 	 -0.272 	  0.000 	 -0.095
3 	 7 	 -0.119 	  0.000 	 -0.041
3 	 8 	  0.040 	  0.000 	  0.014
3 	 9 	  0.196 	  0.000 	  0.068
3 	 10 	  0.345 	  0.000 	  0.120
3 	 11 	  0.479 	  0.000 	  0.167
3 	 12 	  0.594 	  0.000 	  0.207
3 	 13 	  0.685 	  0.000 	  0.238
3 	 14 	  0.747 	  0.000 	  0.260
3 	 15 	  0.779 	  0.000 	  0.271
3 	 16 	  0.779 	 -0.000 	  0.271
3 	 17 	  0.747 	 -0.000 	  0.260
3 	 18 	  0.685 	 -0.000 	  0.238
3 	 19 	  0.594 	 -0.000 	  0.207
3 	 20 	  0.479 	 -0.000 	  0.167
3 	 21 	  0.345 	 -0.000 	  0.120
3 	 22 	  0.196 	 -0.000 	  0.068
3 	 23 	  0.040 	 -0.000 	  0.014
3 	 24 	 -0.119 	 -0.000 	 -0.041
3 	 25 	 -0.272 	 -0.000 	 -0.095
3 	 26 	 -0.414 	 -0.000 	 -0.144
3 	 27 	 -0.540 	 -0.000 	 -0.188
3 	 28 	 -0.643 	 -0.000 	 -0.224
3 	 29 	 -0.720 	 -0.000 	 -0.250
3 	 30 	 -0.767 	 -0.000 	 -0.267

4 	 0 	 -0.657 	  0.000 	 -0.346
4 	 1 	 -0.644 	  0.000 	 -0.339
4 	 2 	 -0.604 	  0.000 	 -0.318
4 	 3 	 -0.540 	  0.000 	 -0.284
4 	 4 	 -0.453 	  0.000 	 -0.238
4 	 5 	 -0.348 	  0.000 	 -0.183
4 	 6 	 -0.228 	  0.000 	 -0.120
4 	 7 	 -0.100 	  0.000 	 -0.052
4 	 8 	  0.033 	  0.000 	  0.018
4 	 9 	  0.165 	  0.000 	  0.087
4 	 10 	  0.290 	  0.000 	  0.152
4 	 11 	  0.402 	  0.000 	  0.212
4 	 12 	  0.499 	  0.000 	  0.262
4 	 13 	  0.575 	  0.000 	  0.302
4 	 14 	  0.627 	  0.000 	  0.330
4 	 15 	  0.654 	  0.000 	  0.344
4 	 16 	  0.654 	 -0.000 	  0.344
4 	 17 	  0.627 	 -0.000 	  0.330
4 	 18 	  0.575 	 -0.000 	  0.302
4 	 19 	  0.499 	 -0.000 	  0.262
4 	 20 	  0.402 	 -0.000 	  0.212
4 	 21 	  0.290 	 -0.000 	  0.152
4 	 22 	  0.165 	 -0.000 	  0.087
4 	 23 	  0.033 	 -0.000 	  0.018
4 	 24 	 -0.100 	 -0.000 	 -0.052
4 	 25 	 -0.228 	 -0.000 	 -0.120
4 	 26 	 -0.348 	 -0.000 	 -0.183
4 	 27 	 -0.453 	 -0.000 	 -0.238
4 	 28 	 -0.540 	 -0.000 	 -0.284
4 	 29 	 -0.604 	 -0.000 	 -0.318
4 	 30 	 -0.644 	 -0.000 	 -0.339

5 	 0 	 -0.505 	  0.000 	 -0.405
5 	 1 	 -0.494 	  0.000 	 -0.397
5 	 2 	 -0.464 	  0.000 	 -0.372
5 	 3 	 -0.414 	  0.000 	 -0.332
5 	 4 	 -0.348 	  0.000 	 -0.279
5 	 5 	 -0.267 	  0.000 	 -0.214
5 	 6 	 -0.175 	  0.000 	 -0.141
5 	 7 	 -0.076 	  0.000 	 -0.061
5 	 8 	  0.026 	  0.000 	  0.021
5 	 9 	  0.127 	  0.000 	  0.101
5 	 10 	  0.222 	  0.000 	  0.178
5 	 11 	  0.309 	  0.000 	  0.248
5 	 12 	  0.383 	  0.000 	  0.307
5 	 13 	  0.441 	  0.000 	  0.354
5 	 14 	  0.482 	  0.000 	  0.386
5 	 15 	  0.502 	  0.000 	  0.403
5 	 16 	  0.502 	 -0.000 	  0.403
5 	 17 	  0.482 	 -0.000 	  0.386
5 	 18 	  0.441 	 -0.000 	  0.354
5 	 19 	  0.383 	 -0.000 	  0.307
5 	 20 	  0.309 	 -0.000 	  0.248
5 	 21 	  0.222 	 -0.000 	  0.178
5 	 22 	  0.127 	 -0.000 	  0.101
5 	 23 	  0.026 	 -0.000 	  0.021
5 	 24 	 -0.076 	 -0.000 	 -0.061
5 	 25 	 -0.175 	 -0.000 	 -0.141
5 	 26 	 -0.267 	 -0.000 	 -0.214
5 	 27 	 -0.348 	 -0.000 	 -0.279
5 	 28 	 -0.414 	 -0.000 	 -0.332
5 	 29 	 -0.464 	 -0.000 	 -0.372
5 	 30 	 -0.494 	 -0.000 	 -0.397

6 	 0 	 -0.331 	  0.000 	 -0.447
6 	 1 	 -0.325 	  0.000 	 -0.438
6 	 2 	 -0.305 	  0.000 	 -0.411
6 	 3 	 -0.272 	  0.000 	 -0.367
6 	 4 	 -0.228 	  0.000 	 -0.308
6 	 5 	 -0.175 	  0.000 	 -0.237
6 	 6 	 -0.115 	  0.000 	 -0.155
6 	 7 	 -0.050 	  0.000 	 -0.068
6 	 8 	  0.017 	  0.000 	  0.023
6 	 9 	  0.083 	  0.000 	  0.112
6 	 10 	  0.146 	  0.000 	  0.197
6 	 11 	  0.203 	  0.000 	  0.274
6 	 12 	  0.251 	  0.000 	  0.339
6 	 13 	  0.290 	  0.000 	  0.391
6 	 14 	  0.316 	  0.000 	  0.427
6 	 15 	  0.330 	  0.000 	  0.445
6 	 16 	  0.330 	 -0.000 	  0.445
6 	 17 	  0.316 	 -0.000 	  0.427
6 	 18 	  0.290 	 -0.000 	  0.391
6 	 19 	  0.251 	 -0.000 	  0.339
6 	 20 	  0.203 	 -0.000 	  0.274
6 	 21 	  0.146 	 -0.000 	  0.197
6 	 22 	  0.083 	 -0.000 	  0.112
6 	 23 	  0.017 	 -0.000 	  0.023
6 	 24 	 -0.050 	 -0.000 	 -0.068
6 	 25 	 -0.115 	 -0.000 	 -0.155
6 	 26 	 -0.175 	 -0.000 	 -0.237
6 	 27 	 -0.228 	 -0.000 	 -0.308
6 	 28 	 -0.272 	 -0.000 	 -0.367
6 	 29 	 -0.305 	 -0.000 	 -0.411
6 	 30 	 -0.325 	 -0.000 	 -0.438

7 	 0 	 -0.144 	  0.000 	 -0.472
7 	 1 	 -0.142 	  0.000 	 -0.462
7 	 2 	 -0.133 	  0.000 	 -0.433
7 	 3 	 -0.119 	  0.000 	 -0.387
7 	 4 	 -0.100 	  0.000 	 -0.325
7 	 5 	 -0.076 	  0.000 	 -0.249
7 	 6 	 -0.050 	  0.000 	 -0.164
7 	 7 	 -0.022 	  0.000 	 -0.071
7 	 8 	  0.007 	  0.000 	  0.024
7 	 9 	  0.036 	  0.000 	  0.118
7 	 10 	  0.064 	  0.000 	  0.208
7 	 11 	  0.088 	  0.000 	  0.289
7 	 12 	  0.110 	  0.000 	  0.358
7 	 13 	  0.126 	  0.000 	  0.412
7 	 14 	  0.138 	  0.000 	  0.450
7 	 15 	  0.144 	  0.000 	  0.469
7 	 16 	  0.144 	 -0.000 	  0.469
7 	 17 	  0.138 	 -0.000 	  0.450
7 	 18 	  0.126 	 -0.000 	  0.412
7 	 19 	  0.110 	 -0.000 	  0.358
7 	 20 	  0.088 	 -0.000 	  0.289
7 	 21 	  0.064 	 -0.000 	  0.208
7 	 22 	  0.036 	 -0.000 	  0.118
7 	 23 	  0.007 	 -0.000 	  0.024
7 	 24 	 -0.022 	 -0.000 	 -0.071
7 	 25 	 -0.050 	 -0.000 	 -0.164
7 	 26 	 -0.076 	 -0.000 	 -0.249
7 	 27 	 -0.100 	 -0.000 	 -0.325
7 	 28 	 -0.119 	 -0.000 	 -0.387
7 	 29 	 -0.133 	 -0.000 	 -0.433
7 	 30 	 -0.142 	 -0.000 	 -0.462

8 	 0 	  0.048 	 -0.000 	 -0.477
8 	 1 	  0.047 	 -0.000 	 -0.467
8 	 2 	  0.044 	 -0.000 	 -0.438
8 	 3 	  0.040 	 -0.000 	 -0.391
8 	 4 	  0.033 	 -0.000 	 -0.328
8 	 5 	  0.026 	 -0.000 	 -0.252
8 	 6 	  0.017 	 -0.000 	 -0.165
8 	 7 	  0.007 	 -0.000 	 -0.072
8 	 8 	 -0.002 	 -0.000 	  0.024
8 	 9 	 -0.012 	 -0.000 	  0.119
8 	 10 	 -0.021 	 -0.000 	  0.210
8 	 11 	 -0.030 	 -0.000 	  0.292
8 	 12 	 -0.037 	 -0.000 	  0.362
8 	 13 	 -0.042 	 -0.000 	  0.417
8 	 14 	 -0.046 	 -0.000 	  0.455
8 	 15 	 -0.048 	 -0.000 	  0.474
8 	 16 	 -0.048 	  0.000 	  0.474
8 	 17 	 -0.046 	  0.000 	  0.455
8 	 18 	 -0.042 	  0.000 	  0.417
8 	 19 	 -0.037 	  0.000 	  0.362
8 	 20 	 -0.030 	  0.000 	  0.292
8 	 21 	 -0.021 	  0.000 	  0.210
8 	 22 	 -0.012 	  0.000 	  0.119
8 	 23 	 -0.002 	  0.000 	  0.024
8 	 24 	  0.007 	  0.000 	 -0.072
8 	 25 	  0.017 	  0.000 	 -0.165
8 	 26 	  0.026 	  0.000 	 -0.252
8 	 27 	  0.033 	  0.000 	 -0.328
8 	 28 	  0.040 	  0.000 	 -0.391
8 	 29 	  0.044 	  0.000 	 -0.438
8 	 30 	  0.047 	  0.000 	 -0.467

9 	 0 	  0.239 	 -0.000 	 -0.462
9 	 1 	  0.234 	 -0.000 	 -0.452
9 	 2 	  0.220 	 -0.000 	 -0.424
9 	 3 	  0.196 	 -0.000 	 -0.379
9 	 4 	  0.165 	 -0.000 	 -0.318
9 	 5 	  0.127 	 -0.000 	 -0.244
9 	 6 	  0.083 	 -0.000 	 -0.160
9 	 7 	  0.036 	 -0.000 	 -0.070
9 	 8 	 -0.012 	 -0.000 	  0.023
9 	 9 	 -0.060 	 -0.000 	  0.116
9 	 10 	 -0.105 	 -0.000 	  0.203
9 	 11 	 -0.146 	 -0.000 	  0.283
9 	 12 	 -0.181 	 -0.000 	  0.350
9 	 13 	 -0.209 	 -0.000 	  0.404
9 	 14 	 -0.228 	 -0.000 	  0.441
9 	 15 	 -0.238 	 -0.000 	  0.460
9 	 16 	 -0.238 	  0.000 	  0.460
9 	 17 	 -0.228 	  0.000 	  0.441
9 	 18 	 -0.209 	  0.000 	  0.404
9 	 19 	 -0.181 	  0.000 	  0.350
9 	 20 	 -0.146 	  0.000 	  0.283
9 	 21 	 -0.105 	  0.000 	  0.203
9 	 22 	 -0.060 	  0.000 	  0.116
9 	 23 	 -0.012 	  0.000 	  0.023
9 	 24 	  0.036 	  0.000 	 -0.070
9 	 25 	  0.083 	  0.000 	 -0.160
9 	 26 	  0.127 	  0.000 	 -0.244
9 	 27 	  0.165 	  0.000 	 -0.318
9 	 28 	  0.196 	  0.000 	 -0.379
9 	 29 	  0.220 	  0.000 	 -0.424
9 	 30 	  0.234 	  0.000 	 -0.452

10 	 0 	  0.420 	 -0.000 	 -0.428
10 	 1 	  0.412 	 -0.000 	 -0.420
10 	 2 	  0.386 	 -0.000 	 -0.394
10 	 3 	  0.345 	 -0.000 	 -0.352
10 	 4 	  0.290 	 -0.000 	 -0.295
10 	 5 	  0.222 	 -0.000 	 -0.227
10 	 6 	  0.146 	 -0.000 	 -0.149
10 	 7 	  0.064 	 -0.000 	 -0.065
10 	 8 	 -0.021 	 -0.000 	  0.022
10 	 9 	 -0.105 	 -0.000 	  0.107
10 	 10 	 -0.185 	 -0.000 	  0.189
10 	 11 	 -0.257 	 -0.000 	  0.262
10 	 12 	 -0.319 	 -0.000 	  0.325
10 	 13 	 -0.367 	 -0.000 	  0.375
10 	 14 	 -0.401 	 -0.000 	  0.409
10 	 15 	 -0.418 	 -0.000 	  0.426
10 	 16 	 -0.418 	  0.000 	  0.426
10 	 17 	 -0.401 	  0.000 	  0.409
10 	 18 	 -0.367 	  0.000 	  0.375
10 	 19 	 -0.319 	  0.000 	  0.325
10 	 20 	 -0.257 	  0.000 	  0.262
10 	 21 	 -0.185 	  0.000 	  0.189
10 	 22 	 -0.105 	  0.000 	  0.107
10 	 23 	 -0.021 	  0.000 	  0.022
10 	 24 	  0.064 	  0.000 	 -0.065
10 	 25 	  0.146 	  0.000 	 -0.149
10 	 26 	  0.222 	  0.000 	 -0.227
10 	 27 	  0.290 	  0.000 	 -0.295
10 	 28 	  0.345 	  0.000 	 -0.352
10 	 29 	  0.386 	  0.000 	 -0.394
10 	 30 	  0.412 	  0.000 	 -0.420

11 	 0 	  0.584 	 -0.000 	 -0.377
11 	 1 	  0.572 	 -0.000 	 -0.370
11 	 2 	  0.537 	 -0.000 	 -0.347
11 	 3 	  0.479 	 -0.000 	 -0.310
11 	 4 	  0.402 	 -0.000 	 -0.260
11 	 5 	  0.309 	 -0.000 	 -0.200
11 	 6 	  0.203 	 -0.000 	 -0.131
11 	 7 	  0.088 	 -0.000 	 -0.057
11 	 8 	 -0.030 	 -0.000 	  0.019
11 	 9 	 -0.146 	 -0.000 	  0.095
11 	 10 	 -0.257 	 -0.000 	  0.166
11 	 11 	 -0.358 	 -0.000 	  0.231
11 	 12 	 -0.443 	 -0.000 	  0.286
11 	 13 	 -0.511 	 -0.000 	  0.330
11 	 14 	 -0.557 	 -0.000 	  0.360
11 	 15 	 -0.581 	 -0.000 	  0.375
11 	 16 	 -0.581 	  0.000 	  0.375
11 	 17 	 -0.557 	  0.000 	  0.360
11 	 18 	 -0.511 	  0.000 	  0.330
11 	 19 	 -0.443 	  0.000 	  0.286
11 	 20 	 -0.358 	  0.000 	  0.231
11 	 21 	 -0.257 	  0.000 	  0.166
11 	 22 	 -0.146 	  0.000 	  0.095
11 	 23 	 -0.030 	  0.000 	  0.019
11 	 24 	  0.088 	  0.000 	 -0.057
11 	 25 	  0.203 	  0.000 	 -0.131
11 	 26 	  0.309 	  0.000 	 -0.200
11 	 27 	  0.402 	  0.000 	 -0.260
11 	 28 	  0.479 	  0.000 	 -0.310
11 	 29 	  0.537 	  0.000 	 -0.347
11 	 30 	  0.572 	  0.000 	 -0.370

12 	 0 	  0.724 	 -0.000 	 -0.311
12 	 1 	  0.709 	 -0.000 	 -0.304
12 	 2 	  0.665 	 -0.000 	 -0.286
12 	 3 	  0.594 	 -0.000 	 -0.255
12 	 4 	  0.499 	 -0.000 	 -0.214
12 	 5 	  0.383 	 -0.000 	 -0.164
12 	 6 	  0.251 	 -0.000 	 -0.108
12 	 7 	  0.110 	 -0.000 	 -0.047
12 	 8 	 -0.037 	 -0.000 	  0.016
12 	 9 	 -0.181 	 -0.000 	  0.078
12 	 10 	 -0.319 	 -0.000 	  0.137
12 	 11 	 -0.443 	 -0.000 	  0.190
12 	 12 	 -0.549 	 -0.000 	  0.236
12 	 13 	 -0.633 	 -0.000 	  0.272
12 	 14 	 -0.691 	 -0.000 	  0.297
12 	 15 	 -0.720 	 -0.000 	  0.309
12 	 16 	 -0.720 	  0.000 	  0.309
12 	 17 	 -0.691 	  0.000 	  0.297
12 	 18 	 -0.633 	  0.000 	  0.272
12 	 19 	 -0.549 	  0.000 	  0.236
12 	 20 	 -0.443 	  0.000 	  0.190
12 	 21 	 -0.319 	  0.000 	  0.137
12 	 22 	 -0.181 	  0.000 	  0.078
12 	 23 	 -0.037 	  0.000 	  0.016
12 	 24 	  0.110 	  0.000 	 -0.047
12 	 25 	  0.251 	  0.000 	 -0.108
12 	 26 	  0.383 	  0.000 	 -0.164
12 	 27 	  0.499 	  0.000 	 -0.214
12 	 28 	  0.594 	  0.000 	 -0.255
12 	 29 	  0.665 	  0.000 	 -0.286
12 	 30 	  0.709 	  0.000 	 -0.304

13 	 0 	  0.834 	 -0.000 	 -0.232
13 	 1 	  0.817 	 -0.000 	 -0.227
13 	 2 	  0.767 	 -0.000 	 -0.213
13 	 3 	  0.685 	 -0.000 	 -0.190
13 	 4 	  0.575 	 -0.000 	 -0.160
13 	 5 	  0.441 	 -0.000 	 -0.122
13 	 6 	  0.290 	 -0.000 	 -0.080
13 	 7 	  0.126 	 -0.000 	 -0.035
13 	 8 	 -0.042 	 -0.000 	  0.012
13 	 9 	 -0.209 	 -0.000 	  0.058
13 	 10 	 -0.367 	 -0.000 	  0.102
13 	 11 	 -0.511 	 -0.000 	  0.142
13 	 12 	 -0.633 	 -0.000 	  0.176
13 	 13 	 -0.729 	 -0.000 	  0.202
13 	 14 	 -0.796 	 -0.000 	  0.221
13 	 15 	 -0.830 	 -0.000 	  0.230
13 	 16 	 -0.830 	  0.000 	  0.230
13 	 17 	 -0.796 	  0.000 	  0.221
13 	 18 	 -0.729 	  0.000 	  0.202
13 	 19 	 -0.633 	  0.000 	  0.176
13 	 20 	 -0.511 	  0.000 	  0.142
13 	 21 	 -0.367 	  0.000 	  0.102
13 	 22 	 -0.209 	  0.000 	  0.058
13 	 23 	 -0.042 	  0.000 	  0.012
13 	 24 	  0.126 	  0.000 	 -0.035
13 	 25 	  0.290 	  0.000 	 -0.080
13 	 26 	  0.441 	  0.000 	 -0.122
13 	 27 	  0.575 	  0.000 	 -0.160
13 	 28 	  0.685 	  0.000 	 -0.190
13 	 29 	  0.767 	  0.000 	 -0.213
13 	 30 	  0.817 	  0.000 	 -0.227

14 	 0 	  0.910 	 -0.000 	 -0.143
14 	 1 	  0.892 	 -0.000 	 -0.140
14 	 2 	  0.837 	 -0.000 	 -0.131
14 	 3 	  0.747 	 -0.000 	 -0.117
14 	 4 	  0.627 	 -0.000 	 -0.098
14 	 5 	  0.482 	 -0.000 	 -0.076
14 	 6 	  0.316 	 -0.000 	 -0.050
14 	 7 	  0.138 	 -0.000 	 -0.022
14 	 8 	 -0.046 	 -0.000 	  0.007
14 	 9 	 -0.228 	 -0.000 	  0.036
14 	 10 	 -0.401 	 -0.000 	  0.063
14 	 11 	 -0.557 	 -0.000 	  0.087
14 	 12 	 -0.691 	 -0.000 	  0.108
14 	 13 	 -0.796 	 -0.000 	  0.125
14 	 14 	 -0.869 	 -0.000 	  0.136
14 	 15 	 -0.906 	 -0.000 	  0.142
14 	 16 	 -0.906 	  0.000 	  0.142
14 	 17 	 -0.869 	  0.000 	  0.136
14 	 18 	 -0.796 	  0.000 	  0.125
14 	 19 	 -0.691 	  0.000 	  0.108
14 	 20 	 -0.557 	  0.000 	  0.087
14 	 21 	 -0.401 	  0.000 	  0.063
14 	 22 	 -0.228 	  0.000 	  0.036
14 	 23 	 -0.046 	  0.000 	  0.007
14 	 24 	  0.138 	  0.000 	 -0.022
14 	 25 	  0.316 	  0.000 	 -0.050
14 	 26 	  0.482 	  0.000 	 -0.076
14 	 27 	  0.627 	  0.000 	 -0.098
14 	 28 	  0.747 	  0.000 	 -0.117
14 	 29 	  0.837 	  0.000 	 -0.131
14 	 30 	  0.892 	  0.000 	 -0.140

15 	 0 	  0.949 	 -0.000 	 -0.048
15 	 1 	  0.930 	 -0.000 	 -0.047
15 	 2 	  0.872 	 -0.000 	 -0.044
15 	 3 	  0.779 	 -0.000 	 -0.040
15 	 4 	  0.654 	 -0.000 	 -0.033
15 	 5 	  0.502 	 -0.000 	 -0.026
15 	 6 	  0.330 	 -0.000 	 -0.017
15 	 7 	  0.144 	 -0.000 	 -0.007
15 	 8 	 -0.048 	 -0.000 	  0.002
15 	 9 	 -0.238 	 -0.000 	  0.012
15 	 10 	 -0.418 	 -0.000 	  0.021
15 	 11 	 -0.581 	 -0.000 	  0.030
15 	 12 	 -0.720 	 -0.000 	  0.037
15 	 13 	 -0.830 	 -0.000 	  0.042
15 	 14 	 -0.906 	 -0.000 	  0.046
15 	 15 	 -0.944 	 -0.000 	  0.048
15 	 16 	 -0.944 	  0.000 	  0.048
15 	 17 	 -0.906 	  0.000 	  0.046
15 	 18 	 -0.830 	  0.000 	  0.042
15 	 19 	 -0.720 	  0.000 	  0.037
15 	 20 	 -0.581 	  0.000 	  0.030
15 	 21 	 -0.418 	  0.000 	  0.021
15 	 22 	 -0.238 	  0.000 	  0.012
15 	 23 	 -0.048 	  0.000 	  0.002
15 	 24 	  0.144 	  0.000 	 -0.007
15 	 25 	  0.330 	  0.000 	 -0.017
15 	 26 	  0.502 	  0.000 	 -0.026
15 	 27 	  0.654 	  0.000 	 -0.033
15 	 28 	  0.779 	  0.000 	 -0.040
15 	 29 	  0.872 	  0.000 	 -0.044
15 	 30 	  0.930 	  0.000 	 -0.047

16 	 0 	  0.949 	 -0.000 	  0.048
16 	 1 	  0.930 	 -0.000 	  0.047
16 	 2 	  0.872 	 -0.000 	  0.044
16 	 3 	  0.779 	 -0.000 	  0.040
16 	 4 	  0.654 	 -0.000 	  0.033
16 	 5 	  0.502 	 -0.000 	  0.026
16 	 6 	  0.330 	 -0.000 	  0.017
16 	 7 	  0.144 	 -0.000 	  0.007
16 	 8 	 -0.048 	 -0.000 	 -0.002
16 	 9 	 -0.238 	 -0.000 	 -0.012
16 	 10 	 -0.418 	 -0.000 	 -0.021
16 	 11 	 -0.581 	 -0.000 	 -0.030
16 	 12 	 -0.720 	 -0.000 	 -0.037
16 	 13 	 -0.830 	 -0.000 	 -0.042
16 	 14 	 -0.906 	 -0.000 	 -0.046
16 	 15 	 -0.944 	 -0.000 	 -0.048
16 	 16 	 -0.944 	  0.000 	 -0.048
16 	 17 	 -0.906 	  0.000 	 -0.046
16 	 18 	 -0.830 	  0.000 	 -0.042
16 	 19 	 -0.720 	  0.000 	 -0.037
16 	 20 	 -0.581 	  0.000 	 -0.030
16 	 21 	 -0.418 	  0.000 	 -0.021
16 	 22 	 -0.238 	  0.000 	 -0.012
16 	 23 	 -0.048 	  0.000 	 -0.002
16 	 24 	  0.144 	  0.000 	  0.007
16 	 25 	  0.330 	  0.000 	  0.017
16 	 26 	  0.502 	  0.000 	  0.026
16 	 27 	  0.654 	  0.000 	  0.033
16 	 28 	  0.779 	  0.000 	  0.040
16 	 29 	  0.872 	  0.000 	  0.044
16 	 30 	  0.930 	  0.000 	  0.047

17 	 0 	  0.910 	 -0.000 	  0.143
17 	 1 	  0.892 	 -0.000 	  0.140
17 	 2 	  0.837 	 -0.000 	  0.131
17 	 3 	  0.747 	 -0.000 	  0.117
17 	 4 	  0.627 	 -0.000 	  0.098
17 	 5 	  0.482 	 -0.000 	  0.076
17 	 6 	  0.316 	 -0.000 	  0.050
17 	 7 	  0.138 	 -0.000 	  0.022
17 	 8 	 -0.046 	 -0.000 	 -0.007
17 	 9 	 -0.228 	 -0.000 	 -0.036
17 	 10 	 -0.401 	 -0.000 	 -0.063
17 	 11 	 -0.557 	 -0.000 	 -0.087
17 	 12 	 -0.691 	 -0.000 	 -0.108
17 	 13 	 -0.796 	 -0.000 	 -0.125
17 	 14 	 -0.869 	 -0.000 	 -0.136
17 	 15 	 -0.906 	 -0.000 	 -0.142
17 	 16 	 -0.906 	  0.000 	 -0.142
17 	 17 	 -0.869 	  0.000 	 -0.136
17 	 18 	 -0.796 	  0.000 	 -0.125
17 	 19 	 -0.691 	  0.000 	 -0.108
17 	 20 	 -0.557 	  0.000 	 -0.087
17 	 21 	 -0.401 	  0.000 	 -0.063
17 	 22 	 -0.228 	  0.000 	 -0.036
17 	 23 	 -0.046 	  0.000 	 -0.007
17 	 24 	  0.138 	  0.000 	  0.022
17 	 25 	  0.316 	  0.000 	  0.050
17 	 26 	  0.482 	  0.000 	  0.076
17 	 27 	  0.627 	  0.000 	  0.098
17 	 28 	  0.747 	  0.000 	  0.117
17 	 29 	  0.837 	  0.000 	  0.131
17 	 30 	  0.892 	  0.000 	  0.140

18 	 0 	  0.834 	 -0.000 	  0.232
18 	 1 	  0.817 	 -0.000 	  0.227
18 	 2 	  0.767 	 -0.000 	  0.213
18 	 3 	  0.685 	 -0.000 	  0.190
18 	 4 	  0.575 	 -0.000 	  0.160
18 	 5 	  0.441 	 -0.000 	  0.122
18 	 6 	  0.290 	 -0.000 	  0.080
18 	 7 	  0.126 	 -0.000 	  0.035
18 	 8 	 -0.042 	 -0.000 	 -0.012
18 	 9 	 -0.209 	 -0.000 	 -0.058
18 	 10 	 -0.367 	 -0.000 	 -0.102
18 	 11 	 -0.511 	 -0.000 	 -0.142
18 	 12 	 -0.633 	 -0.000 	 -0.176
18 	 13 	 -0.729 	 -0.000 	 -0.202
18 	 14 	 -0.796 	 -0.000 	 -0.221
18 	 15 	 -0.830 	 -0.000 	 -0.230
18 	 16 	 -0.830 	  0.000 	 -0.230
18 	 17 	 -0.796 	  0.000 	 -0.221
18 	 18 	 -0.729 	  0.000 	 -0.202
18 	 19 	 -0.633 	  0.000 	 -0.176
18 	 20 	 -0.511 	  0.000 	 -0.142
18 	 21 	 -0.367 	  0.000 	 -0.102
18 	 22 	 -0.209 	  0.000 	 -0.058
18 	 23 	 -0.042 	  0.000 	 -0.012
18 	 24 	  0.126 	  0.000 	  0.035
18 	 25 	  0.290 	  0.000 	  0.080
18 	 26 	  0.441 	  0.000 	  0.122
18 	 27 	  0.575 	  0.000 	  0.160
18 	 28 	  0.685 	  0.000 	  0.190
18 	 29 	  0.767 	  0.000 	  0.213
18 	 30 	  0.817 	  0.000 	  0.227

19 	 0 	  0.724 	 -0.000 	  0.311
19 	 1 	  0.709 	 -0.000 	  0.304
19 	 2 	  0.665 	 -0.000 	  0.286
19 	 3 	  0.594 	 -0.000 	  0.255
19 	 4 	  0.499 	 -0.000 	  0.214
19 	 5 	  0.383 	 -0.000 	  0.164
19 	 6 	  0.251 	 -0.000 	  0.108
19 	 7 	  0.110 	 -0.000 	  0.047
19 	 8 	 -0.037 	 -0.000 	 -0.016
19 	 9 	 -0.181 	 -0.000 	 -0.078
19 	 10 	 -0.319 	 -0.000 	 -0.137
19 	 11 	 -0.443 	 -0.000 	 -0.190
19 	 12 	 -0.549 	 -0.000 	 -0.236
19 	 13 	 -0.633 	 -0.000 	 -0.272
19 	 14 	 -0.691 	 -0.000 	 -0.297
19 	 15 	 -0.720 	 -0.000 	 -0.309
19 	 16 	 -0.720 	  0.000 	 -0.309
19 	 17 	 -0.691 	  0.000 	 -0.297
19 	 18 	 -0.633 	  0.000 	 -0.272
19 	 19 	 -0.549 	  0.000 	 -0.236
19 	 20 	 -0.443 	  0.000 	 -0.190
19 	 21 	 -0.319 	  0.000 	 -0.137
19 	 22 	 -0.181 	  0.000 	 -0.078
19 	 23 	 -0.037 	  0.000 	 -0.016
19 	 24 	  0.110 	  0.000 	  0.047
19 	 25 	  0.251 	  0.000 	  0.108
19 	 26 	  0.383 	  0.000 	  0.164
19 	 27 	  0.499 	  0.000 	  0.214
19 	 28 	  0.594 	  0.000 	  0.255
19 	 29 	  0.665 	  0.000 	  0.286
19 	 30 	  0.709 	  0.000 	  0.304

20 	 0 	  0.584 	 -0.000 	  0.377
20 	 1 	  0.572 	 -0.000 	  0.370
20 	 2 	  0.537 	 -0.000 	  0.347
20 	 3 	  0.479 	 -0.000 	  0.310
20 	 4 	  0.402 	 -0.000 	  0.260
20 	 5 	  0.309 	 -0.000 	  0.200
20 	 6 	  0.203 	 -0.000 	  0.131
20 	 7 	  0.088 	 -0.000 	  0.057
20 	 8 	 -0.030 	 -0.000 	 -0.019
20 	 9 	 -0.146 	 -0.000 	 -0.095
20 	 10 	 -0.257 	 -0.000 	 -0.166
20 	 11 	 -0.358 	 -0.000 	 -0.231
20 	 12 	 -0.443 	 -0.000 	 -0.286
20 	 13 	 -0.511 	 -0.000 	 -0.330
20 	 14 	 -0.557 	 -0.000 	 -0.360
20 	 15 	 -0.581 	 -0.000 	 -0.375
20 	 16 	 -0.581 	  0.000 	 -0.375
20 	 17 	 -0.557 	  0.000 	 -0.360
20 	 18 	 -0.511 	  0.000 	 -0.330
20 	 19 	 -0.443 	  0.000 	 -0.286
20 	 20 	 -0.358 	  0.000 	 -0.231
20 	 21 	 -0.257 	  0.000 	 -0.166
20 	 22 	 -0.146 	  0.000 	 -0.095
20 	 23 	 -0.030 	  0.000 	 -0.019
20 	 24 	  0.088 	  0.000 	  0.057
20 	 25 	  0.203 	  0.000 	  0.131
20 	 26 	  0.309 	  0.000 	  0.200
20 	 27 	  0.402 	  0.000 	  0.260
20 	 28 	  0.479 	  0.000 	  0.310
20 	 29 	  0.537 	  0.000 	  0.347
20 	 30 	  0.572 	  0.000 	  0.370

21 	 0 	  0.420 	 -0.000 	  0.428
21 	 1 	  0.412 	 -0.000 	  0.420
21 	 2 	  0.386 	 -0.000 	  0.394
21 	 3 	  0.345 	 -0.000 	  0.352
21 	 4 	  0.290 	 -0.000 	  0.295
21 	 5 	  0.222 	 -0.000 	  0.227
21 	 6 	  0.146 	 -0.000 	  0.149
21 	 7 	  0.064 	 -0.000 	  0.065
21 	 8 	 -0.021 	 -0.000 	 -0.022
21 	 9 	 -0.105 	 -0.000 	 -0.107
21 	 10 	 -0.185 	 -0.000 	 -0.189
21 	 11 	 -0.257 	 -0.000 	 -0.262
21 	 12 	 -0.319 	 -0.000 	 -0.325
21 	 13 	 -0.367 	 -0.000 	 -0.375
21 	 14 	 -0.401 	 -0.000 	 -0.409
21 	 15 	 -0.418 	 -0.000 	 -0.426
21 	 16 	 -0.418 	  0.000 	 -0.426
21 	 17 	 -0.401 	  0.000 	 -0.409
21 	 18 	 -0.367 	  0.000 	 -0.375
21 	 19 	 -0.319 	  0.000 	 -0.325
21 	 20 	 -0.257 	  0.000 	 -0.262
21 	 21 	 -0.185 	  0.000 	 -0.189
21 	 22 	 -0.105 	  0.000 	 -0.107
21 	 23 	 -0.021 	  0.000 	 -0.022
21 	 24 	  0.064 	  0.000 	  0.065
21 	 25 	  0.146 	  0.000 	  0.149
21 	 26 	  0.222 	  0.000 	  0.227
21 	 27 	  0.290 	  0.000 	  0.295
21 	 28 	  0.345 	  0.000 	  0.352
21 	 29 	  0.386 	  0.000 	  0.394
21 	 30 	  0.412 	  0.000 	  0.420

22 	 0 	  0.239 	 -0.000 	  0.462
22 	 1 	  0.234 	 -0.000 	  0.452
22 	 2 	  0.220 	 -0.000 	  0.424
22 	 3 	  0.196 	 -0.000 	  0.379
22 	 4 	  0.165 	 -0.000 	  0.318
22 	 5 	  0.127 	 -0.000 	  0.244
22 	 6 	  0.083 	 -0.000 	  0.160
22 	 7 	  0.036 	 -0.000 	  0.070
22 	 8 	 -0.012 	 -0.000 	 -0.023
22 	 9 	 -0.060 	 -0.000 	 -0.116
22 	 10 	 -0.105 	 -0.000 	 -0.203
22 	 11 	 -0.146 	 -0.000 	 -0.283
22 	 12 	 -0.181 	 -0.000 	 -0.350
22 	 13 	 -0.209 	 -0.000 	 -0.404
22 	 14 	 -0.228 	 -0.000 	 -0.441
22 	 15 	 -0.238 	 -0.000 	 -0.460
22 	 16 	 -0.238 	  0.000 	 -0.460
22 	 17 	 -0.228 	  0.000 	 -0.441
22 	 18 	 -0.209 	  0.000 	 -0.404
22 	 19 	 -0.181 	  0.000 	 -0.350
22 	 20 	 -0.146 	  0.000 	 -0.283
22 	 21 	 -0.105 	  0.000 	 -0.203
22 	 22 	 -0.060 	  0.000 	 -0.116
22 	 23 	 -0.012 	  0.000 	 -0.023
22 	 24 	  0.036 	  0.000 	  0.070
22 	 25 	  0.083 	  0.000 	  0.160
22 	 26 	  0.127 	  0.000 	  0.244
22 	 27 	  0.165 	  0.000 	  0.318
22 	 28 	  0.196 	  0.000 	  0.379
22 	 29 	  0.220 	  0.000 	  0.424
22 	 30 	  0.234 	  0.000 	  0.452

23 	 0 	  0.048 	 -0.000 	  0.477
23 	 1 	  0.047 	 -0.000 	  0.467
23 	 2 	  0.044 	 -0.000 	  0.438
23 	 3 	  0.040 	 -0.000 	  0.391
23 	 4 	  0.033 	 -0.000 	  0.328
23 	 5 	  0.026 	 -0.000 	  0.252
23 	 6 	  0.017 	 -0.000 	  0.165
23 	 7 	  0.007 	 -0.000 	  0.072
23 	 8 	 -0.002 	 -0.000 	 -0.024
23 	 9 	 -0.012 	 -0.000 	 -0.119
23 	 10 	 -0.021 	 -0.000 	 -0.210
23 	 11 	 -0.030 	 -0.000 	 -0.292
23 	 12 	 -0.037 	 -0.000 	 -0.362
23 	 13 	 -0.042 	 -0.000 	 -0.417
23 	 14 	 -0.046 	 -0.000 	 -0.455
23 	 15 	 -0.048 	 -0.000 	 -0.474
23 	 16 	 -0.048 	  0.000 	 -0.474
23 	 17 	 -0.046 	  0.000 	 -0.455
23 	 18 	 -0.042 	  0.000 	 -0.417
23 	 19 	 -0.037 	  0.000 	 -0.362
23 	 20 	 -0.030 	  0.000 	 -0.292
23 	 21 	 -0.021 	  0.000 	 -0.210
23 	 22 	 -0.012 	  0.000 	 -0.119
23 	 23 	 -0.002 	  0.000 	 -0.024
23 	 24 	  0.007 	  0.000 	  0.072
23 	 25 	  0.017 	  0.000 	  0.165
23 	 26 	  0.026 	  0.000 	  0.252
23 	 27 	  0.033 	  0.000 	  0.328
23 	 28 	  0.040 	  0.000 	  0.391
23 	 29 	  0.044 	  0.000 	  0.438
23 	 30 	  0.047 	  0.000 	  0.467

24 	 0 	 -0.144 	  0.000 	  0.472
24 	 1 	 -0.142 	  0.000 	  0.462
24 	 2 	 -0.133 	  0.000 	  0.433
24 	 3 	 -0.119 	  0.000 	  0.387
24 	 4 	 -0.100 	  0.000 	  0.325
24 	 5 	 -0.076 	  0.000 	  0.249
24 	 6 	 -0.050 	  0.000 	  0.164
24 	 7 	 -0.022 	  0.000 	  0.071
24 	 8 	  0.007 	  0.000 	 -0.024
24 	 9 	  0.036 	  0.000 	 -0.118
24 	 10 	  0.064 	  0.000 	 -0.208
24 	 11 	  0.088 	  0.000 	 -0.289
24 	 12 	  0.110 	  0.000 	 -0.358
24 	 13 	  0.126 	  0.000 	 -0.412
24 	 14 	  0.138 	  0.000 	 -0.450
24 	 15 	  0.144 	  0.000 	 -0.469
24 	 16 	  0.144 	 -0.000 	 -0.469
24 	 17 	  0.138 	 -0.000 	 -0.450
24 	 18 	  0.126 	 -0.000 	 -0.412
24 	 19 	  0.110 	 -0.000 	 -0.358
24 	 20 	  0.088 	 -0.000 	 -0.289
24 	 21 	  0.064 	 -0.000 	 -0.208
24 	 22 	  0.036 	 -0.000 	 -0.118
24 	 23 	  0.007 	 -0.000 	 -0.024
24 	 24 	 -0.022 	 -0.000 	  0.071
24 	 25 	 -0.050 	 -0.000 	  0.164
24 	 26 	 -0.076 	 -0.000 	  0.249
24 	 27 	 -0.100 	 -0.000 	  0.325
24 	 28 	 -0.119 	 -0.000 	  0.387
24 	 29 	 -0.133 	 -0.000 	  0.433
24 	 30 	 -0.142 	 -0.000 	  0.462

25 	 0 	 -0.331 	  0.000 	  0.447
25 	 1 	 -0.325 	  0.000 	  0.438
25 	 2 	 -0.305 	  0.000 	  0.411
25 	 3 	 -0.272 	  0.000 	  0.367
25 	 4 	 -0.228 	  0.000 	  0.308
25 	 5 	 -0.175 	  0.000 	  0.237
25 	 6 	 -0.115 	  0.000 	  0.155
25 	 7 	 -0.050 	  0.000 	  0.068
25 	 8 	  0.017 	  0.000 	 -0.023
25 	 9 	  0.083 	  0.000 	 -0.112
25 	 10 	  0.146 	  0.000 	 -0.197
25 	 11 	  0.203 	  0.000 	 -0.274
25 	 12 	  0.251 	  0.000 	 -0.339
25 	 13 	  0.290 	  0.000 	 -0.391
25 	 14 	  0.316 	  0.000 	 -0.427
25 	 15 	  0.330 	  0.000 	 -0.445
25 	 16 	  0.330 	 -0.000 	 -0.445
25 	 17 	  0.316 	 -0.000 	 -0.427
25 	 18 	  0.290 	 -0.000 	 -0.391
25 	 19 	  0.251 	 -0.000 	 -0.339
25 	 20 	  0.203 	 -0.000 	 -0.274
25 	 21 	  0.146 	 -0.000 	 -0.197
25 	 22 	  0.083 	 -0.000 	 -0.112
25 	 23 	  0.017 	 -0.000 	 -0.023
25 	 24 	 -0.050 	 -0.000 	  0.068
25 	 25 	 -0.115 	 -0.000 	  0.155
25 	 26 	 -0.175 	 -0.000 	  0.237
25 	 27 	 -0.228 	 -0.000 	  0.308
25 	 28 	 -0.272 	 -0.000 	  0.367
25 	 29 	 -0.305 	 -0.000 	  0.411
25 	 30 	 -0.325 	 -0.000 	  0.438

26 	 0 	 -0.505 	  0.000 	  0.405
26 	 1 	 -0.494 	  0.000 	  0.397
26 	 2 	 -0.464 	  0.000 	  0.372
26 	 3 	 -0.414 	  0.000 	  0.332
26 	 4 	 -0.348 	  0.000 	  0.279
26 	 5 	 -0.267 	  0.000 	  0.214
26 	 6 	 -0.175 	  0.000 	  0.141
26 	 7 	 -0.076 	  0.000 	  0.061
26 	 8 	  0.026 	  0.000 	 -0.021
26 	 9 	  0.127 	  0.000 	 -0.101
26 	 10 	  0.222 	  0.000 	 -0.178
26 	 11 	  0.309 	  0.000 	 -0.248
26 	 12 	  0.383 	  0.000 	 -0.307
26 	 13 	  0.441 	  0.000 	 -0.354
26 	 14 	  0.482 	  0.000 	 -0.386
26 	 15 	  0.502 	  0.000 	 -0.403
26 	 16 	  0.502 	 -0.000 	 -0.403
26 	 17 	  0.482 	 -0.000 	 -0.386
26 	 18 	  0.441 	 -0.000 	 -0.354
26 	 19 	  0.383 	 -0.000 	 -0.307
26 	 20 	  0.309 	 -0.000 	 -0.248
26 	 21 	  0.222 	 -0.000 	 -0.178
26 	 22 	  0.127 	 -0.000 	 -0.101
26 	 23 	  0.026 	 -0.000 	 -0.021
26 	 24 	 -0.076 	 -0.000 	  0.061
26 	 25 	 -0.175 	 -0.000 	  0.141
26 	 26 	 -0.267 	 -0.000 	  0.214
26 	 27 	 -0.348 	 -0.000 	  0.279
26 	 28 	 -0.414 	 -0.000 	  0.332
26 	 29 	 -0.464 	 -0.000 	  0.372
26 	 30 	 -0.494 	 -0.000 	  0.397

27 	 0 	 -0.657 	  0.000 	  0.346
27 	 1 	 -0.644 	  0.000 	  0.339
27 	 2 	 -0.604 	  0.000 	  0.318
27 	 3 	 -0.540 	  0.000 	  0.284
27 	 4 	 -0.453 	  0.000 	  0.238
27 	 5 	 -0.348 	  0.000 	  0.183
27 	 6 	 -0.228 	  0.000 	  0.120
27 	 7 	 -0.100 	  0.000 	  0.052
27 	 8 	  0.033 	  0.000 	 -0.018
27 	 9 	  0.165 	  0.000 	 -0.087
27 	 10 	  0.290 	  0.000 	 -0.152
27 	 11 	  0.402 	  0.000 	 -0.212
27 	 12 	  0.499 	  0.000 	 -0.262
27 	 13 	  0.575 	  0.000 	 -0.302
27 	 14 	  0.627 	  0.000 	 -0.330
27 	 15 	  0.654 	  0.000 	 -0.344
27 	 16 	  0.654 	 -0.000 	 -0.344
27 	 17 	  0.627 	 -0.000 	 -0.330
27 	 18 	  0.575 	 -0.000 	 -0.302
27 	 19 	  0.499 	 -0.000 	 -0.262
27 	 20 	  0.402 	 -0.000 	 -0.212
27 	 21 	  0.290 	 -0.000 	 -0.152
27 	 22 	  0.165 	 -0.000 	 -0.087
27 	 23 	  0.033 	 -0.000 	 -0.018
27 	 24 	 -0.100 	 -0.000 	  0.052
27 	 25 	 -0.228 	 -0.000 	  0.120
27 	 26 	 -0.348 	 -0.000 	  0.183
27 	 27 	 -0.453 	 -0.000 	  0.238
27 	 28 	 -0.540 	 -0.000 	  0.284
27 	 29 	 -0.604 	 -0.000 	  0.318
27 	 30 	 -0.644 	 -0.000 	  0.339

28 	 0 	 -0.783 	  0.000 	  0.273
28 	 1 	 -0.767 	  0.000 	  0.267
28 	 2 	 -0.720 	  0.000 	  0.250
28 	 3 	 -0.643 	  0.000 	  0.224
28 	 4 	 -0.540 	  0.000 	  0.188
28 	 5 	 -0.414 	  0.000 	  0.144
28 	 6 	 -0.272 	  0.000 	  0.095
28 	 7 	 -0.119 	  0.000 	  0.041
28 	 8 	  0.040 	  0.000 	 -0.014
28 	 9 	  0.196 	  0.000 	 -0.068
28 	 10 	  0.345 	  0.000 	 -0.120
28 	 11 	  0.479 	  0.000 	 -0.167
28 	 12 	  0.594 	  0.000 	 -0.207
28 	 13 	  0.685 	  0.000 	 -0.238
28 	 14 	  0.747 	  0.000 	 -0.260
28 	 15 	  0.779 	  0.000 	 -0.271
28 	 16 	  0.779 	 -0.000 	 -0.271
28 	 17 	  0.747 	 -0.000 	 -0.260
28 	 18 	  0.685 	 -0.000 	 -0.238
28 	 19 	  0.594 	 -0.000 	 -0.207
28 	 20 	  0.479 	 -0.000 	 -0.167
28 	 21 	  0.345 	 -0.000 	 -0.120
28 	 22 	  0.196 	 -0.000 	 -0.068
28 	 23 	  0.040 	 -0.000 	 -0.014
28 	 24 	 -0.119 	 -0.000 	  0.041
28 	 25 	 -0.272 	 -0.000 	  0.095
28 	 26 	 -0.414 	 -0.000 	  0.144
28 	 27 	 -0.540 	 -0.000 	  0.188
28 	 28 	 -0.643 	 -0.000 	  0.224
28 	 29 	 -0.720 	 -0.000 	  0.250
28 	 30 	 -0.767 	 -0.000 	  0.267

29 	 0 	 -0.877 	  0.000 	  0.188
29 	 1 	 -0.859 	  0.000 	  0.184
29 	 2 	 -0.806 	  0.000 	  0.173
29 	 3 	 -0.720 	  0.000 	  0.154
29 	 4 	 -0.604 	  0.000 	  0.130
29 	 5 	 -0.464 	  0.000 	  0.100
29 	 6 	 -0.305 	  0.000 	  0.065
29 	 7 	 -0.133 	  0.000 	  0.028
29 	 8 	  0.044 	  0.000 	 -0.010
29 	 9 	  0.220 	  0.000 	 -0.047
29 	 10 	  0.386 	  0.000 	 -0.083
29 	 11 	  0.537 	  0.000 	 -0.115
29 	 12 	  0.665 	  0.000 	 -0.143
29 	 13 	  0.767 	  0.000 	 -0.165
29 	 14 	  0.837 	  0.000 	 -0.180
29 	 15 	  0.872 	  0.000 	 -0.187
29 	 16 	  0.872 	 -0.000 	 -0.187
29 	 17 	  0.837 	 -0.000 	 -0.180
29 	 18 	  0.767 	 -0.000 	 -0.165
29 	 19 	  0.665 	 -0.000 	 -0.143
29 	 20 	  0.537 	 -0.000 	 -0.115
29 	 21 	  0.386 	 -0.000 	 -0.083
29 	 22 	  0.220 	 -0.000 	 -0.047
29 	 23 	  0.044 	 -0.000 	 -0.010
29 	 24 	 -0.133 	 -0.000 	  0.028
29 	 25 	 -0.305 	 -0.000 	  0.065
29 	 26 	 -0.464 	 -0.000 	  0.100
29 	 27 	 -0.604 	 -0.000 	  0.130
29 	 28 	 -0.720 	 -0.000 	  0.154
29 	 29 	 -0.806 	 -0.000 	  0.173
29 	 30 	 -0.859 	 -0.000 	  0.184

30 	 0 	 -0.935 	  0.000 	  0.096
30 	 1 	 -0.916 	  0.000 	  0.094
30 	 2 	 -0.859 	  0.000 	  0.088
30 	 3 	 -0.767 	  0.000 	  0.079
30 	 4 	 -0.644 	  0.000 	  0.066
30 	 5 	 -0.494 	  0.000 	  0.051
30 	 6 	 -0.325 	  0.000 	  0.033
30 	 7 	 -0.142 	  0.000 	  0.015
30 	 8 	  0.047 	  0.000 	 -0.005
30 	 9 	  0.234 	  0.000 	 -0.024
30 	 10 	  0.412 	  0.000 	 -0.042
30 	 11 	  0.572 	  0.000 	 -0.059
30 	 12 	  0.709 	  0.000 	 -0.073
30 	 13 	  0.817 	  0.000 	 -0.084
30 	 14 	  0.892 	  0.000 	 -0.092
30 	 15 	  0.930 	  0.000 	 -0.096
30 	 16 	  0.930 	 -0.000 	 -0.096
30 	 17 	  0.892 	 -0.000 	 -0.092
30 	 18 	  0.817 	 -0.000 	 -0.084
30 	 19 	  0.709 	 -0.000 	 -0.073
30 	 20 	  0.572 	 -0.000 	 -0.059
30 	 21 	  0.412 	 -0.000 	 -0.042
30 	 22 	  0.234 	 -0.000 	 -0.024
30 	 23 	  0.047 	 -0.000 	 -0.005
30 	 24 	 -0.142 	 -0.000 	  0.015
30 	 25 	 -0.325 	 -0.000 	  0.033
30 	 26 	 -0.494 	 -0.000 	  0.051
30 	 27 	 -0.644 	 -0.000 	  0.066
30 	 28 	 -0.767 	 -0.000 	  0.079
30 	 29 	 -0.859 	 -0.000 	  0.088
30 	 30 	 -0.916 	 -0.000 	  0.094

