0 	 0 	 -0.935 	  0.000 	 -0.000
0 	 1 	 -0.916 	  0.000 	 -0.000
0 	 2 	 -0.860 	  0.000 	 -0.000
0 	 3 	 -0.768 	  0.000 	 -0.000
0 	 4 	 -0.644 	  0.000 	 -0.000
0 	 5 	 -0.495 	  0.000 	 -0.000
0 	 6 	 -0.325 	  0.000 	 -0.000
0 	 7 	 -0.142 	  0.000 	 -0.000
0 	 8 	  0.047 	  0.000 	  0.000
0 	 9 	  0.234 	  0.000 	  0.000
0 	 10 	  0.412 	  0.000 	  0.000
0 	 11 	  0.573 	  0.000 	  0.000
0 	 12 	  0.710 	  0.000 	  0.000
0 	 13 	  0.818 	  0.000 	  0.000
0 	 14 	  0.892 	  0.000 	  0.000
0 	 15 	  0.931 	  0.000 	  0.000
0 	 16 	  0.931 	 -0.000 	  0.000
0 	 17 	  0.892 	 -0.000 	  0.000
0 	 18 	  0.818 	 -0.000 	  0.000
0 	 19 	  0.710 	 -0.000 	  0.000
0 	 20 	  0.573 	 -0.000 	  0.000
0 	 21 	  0.412 	 -0.000 	  0.000
0 	 22 	  0.234 	 -0.000 	  0.000
0 	 23 	  0.047 	 -0.000 	  0.000
0 	 24 	 -0.142 	 -0.000 	 -0.000
0 	 25 	 -0.325 	 -0.000 	 -0.000
0 	 26 	 -0.495 	 -0.000 	 -0.000
0 	 27 	 -0.644 	 -0.000 	 -0.000
0 	 28 	 -0.768 	 -0.000 	 -0.000
0 	 29 	 -0.860 	 -0.000 	 -0.000
0 	 30 	 -0.916 	 -0.000 	 -0.000

1 	 0 	 -0.916 	  0.000 	 -0.094
1 	 1 	 -0.897 	  0.000 	 -0.092
1 	 2 	 -0.842 	  0.000 	 -0.087
1 	 3 	 -0.752 	  0.000 	 -0.077
1 	 4 	 -0.631 	  0.000 	 -0.065
1 	 5 	 -0.485 	  0.000 	 -0.050
1 	 6 	 -0.318 	  0.000 	 -0.033
1 	 7 	 -0.139 	  0.000 	 -0.014
1 	 8 	  0.046 	  0.000 	  0.005
1 	 9 	  0.230 	  0.000 	  0.024
1 	 10 	  0.403 	  0.000 	  0.041
1 	 11 	  0.561 	  0.000 	  0.058
1 	 12 	  0.695 	  0.000 	  0.071
1 	 13 	  0.801 	  0.000 	  0.082
1 	 14 	  0.874 	  0.000 	  0.090
1 	 15 	  0.911 	  0.000 	  0.094
1 	 16 	  0.911 	 -0.000 	  0.094
1 	 17 	  0.874 	 -0.000 	  0.090
1 	 18 	  0.801 	 -0.000 	  0.082
1 	 19 	  0.695 	 -0.000 	  0.071
1 	 20 	  0.561 	 -0.000 	  0.058
1 	 21 	  0.403 	 -0.000 	  0.041
1 	 22 	  0.230 	 -0.000 	  0.024
1 	 23 	  0.046 	 -0.000 	  0.005
1 	 24 	 -0.139 	 -0.000 	 -0.014
1 	 25 	 -0.318 	 -0.000 	 -0.033
1 	 26 	 -0.485 	 -0.000 	 -0.050
1 	 27 	 -0.631 	 -0.000 	 -0.065
1 	 28 	 -0.752 	 -0.000 	 -0.077
1 	 29 	 -0.842 	 -0.000 	 -0.087
1 	 30 	 -0.897 	 -0.000 	 -0.092

2 	 0 	 -0.860 	  0.000 	 -0.184
2 	 1 	 -0.842 	  0.000 	 -0.181
2 	 2 	 -0.790 	  0.000 	 -0.169
2 	 3 	 -0.705 	  0.000 	 -0.151
2 	 4 	 -0.592 	  0.000 	 -0.127
2 	 5 	 -0.455 	  0.000 	 -0.098
2 	 6 	 -0.299 	  0.000 	 -0.064
2 	 7 	 -0.130 	  0.000 	 -0.028
2 	 8 	  0.044 	  0.000 	  0.009
2 	 9 	  0.215 	  0.000 	  0.046
2 	 10 	  0.379 	  0.000 	  0.081
2 	 11 	  0.526 	  0.000 	  0.113
2 	 12 	  0.652 	  0.000 	  0.140
2 	 13 	  0.752 	  0.000 	  0.161
2 	 14 	  0.820 	  0.000 	  0.176
2 	 15 	  0.855 	  0.000 	  0.183
2 	 16 	  0.855 	 -0.000 	  0.183
2 	 17 	  0.820 	 -0.000 	  0.176
2 	 18 	  0.752 	 -0.000 	  0.161
2 	 19 	  0.652 	 -0.000 	  0.140
2 	 20 	  0.526 	 -0.000 	  0.113
2 	 21 	  0.379 	 -0.000 	  0.081
2 	 22 	  0.215 	 -0.000 	  0.046
2 	 23 	  0.044 	 -0.000 	  0.009
2 	 24 	 -0.130 	 -0.000 	 -0.028
2 	 25 	 -0.299 	 -0.000 	 -0.064
2 	 26 	 -0.455 	 -0.000 	 -0.098
2 	 27 	 -0.592 	 -0.000 	 -0.127
2 	 28 	 -0.705 	 -0.000 	 -0.151
2 	 29 	 -0.790 	 -0.000 	 -0.169
2 	 30 	 -0.842 	 -0.000 	 -0.181

3 	 0 	 -0.768 	  0.000 	 -0.267
3 	 1 	 -0.752 	  0.000 	 -0.262
3 	 2 	 -0.705 	  0.000 	 -0.246
3 	 3 	 -0.630 	  0.000 	 -0.219
3 	 4 	 -0.529 	  0.000 	 -0.184
3 	 5 	 -0.406 	  0.000 	 -0.141
3 	 6 	 -0.267 	  0.000 	 -0.093
3 	 7 	 -0.116 	  0.000 	 -0.040
3 	 8 	  0.039 	  0.000 	  0.014
3 	 9 	  0.192 	  0.000 	  0.067
3 	 10 	  0.338 	  0.000 	  0.118
3 	 11 	  0.470 	  0.000 	  0.164
3 	 12 	  0.582 	  0.000 	  0.203
3 	 13 	  0.671 	  0.000 	  0.234
3 	 14 	  0.732 	  0.000 	  0.255
3 	 15 	  0.764 	  0.000 	  0.266
3 	 16 	  0.764 	 -0.000 	  0.266
3 	 17 	  0.732 	 -0.000 	  0.255
3 	 18 	  0.671 	 -0.000 	  0.234
3 	 19 	  0.582 	 -0.000 	  0.203
3 	 20 	  0.470 	 -0.000 	  0.164
3 	 21 	  0.338 	 -0.000 	  0.118
3 	 22 	  0.192 	 -0.000 	  0.067
3 	 23 	  0.039 	 -0.000 	  0.014
3 	 24 	 -0.116 	 -0.000 	 -0.040
3 	 25 	 -0.267 	 -0.000 	 -0.093
3 	 26 	 -0.406 	 -0.000 	 -0.141
3 	 27 	 -0.529 	 -0.000 	 -0.184
3 	 28 	 -0.630 	 -0.000 	 -0.219
3 	 29 	 -0.705 	 -0.000 	 -0.246
3 	 30 	 -0.752 	 -0.000 	 -0.262

4 	 0 	 -0.644 	  0.000 	 -0.339
4 	 1 	 -0.631 	  0.000 	 -0.332
4 	 2 	 -0.592 	  0.000 	 -0.311
4 	 3 	 -0.529 	  0.000 	 -0.278
4 	 4 	 -0.444 	  0.000 	 -0.234
4 	 5 	 -0.341 	  0.000 	 -0.179
4 	 6 	 -0.224 	  0.000 	 -0.118
4 	 7 	 -0.098 	  0.000 	 -0.051
4 	 8 	  0.033 	  0.000 	  0.017
4 	 9 	  0.162 	  0.000 	  0.085
4 	 10 	  0.284 	  0.000 	  0.149
4 	 11 	  0.394 	  0.000 	  0.207
4 	 12 	  0.489 	  0.000 	  0.257
4 	 13 	  0.563 	  0.000 	  0.296
4 	 14 	  0.615 	  0.000 	  0.323
4 	 15 	  0.641 	  0.000 	  0.337
4 	 16 	  0.641 	 -0.000 	  0.337
4 	 17 	  0.615 	 -0.000 	  0.323
4 	 18 	  0.563 	 -0.000 	  0.296
4 	 19 	  0.489 	 -0.000 	  0.257
4 	 20 	  0.394 	 -0.000 	  0.207
4 	 21 	  0.284 	 -0.000 	  0.149
4 	 22 	  0.162 	 -0.000 	  0.085
4 	 23 	  0.033 	 -0.000 	  0.017
4 	 24 	 -0.098 	 -0.000 	 -0.051
4 	 25 	 -0.224 	 -0.000 	 -0.118
4 	 26 	 -0.341 	 -0.000 	 -0.179
4 	 27 	 -0.444 	 -0.000 	 -0.234
4 	 28 	 -0.529 	 -0.000 	 -0.278
4 	 29 	 -0.592 	 -0.000 	 -0.311
4 	 30 	 -0.631 	 -0.000 	 -0.332

5 	 0 	 -0.495 	  0.000 	 -0.397
5 	 1 	 -0.485 	  0.000 	 -0.389
5 	 2 	 -0.455 	  0.000 	 -0.365
5 	 3 	 -0.406 	  0.000 	 -0.326
5 	 4 	 -0.341 	  0.000 	 -0.273
5 	 5 	 -0.262 	  0.000 	 -0.210
5 	 6 	 -0.172 	  0.000 	 -0.138
5 	 7 	 -0.075 	  0.000 	 -0.060
5 	 8 	  0.025 	  0.000 	  0.020
5 	 9 	  0.124 	  0.000 	  0.099
5 	 10 	  0.218 	  0.000 	  0.175
5 	 11 	  0.303 	  0.000 	  0.243
5 	 12 	  0.375 	  0.000 	  0.301
5 	 13 	  0.433 	  0.000 	  0.347
5 	 14 	  0.472 	  0.000 	  0.379
5 	 15 	  0.492 	  0.000 	  0.395
5 	 16 	  0.492 	 -0.000 	  0.395
5 	 17 	  0.472 	 -0.000 	  0.379
5 	 18 	  0.433 	 -0.000 	  0.347
5 	 19 	  0.375 	 -0.000 	  0.301
5 	 20 	  0.303 	 -0.000 	  0.243
5 	 21 	  0.218 	 -0.000 	  0.175
5 	 22 	  0.124 	 -0.000 	  0.099
5 	 23 	  0.025 	 -0.000 	  0.020
5 	 24 	 -0.075 	 -0.000 	 -0.060
5 	 25 	 -0.172 	 -0.000 	 -0.138
5 	 26 	 -0.262 	 -0.000 	 -0.210
5 	 27 	 -0.341 	 -0.000 	 -0.273
5 	 28 	 -0.406 	 -0.000 	 -0.326
5 	 29 	 -0.455 	 -0.000 	 -0.365
5 	 30 	 -0.485 	 -0.000 	 -0.389

6 	 0 	 -0.325 	  0.000 	 -0.439
6 	 1 	 -0.318 	  0.000 	 -0.430
6 	 2 	 -0.299 	  0.000 	 -0.403
6 	 3 	 -0.267 	  0.000 	 -0.360
6 	 4 	 -0.224 	  0.000 	 -0.302
6 	 5 	 -0.172 	  0.000 	 -0.232
6 	 6 	 -0.113 	  0.000 	 -0.152
6 	 7 	 -0.049 	  0.000 	 -0.066
6 	 8 	  0.016 	  0.000 	  0.022
6 	 9 	  0.081 	  0.000 	  0.110
6 	 10 	  0.143 	  0.000 	  0.193
6 	 11 	  0.199 	  0.000 	  0.268
6 	 12 	  0.246 	  0.000 	  0.333
6 	 13 	  0.284 	  0.000 	  0.383
6 	 14 	  0.310 	  0.000 	  0.418
6 	 15 	  0.323 	  0.000 	  0.436
6 	 16 	  0.323 	 -0.000 	  0.436
6 	 17 	  0.310 	 -0.000 	  0.418
6 	 18 	  0.284 	 -0.000 	  0.383
6 	 19 	  0.246 	 -0.000 	  0.333
6 	 20 	  0.199 	 -0.000 	  0.268
6 	 21 	  0.143 	 -0.000 	  0.193
6 	 22 	  0.081 	 -0.000 	  0.110
6 	 23 	  0.016 	 -0.000 	  0.022
6 	 24 	 -0.049 	 -0.000 	 -0.066
6 	 25 	 -0.113 	 -0.000 	 -0.152
6 	 26 	 -0.172 	 -0.000 	 -0.232
6 	 27 	 -0.224 	 -0.000 	 -0.302
6 	 28 	 -0.267 	 -0.000 	 -0.360
6 	 29 	 -0.299 	 -0.000 	 -0.403
6 	 30 	 -0.318 	 -0.000 	 -0.430

7 	 0 	 -0.142 	  0.000 	 -0.462
7 	 1 	 -0.139 	  0.000 	 -0.453
7 	 2 	 -0.130 	  0.000 	 -0.425
7 	 3 	 -0.116 	  0.000 	 -0.379
7 	 4 	 -0.098 	  0.000 	 -0.318
7 	 5 	 -0.075 	  0.000 	 -0.245
7 	 6 	 -0.049 	  0.000 	 -0.161
7 	 7 	 -0.021 	  0.000 	 -0.070
7 	 8 	  0.007 	  0.000 	  0.023
7 	 9 	  0.036 	  0.000 	  0.116
7 	 10 	  0.062 	  0.000 	  0.204
7 	 11 	  0.087 	  0.000 	  0.283
7 	 12 	  0.107 	  0.000 	  0.351
7 	 13 	  0.124 	  0.000 	  0.404
7 	 14 	  0.135 	  0.000 	  0.441
7 	 15 	  0.141 	  0.000 	  0.460
7 	 16 	  0.141 	 -0.000 	  0.460
7 	 17 	  0.135 	 -0.000 	  0.441
7 	 18 	  0.124 	 -0.000 	  0.404
7 	 19 	  0.107 	 -0.000 	  0.351
7 	 20 	  0.087 	 -0.000 	  0.283
7 	 21 	  0.062 	 -0.000 	  0.204
7 	 22 	  0.036 	 -0.000 	  0.116
7 	 23 	  0.007 	 -0.000 	  0.023
7 	 24 	 -0.021 	 -0.000 	 -0.070
7 	 25 	 -0.049 	 -0.000 	 -0.161
7 	 26 	 -0.075 	 -0.000 	 -0.245
7 	 27 	 -0.098 	 -0.000 	 -0.318
7 	 28 	 -0.116 	 -0.000 	 -0.379
7 	 29 	 -0.130 	 -0.000 	 -0.425
7 	 30 	 -0.139 	 -0.000 	 -0.453

8 	 0 	  0.047 	 -0.000 	 -0.467
8 	 1 	  0.046 	 -0.000 	 -0.458
8 	 2 	  0.044 	 -0.000 	 -0.429
8 	 3 	  0.039 	 -0.000 	 -0.383
8 	 4 	  0.033 	 -0.000 	 -0.322
8 	 5 	  0.025 	 -0.000 	 -0.247
8 	 6 	  0.016 	 -0.000 	 -0.162
8 	 7 	  0.007 	 -0.000 	 -0.071
8 	 8 	 -0.002 	 -0.000 	  0.024
8 	 9 	 -0.012 	 -0.000 	  0.117
8 	 10 	 -0.021 	 -0.000 	  0.206
8 	 11 	 -0.029 	 -0.000 	  0.286
8 	 12 	 -0.036 	 -0.000 	  0.354
8 	 13 	 -0.041 	 -0.000 	  0.408
8 	 14 	 -0.045 	 -0.000 	  0.446
8 	 15 	 -0.047 	 -0.000 	  0.465
8 	 16 	 -0.047 	  0.000 	  0.465
8 	 17 	 -0.045 	  0.000 	  0.446
8 	 18 	 -0.041 	  0.000 	  0.408
8 	 19 	 -0.036 	  0.000 	  0.354
8 	 20 	 -0.029 	  0.000 	  0.286
8 	 21 	 -0.021 	  0.000 	  0.206
8 	 22 	 -0.012 	  0.000 	  0.117
8 	 23 	 -0.002 	  0.000 	  0.024
8 	 24 	  0.007 	  0.000 	 -0.071
8 	 25 	  0.016 	  0.000 	 -0.162
8 	 26 	  0.025 	  0.000 	 -0.247
8 	 27 	  0.033 	  0.000 	 -0.322
8 	 28 	  0.039 	  0.000 	 -0.383
8 	 29 	  0.044 	  0.000 	 -0.429
8 	 30 	  0.046 	  0.000 	 -0.458

9 	 0 	  0.234 	 -0.000 	 -0.453
9 	 1 	  0.230 	 -0.000 	 -0.443
9 	 2 	  0.215 	 -0.000 	 -0.416
9 	 3 	  0.192 	 -0.000 	 -0.372
9 	 4 	  0.162 	 -0.000 	 -0.312
9 	 5 	  0.124 	 -0.000 	 -0.239
9 	 6 	  0.081 	 -0.000 	 -0.157
9 	 7 	  0.036 	 -0.000 	 -0.069
9 	 8 	 -0.012 	 -0.000 	  0.023
9 	 9 	 -0.059 	 -0.000 	  0.113
9 	 10 	 -0.103 	 -0.000 	  0.199
9 	 11 	 -0.144 	 -0.000 	  0.277
9 	 12 	 -0.178 	 -0.000 	  0.344
9 	 13 	 -0.205 	 -0.000 	  0.396
9 	 14 	 -0.224 	 -0.000 	  0.432
9 	 15 	 -0.233 	 -0.000 	  0.450
9 	 16 	 -0.233 	  0.000 	  0.450
9 	 17 	 -0.224 	  0.000 	  0.432
9 	 18 	 -0.205 	  0.000 	  0.396
9 	 19 	 -0.178 	  0.000 	  0.344
9 	 20 	 -0.144 	  0.000 	  0.277
9 	 21 	 -0.103 	  0.000 	  0.199
9 	 22 	 -0.059 	  0.000 	  0.113
9 	 23 	 -0.012 	  0.000 	  0.023
9 	 24 	  0.036 	  0.000 	 -0.069
9 	 25 	  0.081 	  0.000 	 -0.157
9 	 26 	  0.124 	  0.000 	 -0.239
9 	 27 	  0.162 	  0.000 	 -0.312
9 	 28 	  0.192 	  0.000 	 -0.372
9 	 29 	  0.215 	  0.000 	 -0.416
9 	 30 	  0.230 	  0.000 	 -0.443

10 	 0 	  0.412 	 -0.000 	 -0.420
10 	 1 	  0.403 	 -0.000 	 -0.411
10 	 2 	  0.379 	 -0.000 	 -0.386
10 	 3 	  0.338 	 -0.000 	 -0.345
10 	 4 	  0.284 	 -0.000 	 -0.289
10 	 5 	  0.218 	 -0.000 	 -0.222
10 	 6 	  0.143 	 -0.000 	 -0.146
10 	 7 	  0.062 	 -0.000 	 -0.064
10 	 8 	 -0.021 	 -0.000 	  0.021
10 	 9 	 -0.103 	 -0.000 	  0.105
10 	 10 	 -0.181 	 -0.000 	  0.185
10 	 11 	 -0.252 	 -0.000 	  0.257
10 	 12 	 -0.313 	 -0.000 	  0.319
10 	 13 	 -0.360 	 -0.000 	  0.367
10 	 14 	 -0.393 	 -0.000 	  0.401
10 	 15 	 -0.410 	 -0.000 	  0.418
10 	 16 	 -0.410 	  0.000 	  0.418
10 	 17 	 -0.393 	  0.000 	  0.401
10 	 18 	 -0.360 	  0.000 	  0.367
10 	 19 	 -0.313 	  0.000 	  0.319
10 	 20 	 -0.252 	  0.000 	  0.257
10 	 21 	 -0.181 	  0.000 	  0.185
10 	 22 	 -0.103 	  0.000 	  0.105
10 	 23 	 -0.021 	  0.000 	  0.021
10 	 24 	  0.062 	  0.000 	 -0.064
10 	 25 	  0.143 	  0.000 	 -0.146
10 	 26 	  0.218 	  0.000 	 -0.222
10 	 27 	  0.284 	  0.000 	 -0.289
10 	 28 	  0.338 	  0.000 	 -0.345
10 	 29 	  0.379 	  0.000 	 -0.386
10 	 30 	  0.403 	  0.000 	 -0.411

11 	 0 	  0.573 	 -0.000 	 -0.370
11 	 1 	  0.561 	 -0.000 	 -0.362
11 	 2 	  0.526 	 -0.000 	 -0.340
11 	 3 	  0.470 	 -0.000 	 -0.304
11 	 4 	  0.394 	 -0.000 	 -0.255
11 	 5 	  0.303 	 -0.000 	 -0.196
11 	 6 	  0.199 	 -0.000 	 -0.128
11 	 7 	  0.087 	 -0.000 	 -0.056
11 	 8 	 -0.029 	 -0.000 	  0.019
11 	 9 	 -0.144 	 -0.000 	  0.093
11 	 10 	 -0.252 	 -0.000 	  0.163
11 	 11 	 -0.350 	 -0.000 	  0.226
11 	 12 	 -0.434 	 -0.000 	  0.281
11 	 13 	 -0.501 	 -0.000 	  0.323
11 	 14 	 -0.546 	 -0.000 	  0.353
11 	 15 	 -0.570 	 -0.000 	  0.368
11 	 16 	 -0.570 	  0.000 	  0.368
11 	 17 	 -0.546 	  0.000 	  0.353
11 	 18 	 -0.501 	  0.000 	  0.323
11 	 19 	 -0.434 	  0.000 	  0.281
11 	 20 	 -0.350 	  0.000 	  0.226
11 	 21 	 -0.252 	  0.000 	  0.163
11 	 22 	 -0.144 	  0.000 	  0.093
11 	 23 	 -0.029 	  0.000 	  0.019
11 	 24 	  0.087 	  0.000 	 -0.056
11 	 25 	  0.199 	  0.000 	 -0.128
11 	 26 	  0.303 	  0.000 	 -0.196
11 	 27 	  0.394 	  0.000 	 -0.255
11 	 28 	  0.470 	  0.000 	 -0.304
11 	 29 	  0.526 	  0.000 	 -0.340
11 	 30 	  0.561 	  0.000 	 -0.362

12 	 0 	  0.710 	 -0.000 	 -0.305
12 	 1 	  0.695 	 -0.000 	 -0.298
12 	 2 	  0.652 	 -0.000 	 -0.280
12 	 3 	  0.582 	 -0.000 	 -0.250
12 	 4 	  0.489 	 -0.000 	 -0.210
12 	 5 	  0.375 	 -0.000 	 -0.161
12 	 6 	  0.246 	 -0.000 	 -0.106
12 	 7 	  0.107 	 -0.000 	 -0.046
12 	 8 	 -0.036 	 -0.000 	  0.015
12 	 9 	 -0.178 	 -0.000 	  0.076
12 	 10 	 -0.313 	 -0.000 	  0.134
12 	 11 	 -0.434 	 -0.000 	  0.186
12 	 12 	 -0.538 	 -0.000 	  0.231
12 	 13 	 -0.621 	 -0.000 	  0.266
12 	 14 	 -0.677 	 -0.000 	  0.291
12 	 15 	 -0.706 	 -0.000 	  0.303
12 	 16 	 -0.706 	  0.000 	  0.303
12 	 17 	 -0.677 	  0.000 	  0.291
12 	 18 	 -0.621 	  0.000 	  0.266
12 	 19 	 -0.538 	  0.000 	  0.231
12 	 20 	 -0.434 	  0.000 	  0.186
12 	 21 	 -0.313 	  0.000 	  0.134
12 	 22 	 -0.178 	  0.000 	  0.076
12 	 23 	 -0.036 	  0.000 	  0.015
12 	 24 	  0.107 	  0.000 	 -0.046
12 	 25 	  0.246 	  0.000 	 -0.106
12 	 26 	  0.375 	  0.000 	 -0.161
12 	 27 	  0.489 	  0.000 	 -0.210
12 	 28 	  0.582 	  0.000 	 -0.250
12 	 29 	  0.652 	  0.000 	 -0.280
12 	 30 	  0.695 	  0.000 	 -0.298

13 	 0 	  0.818 	 -0.000 	 -0.227
13 	 1 	  0.801 	 -0.000 	 -0.222
13 	 2 	  0.752 	 -0.000 	 -0.209
13 	 3 	  0.671 	 -0.000 	 -0.186
13 	 4 	  0.563 	 -0.000 	 -0.156
13 	 5 	  0.433 	 -0.000 	 -0.120
13 	 6 	  0.284 	 -0.000 	 -0.079
13 	 7 	  0.124 	 -0.000 	 -0.034
13 	 8 	 -0.041 	 -0.000 	  0.011
13 	 9 	 -0.205 	 -0.000 	  0.057
13 	 10 	 -0.360 	 -0.000 	  0.100
13 	 11 	 -0.501 	 -0.000 	  0.139
13 	 12 	 -0.621 	 -0.000 	  0.172
13 	 13 	 -0.715 	 -0.000 	  0.198
13 	 14 	 -0.780 	 -0.000 	  0.217
13 	 15 	 -0.814 	 -0.000 	  0.226
13 	 16 	 -0.814 	  0.000 	  0.226
13 	 17 	 -0.780 	  0.000 	  0.217
13 	 18 	 -0.715 	  0.000 	  0.198
13 	 19 	 -0.621 	  0.000 	  0.172
13 	 20 	 -0.501 	  0.000 	  0.139
13 	 21 	 -0.360 	  0.000 	  0.100
13 	 22 	 -0.205 	  0.000 	  0.057
13 	 23 	 -0.041 	  0.000 	  0.011
13 	 24 	  0.124 	  0.000 	 -0.034
13 	 25 	  0.284 	  0.000 	 -0.079
13 	 26 	  0.433 	  0.000 	 -0.120
13 	 27 	  0.563 	  0.000 	 -0.156
13 	 28 	  0.671 	  0.000 	 -0.186
13 	 29 	  0.752 	  0.000 	 -0.209
13 	 30 	  0.801 	  0.000 	 -0.222

14 	 0 	  0.892 	 -0.000 	 -0.140
14 	 1 	  0.874 	 -0.000 	 -0.137
14 	 2 	  0.820 	 -0.000 	 -0.129
14 	 3 	  0.732 	 -0.000 	 -0.115
14 	 4 	  0.615 	 -0.000 	 -0.096
14 	 5 	  0.472 	 -0.000 	 -0.074
14 	 6 	  0.310 	 -0.000 	 -0.049
14 	 7 	  0.135 	 -0.000 	 -0.021
14 	 8 	 -0.045 	 -0.000 	  0.007
14 	 9 	 -0.224 	 -0.000 	  0.035
14 	 10 	 -0.393 	 -0.000 	  0.062
14 	 11 	 -0.546 	 -0.000 	  0.086
14 	 12 	 -0.677 	 -0.000 	  0.106
14 	 13 	 -0.780 	 -0.000 	  0.122
14 	 14 	 -0.852 	 -0.000 	  0.134
14 	 15 	 -0.888 	 -0.000 	  0.139
14 	 16 	 -0.888 	  0.000 	  0.139
14 	 17 	 -0.852 	  0.000 	  0.134
14 	 18 	 -0.780 	  0.000 	  0.122
14 	 19 	 -0.677 	  0.000 	  0.106
14 	 20 	 -0.546 	  0.000 	  0.086
14 	 21 	 -0.393 	  0.000 	  0.062
14 	 22 	 -0.224 	  0.000 	  0.035
14 	 23 	 -0.045 	  0.000 	  0.007
14 	 24 	  0.135 	  0.000 	 -0.021
14 	 25 	  0.310 	  0.000 	 -0.049
14 	 26 	  0.472 	  0.000 	 -0.074
14 	 27 	  0.615 	  0.000 	 -0.096
14 	 28 	  0.732 	  0.000 	 -0.115
14 	 29 	  0.820 	  0.000 	 -0.129
14 	 30 	  0.874 	  0.000 	 -0.137

15 	 0 	  0.931 	 -0.000 	 -0.047
15 	 1 	  0.911 	 -0.000 	 -0.046
15 	 2 	  0.855 	 -0.000 	 -0.043
15 	 3 	  0.764 	 -0.000 	 -0.039
15 	 4 	  0.641 	 -0.000 	 -0.033
15 	 5 	  0.492 	 -0.000 	 -0.025
15 	 6 	  0.323 	 -0.000 	 -0.016
15 	 7 	  0.141 	 -0.000 	 -0.007
15 	 8 	 -0.047 	 -0.000 	  0.002
15 	 9 	 -0.233 	 -0.000 	  0.012
15 	 10 	 -0.410 	 -0.000 	  0.021
15 	 11 	 -0.570 	 -0.000 	  0.029
15 	 12 	 -0.706 	 -0.000 	  0.036
15 	 13 	 -0.814 	 -0.000 	  0.041
15 	 14 	 -0.888 	 -0.000 	  0.045
15 	 15 	 -0.926 	 -0.000 	  0.047
15 	 16 	 -0.926 	  0.000 	  0.047
15 	 17 	 -0.888 	  0.000 	  0.045
15 	 18 	 -0.814 	  0.000 	  0.041
15 	 19 	 -0.706 	  0.000 	  0.036
15 	 20 	 -0.570 	  0.000 	  0.029
15 	 21 	 -0.410 	  0.000 	  0.021
15 	 22 	 -0.233 	  0.000 	  0.012
15 	 23 	 -0.047 	  0.000 	  0.002
15 	 24 	  0.141 	  0.000 	 -0.007
15 	 25 	  0.323 	  0.000 	 -0.016
15 	 26 	  0.492 	  0.000 	 -0.025
15 	 27 	  0.641 	  0.000 	 -0.033
15 	 28 	  0.764 	  0.000 	 -0.039
15 	 29 	  0.855 	  0.000 	 -0.043
15 	 30 	  0.911 	  0.000 	 -0.046

16 	 0 	  0.931 	 -0.000 	  0.047
16 	 1 	  0.911 	 -0.000 	  0.046
16 	 2 	  0.855 	 -0.000 	  0.043
16 	 3 	  0.764 	 -0.000 	  0.039
16 	 4 	  0.641 	 -0.000 	  0.033
16 	 5 	  0.492 	 -0.000 	  0.025
16 	 6 	  0.323 	 -0.000 	  0.016
16 	 7 	  0.141 	 -0.000 	  0.007
16 	 8 	 -0.047 	 -0.000 	 -0.002
16 	 9 	 -0.233 	 -0.000 	 -0.012
16 	 10 	 -0.410 	 -0.000 	 -0.021
16 	 11 	 -0.570 	 -0.000 	 -0.029
16 	 12 	 -0.706 	 -0.000 	 -0.036
16 	 13 	 -0.814 	 -0.000 	 -0.041
16 	 14 	 -0.888 	 -0.000 	 -0.045
16 	 15 	 -0.926 	 -0.000 	 -0.047
16 	 16 	 -0.926 	  0.000 	 -0.047
16 	 17 	 -0.888 	  0.000 	 -0.045
16 	 18 	 -0.814 	  0.000 	 -0.041
16 	 19 	 -0.706 	  0.000 	 -0.036
16 	 20 	 -0.570 	  0.000 	 -0.029
16 	 21 	 -0.410 	  0.000 	 -0.021
16 	 22 	 -0.233 	  0.000 	 -0.012
16 	 23 	 -0.047 	  0.000 	 -0.002
16 	 24 	  0.141 	  0.000 	  0.007
16 	 25 	  0.323 	  0.000 	  0.016
16 	 26 	  0.492 	  0.000 	  0.025
16 	 27 	  0.641 	  0.000 	  0.033
16 	 28 	  0.764 	  0.000 	  0.039
16 	 29 	  0.855 	  0.000 	  0.043
16 	 30 	  0.911 	  0.000 	  0.046

17 	 0 	  0.892 	 -0.000 	  0.140
17 	 1 	  0.874 	 -0.000 	  0.137
17 	 2 	  0.820 	 -0.000 	  0.129
17 	 3 	  0.732 	 -0.000 	  0.115
17 	 4 	  0.615 	 -0.000 	  0.096
17 	 5 	  0.472 	 -0.000 	  0.074
17 	 6 	  0.310 	 -0.000 	  0.049
17 	 7 	  0.135 	 -0.000 	  0.021
17 	 8 	 -0.045 	 -0.000 	 -0.007
17 	 9 	 -0.224 	 -0.000 	 -0.035
17 	 10 	 -0.393 	 -0.000 	 -0.062
17 	 11 	 -0.546 	 -0.000 	 -0.086
17 	 12 	 -0.677 	 -0.000 	 -0.106
17 	 13 	 -0.780 	 -0.000 	 -0.122
17 	 14 	 -0.852 	 -0.000 	 -0.134
17 	 15 	 -0.888 	 -0.000 	 -0.139
17 	 16 	 -0.888 	  0.000 	 -0.139
17 	 17 	 -0.852 	  0.000 	 -0.134
17 	 18 	 -0.780 	  0.000 	 -0.122
17 	 19 	 -0.677 	  0.000 	 -0.106
17 	 20 	 -0.546 	  0.000 	 -0.086
17 	 21 	 -0.393 	  0.000 	 -0.062
17 	 22 	 -0.224 	  0.000 	 -0.035
17 	 23 	 -0.045 	  0.000 	 -0.007
17 	 24 	  0.135 	  0.000 	  0.021
17 	 25 	  0.310 	  0.000 	  0.049
17 	 26 	  0.472 	  0.000 	  0.074
17 	 27 	  0.615 	  0.000 	  0.096
17 	 28 	  0.732 	  0.000 	  0.115
17 	 29 	  0.820 	  0.000 	  0.129
17 	 30 	  0.874 	  0.000 	  0.137

18 	 0 	  0.818 	 -0.000 	  0.227
18 	 1 	  0.801 	 -0.000 	  0.222
18 	 2 	  0.752 	 -0.000 	  0.209
18 	 3 	  0.671 	 -0.000 	  0.186
18 	 4 	  0.563 	 -0.000 	  0.156
18 	 5 	  0.433 	 -0.000 	  0.120
18 	 6 	  0.284 	 -0.000 	  0.079
18 	 7 	  0.124 	 -0.000 	  0.034
18 	 8 	 -0.041 	 -0.000 	 -0.011
18 	 9 	 -0.205 	 -0.000 	 -0.057
18 	 10 	 -0.360 	 -0.000 	 -0.100
18 	 11 	 -0.501 	 -0.000 	 -0.139
18 	 12 	 -0.621 	 -0.000 	 -0.172
18 	 13 	 -0.715 	 -0.000 	 -0.198
18 	 14 	 -0.780 	 -0.000 	 -0.217
18 	 15 	 -0.814 	 -0.000 	 -0.226
18 	 16 	 -0.814 	  0.000 	 -0.226
18 	 17 	 -0.780 	  0.000 	 -0.217
18 	 18 	 -0.715 	  0.000 	 -0.198
18 	 19 	 -0.621 	  0.000 	 -0.172
18 	 20 	 -0.501 	  0.000 	 -0.139
18 	 21 	 -0.360 	  0.000 	 -0.100
18 	 22 	 -0.205 	  0.000 	 -0.057
18 	 23 	 -0.041 	  0.000 	 -0.011
18 	 24 	  0.124 	  0.000 	  0.034
18 	 25 	  0.284 	  0.000 	  0.079
18 	 26 	  0.433 	  0.000 	  0.120
18 	 27 	  0.563 	  0.000 	  0.156
18 	 28 	  0.671 	  0.000 	  0.186
18 	 29 	  0.752 	  0.000 	  0.209
18 	 30 	  0.801 	  0.000 	  0.222

19 	 0 	  0.710 	 -0.000 	  0.305
19 	 1 	  0.695 	 -0.000 	  0.298
19 	 2 	  0.652 	 -0.000 	  0.280
19 	 3 	  0.582 	 -0.000 	  0.250
19 	 4 	  0.489 	 -0.000 	  0.210
19 	 5 	  0.375 	 -0.000 	  0.161
19 	 6 	  0.246 	 -0.000 	  0.106
19 	 7 	  0.107 	 -0.000 	  0.046
19 	 8 	 -0.036 	 -0.000 	 -0.015
19 	 9 	 -0.178 	 -0.000 	 -0.076
19 	 10 	 -0.313 	 -0.000 	 -0.134
19 	 11 	 -0.434 	 -0.000 	 -0.186
19 	 12 	 -0.538 	 -0.000 	 -0.231
19 	 13 	 -0.621 	 -0.000 	 -0.266
19 	 14 	 -0.677 	 -0.000 	 -0.291
19 	 15 	 -0.706 	 -0.000 	 -0.303
19 	 16 	 -0.706 	  0.000 	 -0.303
19 	 17 	 -0.677 	  0.000 	 -0.291
19 	 18 	 -0.621 	  0.000 	 -0.266
19 	 19 	 -0.538 	  0.000 	 -0.231
19 	 20 	 -0.434 	  0.000 	 -0.186
19 	 21 	 -0.313 	  0.000 	 -0.134
19 	 22 	 -0.178 	  0.000 	 -0.076
19 	 23 	 -0.036 	  0.000 	 -0.015
19 	 24 	  0.107 	  0.000 	  0.046
19 	 25 	  0.246 	  0.000 	  0.106
19 	 26 	  0.375 	  0.000 	  0.161
19 	 27 	  0.489 	  0.000 	  0.210
19 	 28 	  0.582 	  0.000 	  0.250
19 	 29 	  0.652 	  0.000 	  0.280
19 	 30 	  0.695 	  0.000 	  0.298

20 	 0 	  0.573 	 -0.000 	  0.370
20 	 1 	  0.561 	 -0.000 	  0.362
20 	 2 	  0.526 	 -0.000 	  0.340
20 	 3 	  0.470 	 -0.000 	  0.304
20 	 4 	  0.394 	 -0.000 	  0.255
20 	 5 	  0.303 	 -0.000 	  0.196
20 	 6 	  0.199 	 -0.000 	  0.128
20 	 7 	  0.087 	 -0.000 	  0.056
20 	 8 	 -0.029 	 -0.000 	 -0.019
20 	 9 	 -0.144 	 -0.000 	 -0.093
20 	 10 	 -0.252 	 -0.000 	 -0.163
20 	 11 	 -0.350 	 -0.000 	 -0.226
20 	 12 	 -0.434 	 -0.000 	 -0.281
20 	 13 	 -0.501 	 -0.000 	 -0.323
20 	 14 	 -0.546 	 -0.000 	 -0.353
20 	 15 	 -0.570 	 -0.000 	 -0.368
20 	 16 	 -0.570 	  0.000 	 -0.368
20 	 17 	 -0.546 	  0.000 	 -0.353
20 	 18 	 -0.501 	  0.000 	 -0.323
20 	 19 	 -0.434 	  0.000 	 -0.281
20 	 20 	 -0.350 	  0.000 	 -0.226
20 	 21 	 -0.252 	  0.000 	 -0.163
20 	 22 	 -0.144 	  0.000 	 -0.093
20 	 23 	 -0.029 	  0.000 	 -0.019
20 	 24 	  0.087 	  0.000 	  0.056
20 	 25 	  0.199 	  0.000 	  0.128
20 	 26 	  0.303 	  0.000 	  0.196
20 	 27 	  0.394 	  0.000 	  0.255
20 	 28 	  0.470 	  0.000 	  0.304
20 	 29 	  0.526 	  0.000 	  0.340
20 	 30 	  0.561 	  0.000 	  0.362

21 	 0 	  0.412 	 -0.000 	  0.420
21 	 1 	  0.403 	 -0.000 	  0.411
21 	 2 	  0.379 	 -0.000 	  0.386
21 	 3 	  0.338 	 -0.000 	  0.345
21 	 4 	  0.284 	 -0.000 	  0.289
21 	 5 	  0.218 	 -0.000 	  0.222
21 	 6 	  0.143 	 -0.000 	  0.146
21 	 7 	  0.062 	 -0.000 	  0.064
21 	 8 	 -0.021 	 -0.000 	 -0.021
21 	 9 	 -0.103 	 -0.000 	 -0.105
21 	 10 	 -0.181 	 -0.000 	 -0.185
21 	 11 	 -0.252 	 -0.000 	 -0.257
21 	 12 	 -0.313 	 -0.000 	 -0.319
21 	 13 	 -0.360 	 -0.000 	 -0.367
21 	 14 	 -0.393 	 -0.000 	 -0.401
21 	 15 	 -0.410 	 -0.000 	 -0.418
21 	 16 	 -0.410 	  0.000 	 -0.418
21 	 17 	 -0.393 	  0.000 	 -0.401
21 	 18 	 -0.360 	  0.000 	 -0.367
21 	 19 	 -0.313 	  0.000 	 -0.319
21 	 20 	 -0.252 	  0.000 	 -0.257
21 	 21 	 -0.181 	  0.000 	 -0.185
21 	 22 	 -0.103 	  0.000 	 -0.105
21 	 23 	 -0.021 	  0.000 	 -0.021
21 	 24 	  0.062 	  0.000 	  0.064
21 	 25 	  0.143 	  0.000 	  0.146
21 	 26 	  0.218 	  0.000 	  0.222
21 	 27 	  0.284 	  0.000 	  0.289
21 	 28 	  0.338 	  0.000 	  0.345
21 	 29 	  0.379 	  0.000 	  0.386
21 	 30 	  0.403 	  0.000 	  0.411

22 	 0 	  0.234 	 -0.000 	  0.453
22 	 1 	  0.230 	 -0.000 	  0.443
22 	 2 	  0.215 	 -0.000 	  0.416
22 	 3 	  0.192 	 -0.000 	  0.372
22 	 4 	  0.162 	 -0.000 	  0.312
22 	 5 	  0.124 	 -0.000 	  0.239
22 	 6 	  0.081 	 -0.000 	  0.157
22 	 7 	  0.036 	 -0.000 	  0.069
22 	 8 	 -0.012 	 -0.000 	 -0.023
22 	 9 	 -0.059 	 -0.000 	 -0.113
22 	 10 	 -0.103 	 -0.000 	 -0.199
22 	 11 	 -0.144 	 -0.000 	 -0.277
22 	 12 	 -0.178 	 -0.000 	 -0.344
22 	 13 	 -0.205 	 -0.000 	 -0.396
22 	 14 	 -0.224 	 -0.000 	 -0.432
22 	 15 	 -0.233 	 -0.000 	 -0.450
22 	 16 	 -0.233 	  0.000 	 -0.450
22 	 17 	 -0.224 	  0.000 	 -0.432
22 	 18 	 -0.205 	  0.000 	 -0.396
22 	 19 	 -0.178 	  0.000 	 -0.344
22 	 20 	 -0.144 	  0.000 	 -0.277
22 	 21 	 -0.103 	  0.000 	 -0.199
22 	 22 	 -0.059 	  0.000 	 -0.113
22 	 23 	 -0.012 	  0.000 	 -0.023
22 	 24 	  0.036 	  0.000 	  0.069
22 	 25 	  0.081 	  0.000 	  0.157
22 	 26 	  0.124 	  0.000 	  0.239
22 	 27 	  0.162 	  0.000 	  0.312
22 	 28 	  0.192 	  0.000 	  0.372
22 	 29 	  0.215 	  0.000 	  0.416
22 	 30 	  0.230 	  0.000 	  0.443

23 	 0 	  0.047 	 -0.000 	  0.467
23 	 1 	  0.046 	 -0.000 	  0.458
23 	 2 	  0.044 	 -0.000 	  0.429
23 	 3 	  0.039 	 -0.000 	  0.383
23 	 4 	  0.033 	 -0.000 	  0.322
23 	 5 	  0.025 	 -0.000 	  0.247
23 	 6 	  0.016 	 -0.000 	  0.162
23 	 7 	  0.007 	 -0.000 	  0.071
23 	 8 	 -0.002 	 -0.000 	 -0.024
23 	 9 	 -0.012 	 -0.000 	 -0.117
23 	 10 	 -0.021 	 -0.000 	 -0.206
23 	 11 	 -0.029 	 -0.000 	 -0.286
23 	 12 	 -0.036 	 -0.000 	 -0.354
23 	 13 	 -0.041 	 -0.000 	 -0.408
23 	 14 	 -0.045 	 -0.000 	 -0.446
23 	 15 	 -0.047 	 -0.000 	 -0.465
23 	 16 	 -0.047 	  0.000 	 -0.465
23 	 17 	 -0.045 	  0.000 	 -0.446
23 	 18 	 -0.041 	  0.000 	 -0.408
23 	 19 	 -0.036 	  0.000 	 -0.354
23 	 20 	 -0.029 	  0.000 	 -0.286
23 	 21 	 -0.021 	  0.000 	 -0.206
23 	 22 	 -0.012 	  0.000 	 -0.117
23 	 23 	 -0.002 	  0.000 	 -0.024
23 	 24 	  0.007 	  0.000 	  0.071
23 	 25 	  0.016 	  0.000 	  0.162
23 	 26 	  0.025 	  0.000 	  0.247
23 	 27 	  0.033 	  0.000 	  0.322
23 	 28 	  0.039 	  0.000 	  0.383
23 	 29 	  0.044 	  0.000 	  0.429
23 	 30 	  0.046 	  0.000 	  0.458

24 	 0 	 -0.142 	  0.000 	  0.462
24 	 1 	 -0.139 	  0.000 	  0.453
24 	 2 	 -0.130 	  0.000 	  0.425
24 	 3 	 -0.116 	  0.000 	  0.379
24 	 4 	 -0.098 	  0.000 	  0.318
24 	 5 	 -0.075 	  0.000 	  0.245
24 	 6 	 -0.049 	  0.000 	  0.161
24 	 7 	 -0.021 	  0.000 	  0.070
24 	 8 	  0.007 	  0.000 	 -0.023
24 	 9 	  0.036 	  0.000 	 -0.116
24 	 10 	  0.062 	  0.000 	 -0.204
24 	 11 	  0.087 	  0.000 	 -0.283
24 	 12 	  0.107 	  0.000 	 -0.351
24 	 13 	  0.124 	  0.000 	 -0.404
24 	 14 	  0.135 	  0.000 	 -0.441
24 	 15 	  0.141 	  0.000 	 -0.460
24 	 16 	  0.141 	 -0.000 	 -0.460
24 	 17 	  0.135 	 -0.000 	 -0.441
24 	 18 	  0.124 	 -0.000 	 -0.404
24 	 19 	  0.107 	 -0.000 	 -0.351
24 	 20 	  0.087 	 -0.000 	 -0.283
24 	 21 	  0.062 	 -0.000 	 -0.204
24 	 22 	  0.036 	 -0.000 	 -0.116
24 	 23 	  0.007 	 -0.000 	 -0.023
24 	 24 	 -0.021 	 -0.000 	  0.070
24 	 25 	 -0.049 	 -0.000 	  0.161
24 	 26 	 -0.075 	 -0.000 	  0.245
24 	 27 	 -0.098 	 -0.000 	  0.318
24 	 28 	 -0.116 	 -0.000 	  0.379
24 	 29 	 -0.130 	 -0.000 	  0.425
24 	 30 	 -0.139 	 -0.000 	  0.453

25 	 0 	 -0.325 	  0.000 	  0.439
25 	 1 	 -0.318 	  0.000 	  0.430
25 	 2 	 -0.299 	  0.000 	  0.403
25 	 3 	 -0.267 	  0.000 	  0.360
25 	 4 	 -0.224 	  0.000 	  0.302
25 	 5 	 -0.172 	  0.000 	  0.232
25 	 6 	 -0.113 	  0.000 	  0.152
25 	 7 	 -0.049 	  0.000 	  0.066
25 	 8 	  0.016 	  0.000 	 -0.022
25 	 9 	  0.081 	  0.000 	 -0.110
25 	 10 	  0.143 	  0.000 	 -0.193
25 	 11 	  0.199 	  0.000 	 -0.268
25 	 12 	  0.246 	  0.000 	 -0.333
25 	 13 	  0.284 	  0.000 	 -0.383
25 	 14 	  0.310 	  0.000 	 -0.418
25 	 15 	  0.323 	  0.000 	 -0.436
25 	 16 	  0.323 	 -0.000 	 -0.436
25 	 17 	  0.310 	 -0.000 	 -0.418
25 	 18 	  0.284 	 -0.000 	 -0.383
25 	 19 	  0.246 	 -0.000 	 -0.333
25 	 20 	  0.199 	 -0.000 	 -0.268
25 	 21 	  0.143 	 -0.000 	 -0.193
25 	 22 	  0.081 	 -0.000 	 -0.110
25 	 23 	  0.016 	 -0.000 	 -0.022
25 	 24 	 -0.049 	 -0.000 	  0.066
25 	 25 	 -0.113 	 -0.000 	  0.152
25 	 26 	 -0.172 	 -0.000 	  0.232
25 	 27 	 -0.224 	 -0.000 	  0.302
25 	 28 	 -0.267 	 -0.000 	  0.360
25 	 29 	 -0.299 	 -0.000 	  0.403
25 	 30 	 -0.318 	 -0.000 	  0.430

26 	 0 	 -0.495 	  0.000 	  0.397
26 	 1 	 -0.485 	  0.000 	  0.389
26 	 2 	 -0.455 	  0.000 	  0.365
26 	 3 	 -0.406 	  0.000 	  0.326
26 	 4 	 -0.341 	  0.000 	  0.273
26 	 5 	 -0.262 	  0.000 	  0.210
26 	 6 	 -0.172 	  0.000 	  0.138
26 	 7 	 -0.075 	  0.000 	  0.060
26 	 8 	  0.025 	  0.000 	 -0.020
26 	 9 	  0.124 	  0.000 	 -0.099
26 	 10 	  0.218 	  0.000 	 -0.175
26 	 11 	  0.303 	  0.000 	 -0.243
26 	 12 	  0.375 	  0.000 	 -0.301
26 	 13 	  0.433 	  0.000 	 -0.347
26 	 14 	  0.472 	  0.000 	 -0.379
26 	 15 	  0.492 	  0.000 	 -0.395
26 	 16 	  0.492 	 -0.000 	 -0.395
26 	 17 	  0.472 	 -0.000 	 -0.379
26 	 18 	  0.433 	 -0.000 	 -0.347
26 	 19 	  0.375 	 -0.000 	 -0.301
26 	 20 	  0.303 	 -0.000 	 -0.243
26 	 21 	  0.218 	 -0.000 	 -0.175
26 	 22 	  0.124 	 -0.000 	 -0.099
26 	 23 	  0.025 	 -0.000 	 -0.020
26 	 24 	 -0.075 	 -0.000 	  0.060
26 	 25 	 -0.172 	 -0.000 	  0.138
26 	 26 	 -0.262 	 -0.000 	  0.210
26 	 27 	 -0.341 	 -0.000 	  0.273
26 	 28 	 -0.406 	 -0.000 	  0.326
26 	 29 	 -0.455 	 -0.000 	  0.365
26 	 30 	 -0.485 	 -0.000 	  0.389

27 	 0 	 -0.644 	  0.000 	  0.339
27 	 1 	 -0.631 	  0.000 	  0.332
27 	 2 	 -0.592 	  0.000 	  0.311
27 	 3 	 -0.529 	  0.000 	  0.278
27 	 4 	 -0.444 	  0.000 	  0.234
27 	 5 	 -0.341 	  0.000 	  0.179
27 	 6 	 -0.224 	  0.000 	  0.118
27 	 7 	 -0.098 	  0.000 	  0.051
27 	 8 	  0.033 	  0.000 	 -0.017
27 	 9 	  0.162 	  0.000 	 -0.085
27 	 10 	  0.284 	  0.000 	 -0.149
27 	 11 	  0.394 	  0.000 	 -0.207
27 	 12 	  0.489 	  0.000 	 -0.257
27 	 13 	  0.563 	  0.000 	 -0.296
27 	 14 	  0.615 	  0.000 	 -0.323
27 	 15 	  0.641 	  0.000 	 -0.337
27 	 16 	  0.641 	 -0.000 	 -0.337
27 	 17 	  0.615 	 -0.000 	 -0.323
27 	 18 	  0.563 	 -0.000 	 -0.296
27 	 19 	  0.489 	 -0.000 	 -0.257
27 	 20 	  0.394 	 -0.000 	 -0.207
27 	 21 	  0.284 	 -0.000 	 -0.149
27 	 22 	  0.162 	 -0.000 	 -0.085
27 	 23 	  0.033 	 -0.000 	 -0.017
27 	 24 	 -0.098 	 -0.000 	  0.051
27 	 25 	 -0.224 	 -0.000 	  0.118
27 	 26 	 -0.341 	 -0.000 	  0.179
27 	 27 	 -0.444 	 -0.000 	  0.234
27 	 28 	 -0.529 	 -0.000 	  0.278
27 	 29 	 -0.592 	 -0.000 	  0.311
27 	 30 	 -0.631 	 -0.000 	  0.332

28 	 0 	 -0.768 	  0.000 	  0.267
28 	 1 	 -0.752 	  0.000 	  0.262
28 	 2 	 -0.705 	  0.000 	  0.246
28 	 3 	 -0.630 	  0.000 	  0.219
28 	 4 	 -0.529 	  0.000 	  0.184
28 	 5 	 -0.406 	  0.000 	  0.141
28 	 6 	 -0.267 	  0.000 	  0.093
28 	 7 	 -0.116 	  0.000 	  0.040
28 	 8 	  0.039 	  0.000 	 -0.014
28 	 9 	  0.192 	  0.000 	 -0.067
28 	 10 	  0.338 	  0.000 	 -0.118
28 	 11 	  0.470 	  0.000 	 -0.164
28 	 12 	  0.582 	  0.000 	 -0.203
28 	 13 	  0.671 	  0.000 	 -0.234
28 	 14 	  0.732 	  0.000 	 -0.255
28 	 15 	  0.764 	  0.000 	 -0.266
28 	 16 	  0.764 	 -0.000 	 -0.266
28 	 17 	  0.732 	 -0.000 	 -0.255
28 	 18 	  0.671 	 -0.000 	 -0.234
28 	 19 	  0.582 	 -0.000 	 -0.203
28 	 20 	  0.470 	 -0.000 	 -0.164
28 	 21 	  0.338 	 -0.000 	 -0.118
28 	 22 	  0.192 	 -0.000 	 -0.067
28 	 23 	  0.039 	 -0.000 	 -0.014
28 	 24 	 -0.116 	 -0.000 	  0.040
28 	 25 	 -0.267 	 -0.000 	  0.093
28 	 26 	 -0.406 	 -0.000 	  0.141
28 	 27 	 -0.529 	 -0.000 	  0.184
28 	 28 	 -0.630 	 -0.000 	  0.219
28 	 29 	 -0.705 	 -0.000 	  0.246
28 	 30 	 -0.752 	 -0.000 	  0.262

29 	 0 	 -0.860 	  0.000 	  0.184
29 	 1 	 -0.842 	  0.000 	  0.181
29 	 2 	 -0.790 	  0.000 	  0.169
29 	 3 	 -0.705 	  0.000 	  0.151
29 	 4 	 -0.592 	  0.000 	  0.127
29 	 5 	 -0.455 	  0.000 	  0.098
29 	 6 	 -0.299 	  0.000 	  0.064
29 	 7 	 -0.130 	  0.000 	  0.028
29 	 8 	  0.044 	  0.000 	 -0.009
29 	 9 	  0.215 	  0.000 	 -0.046
29 	 10 	  0.379 	  0.000 	 -0.081
29 	 11 	  0.526 	  0.000 	 -0.113
29 	 12 	  0.652 	  0.000 	 -0.140
29 	 13 	  0.752 	  0.000 	 -0.161
29 	 14 	  0.820 	  0.000 	 -0.176
29 	 15 	  0.855 	  0.000 	 -0.183
29 	 16 	  0.855 	 -0.000 	 -0.183
29 	 17 	  0.820 	 -0.000 	 -0.176
29 	 18 	  0.752 	 -0.000 	 -0.161
29 	 19 	  0.652 	 -0.000 	 -0.140
29 	 20 	  0.526 	 -0.000 	 -0.113
29 	 21 	  0.379 	 -0.000 	 -0.081
29 	 22 	  0.215 	 -0.000 	 -0.046
29 	 23 	  0.044 	 -0.000 	 -0.009
29 	 24 	 -0.130 	 -0.000 	  0.028
29 	 25 	 -0.299 	 -0.000 	  0.064
29 	 26 	 -0.455 	 -0.000 	  0.098
29 	 27 	 -0.592 	 -0.000 	  0.127
29 	 28 	 -0.705 	 -0.000 	  0.151
29 	 29 	 -0.790 	 -0.000 	  0.169
29 	 30 	 -0.842 	 -0.000 	  0.181

30 	 0 	 -0.916 	  0.000 	  0.094
30 	 1 	 -0.897 	  0.000 	  0.092
30 	 2 	 -0.842 	  0.000 	  0.087
30 	 3 	 -0.752 	  0.000 	  0.077
30 	 4 	 -0.631 	  0.000 	  0.065
30 	 5 	 -0.485 	  0.000 	  0.050
30 	 6 	 -0.318 	  0.000 	  0.033
30 	 7 	 -0.139 	  0.000 	  0.014
30 	 8 	  0.046 	  0.000 	 -0.005
30 	 9 	  0.230 	  0.000 	 -0.024
30 	 10 	  0.403 	  0.000 	 -0.041
30 	 11 	  0.561 	  0.000 	 -0.058
30 	 12 	  0.695 	  0.000 	 -0.071
30 	 13 	  0.801 	  0.000 	 -0.082
30 	 14 	  0.874 	  0.000 	 -0.090
30 	 15 	  0.911 	  0.000 	 -0.094
30 	 16 	  0.911 	 -0.000 	 -0.094
30 	 17 	  0.874 	 -0.000 	 -0.090
30 	 18 	  0.801 	 -0.000 	 -0.082
30 	 19 	  0.695 	 -0.000 	 -0.071
30 	 20 	  0.561 	 -0.000 	 -0.058
30 	 21 	  0.403 	 -0.000 	 -0.041
30 	 22 	  0.230 	 -0.000 	 -0.024
30 	 23 	  0.046 	 -0.000 	 -0.005
30 	 24 	 -0.139 	 -0.000 	  0.014
30 	 25 	 -0.318 	 -0.000 	  0.033
30 	 26 	 -0.485 	 -0.000 	  0.050
30 	 27 	 -0.631 	 -0.000 	  0.065
30 	 28 	 -0.752 	 -0.000 	  0.077
30 	 29 	 -0.842 	 -0.000 	  0.087
30 	 30 	 -0.897 	 -0.000 	  0.092

