0.000000 0.000000
0.000244 0.030674
0.000488 0.061314
0.000732 0.091885
0.000977 0.122353
0.001221 0.152685
0.001465 0.182846
0.001709 0.212803
0.001953 0.242523
0.002197 0.271972
0.002441 0.301118
0.002686 0.329929
0.002930 0.358372
0.003174 0.386416
0.003418 0.414031
0.003662 0.441186
0.003906 0.467852
0.004150 0.493998
0.004395 0.519598
0.004639 0.544623
0.004883 0.569047
0.005127 0.592842
0.005371 0.615985
0.005615 0.638450
0.005859 0.660213
0.006104 0.681253
0.006348 0.701547
0.006592 0.721074
0.006836 0.739814
0.007080 0.757750
0.007324 0.774862
0.007568 0.791135
0.007812 0.806552
0.008057 0.821098
0.008301 0.834762
0.008545 0.847530
0.008789 0.859390
0.009033 0.870334
0.009277 0.880352
0.009521 0.889436
0.009766 0.897580
0.010010 0.904778
0.010254 0.911027
0.010498 0.916324
0.010742 0.920666
0.010986 0.924054
0.011230 0.926487
0.011475 0.927968
0.011719 0.928500
0.011963 0.928087
0.012207 0.926734
0.012451 0.924448
0.012695 0.921236
0.012939 0.917108
0.013184 0.912073
0.013428 0.906142
0.013672 0.899328
0.013916 0.891642
0.014160 0.883101
0.014404 0.873718
0.014648 0.863511
0.014893 0.852496
0.015137 0.840691
0.015381 0.828115
0.015625 0.814789
0.015869 0.800733
0.016113 0.785969
0.016357 0.770519
0.016602 0.754406
0.016846 0.737654
0.017090 0.720288
0.017334 0.702333
0.017578 0.683815
0.017822 0.664760
0.018066 0.645195
0.018311 0.625148
0.018555 0.604647
0.018799 0.583720
0.019043 0.562395
0.019287 0.540702
0.019531 0.518670
0.019775 0.496329
0.020020 0.473709
0.020264 0.450839
0.020508 0.427751
0.020752 0.404473
0.020996 0.381036
0.021240 0.357471
0.021484 0.333808
0.021729 0.310077
0.021973 0.286308
0.022217 0.262531
0.022461 0.238775
0.022705 0.215071
0.022949 0.191446
0.023193 0.167931
0.023438 0.144552
0.023682 0.121340
0.023926 0.098320
0.024170 0.075520
0.024414 0.052967
0.024658 0.030686
0.024902 0.008704
0.025146 -0.012955
0.025391 -0.034268
0.025635 -0.055209
0.025879 -0.075757
0.026123 -0.095890
0.026367 -0.115586
0.026611 -0.134825
0.026855 -0.153587
0.027100 -0.171853
0.027344 -0.189606
0.027588 -0.206828
0.027832 -0.223504
0.028076 -0.239618
0.028320 -0.255155
0.028564 -0.270104
0.028809 -0.284450
0.029053 -0.298184
0.029297 -0.311295
0.029541 -0.323773
0.029785 -0.335610
0.030029 -0.346800
0.030273 -0.357335
0.030518 -0.367211
0.030762 -0.376424
0.031006 -0.384970
0.031250 -0.392847
0.031494 -0.400056
0.031738 -0.406594
0.031982 -0.412465
0.032227 -0.417669
0.032471 -0.422210
0.032715 -0.426092
0.032959 -0.429319
0.033203 -0.431899
0.033447 -0.433838
0.033691 -0.435144
0.033936 -0.435827
0.034180 -0.435895
0.034424 -0.435359
0.034668 -0.434231
0.034912 -0.432524
0.035156 -0.430251
0.035400 -0.427426
0.035645 -0.424063
0.035889 -0.420178
0.036133 -0.415787
0.036377 -0.410908
0.036621 -0.405558
0.036865 -0.399755
0.037109 -0.393517
0.037354 -0.386865
0.037598 -0.379819
0.037842 -0.372397
0.038086 -0.364622
0.038330 -0.356515
0.038574 -0.348097
0.038818 -0.339390
0.039062 -0.330417
0.039307 -0.321199
0.039551 -0.311761
0.039795 -0.302124
0.040039 -0.292312
0.040283 -0.282348
0.040527 -0.272256
0.040771 -0.262058
0.041016 -0.251779
0.041260 -0.241441
0.041504 -0.231068
0.041748 -0.220682
0.041992 -0.210307
0.042236 -0.199966
0.042480 -0.189681
0.042725 -0.179474
0.042969 -0.169368
0.043213 -0.159383
0.043457 -0.149541
0.043701 -0.139864
0.043945 -0.130371
0.044189 -0.121082
0.044434 -0.112016
0.044678 -0.103194
0.044922 -0.094632
0.045166 -0.086348
0.045410 -0.078360
0.045654 -0.070685
0.045898 -0.063336
0.046143 -0.056331
0.046387 -0.049682
0.046631 -0.043404
0.046875 -0.037510
0.047119 -0.032010
0.047363 -0.026916
0.047607 -0.022239
0.047852 -0.017988
0.048096 -0.014172
0.048340 -0.010797
0.048584 -0.007872
0.048828 -0.005401
0.049072 -0.003390
0.049316 -0.001842
0.049561 -0.000762
0.049805 -0.000151
0.050049 -0.000009
0.050293 -0.000339
0.050537 -0.001138
0.050781 -0.002405
0.051025 -0.004139
0.051270 -0.006334
0.051514 -0.008987
0.051758 -0.012093
0.052002 -0.015646
0.052246 -0.019637
0.052490 -0.024059
0.052734 -0.028904
0.052979 -0.034162
0.053223 -0.039821
0.053467 -0.045870
0.053711 -0.052298
0.053955 -0.059091
0.054199 -0.066235
0.054443 -0.073717
0.054688 -0.081519
0.054932 -0.089627
0.055176 -0.098024
0.055420 -0.106692
0.055664 -0.115614
0.055908 -0.124771
0.056152 -0.134144
0.056396 -0.143714
0.056641 -0.153459
0.056885 -0.163361
0.057129 -0.173397
0.057373 -0.183546
0.057617 -0.193787
0.057861 -0.204097
0.058105 -0.214455
0.058350 -0.224836
0.058594 -0.235220
0.058838 -0.245582
0.059082 -0.255899
0.059326 -0.266148
0.059570 -0.276307
0.059814 -0.286350
0.060059 -0.296256
0.060303 -0.306001
0.060547 -0.315561
0.060791 -0.324914
0.061035 -0.334037
0.061279 -0.342906
0.061523 -0.351500
0.061768 -0.359796
0.062012 -0.367773
0.062256 -0.375409
0.062500 -0.382683
0.062744 -0.389575
0.062988 -0.396063
0.063232 -0.402129
0.063477 -0.407753
0.063721 -0.412917
0.063965 -0.417603
0.064209 -0.421793
0.064453 -0.425471
0.064697 -0.428621
0.064941 -0.431228
0.065186 -0.433276
0.065430 -0.434753
0.065674 -0.435645
0.065918 -0.435940
0.066162 -0.435628
0.066406 -0.434697
0.066650 -0.433139
0.066895 -0.430945
0.067139 -0.428106
0.067383 -0.424618
0.067627 -0.420473
0.067871 -0.415667
0.068115 -0.410197
0.068359 -0.404059
0.068604 -0.397253
0.068848 -0.389777
0.069092 -0.381632
0.069336 -0.372818
0.069580 -0.363340
0.069824 -0.353200
0.070068 -0.342402
0.070312 -0.330953
0.070557 -0.318858
0.070801 -0.306126
0.071045 -0.292765
0.071289 -0.278785
0.071533 -0.264196
0.071777 -0.249010
0.072021 -0.233241
0.072266 -0.216900
0.072510 -0.200004
0.072754 -0.182568
0.072998 -0.164607
0.073242 -0.146141
0.073486 -0.127186
0.073730 -0.107761
0.073975 -0.087888
0.074219 -0.067587
0.074463 -0.046879
0.074707 -0.025786
0.074951 -0.004332
0.075195 0.017459
0.075439 0.039564
0.075684 0.061957
0.075928 0.084612
0.076172 0.107503
0.076416 0.130603
0.076660 0.153885
0.076904 0.177322
0.077148 0.200885
0.077393 0.224545
0.077637 0.248273
0.077881 0.272041
0.078125 0.295818
0.078369 0.319576
0.078613 0.343283
0.078857 0.366911
0.079102 0.390428
0.079346 0.413805
0.079590 0.437010
0.079834 0.460015
0.080078 0.482789
0.080322 0.505301
0.080566 0.527522
0.080811 0.549422
0.081055 0.570971
0.081299 0.592140
0.081543 0.612900
0.081787 0.633223
0.082031 0.653081
0.082275 0.672445
0.082520 0.691288
0.082764 0.709584
0.083008 0.727307
0.083252 0.744430
0.083496 0.760929
0.083740 0.776779
0.083984 0.791958
0.084229 0.806442
0.084473 0.820208
0.084717 0.833237
0.084961 0.845506
0.085205 0.856997
0.085449 0.867692
0.085693 0.877571
0.085938 0.886619
0.086182 0.894820
0.086426 0.902159
0.086670 0.908621
0.086914 0.914195
0.087158 0.918869
0.087402 0.922632
0.087646 0.925474
0.087891 0.927388
0.088135 0.928365
0.088379 0.928401
0.088623 0.927490
0.088867 0.925628
0.089111 0.922813
0.089355 0.919044
0.089600 0.914320
0.089844 0.908642
0.090088 0.902013
0.090332 0.894435
0.090576 0.885914
0.090820 0.876456
0.091064 0.866067
0.091309 0.854755
0.091553 0.842531
0.091797 0.829403
0.092041 0.815385
0.092285 0.800488
0.092529 0.784727
0.092773 0.768117
0.093018 0.750673
0.093262 0.732414
0.093506 0.713356
0.093750 0.693520
0.093994 0.672925
0.094238 0.651594
0.094482 0.629547
0.094727 0.606808
0.094971 0.583401
0.095215 0.559351
0.095459 0.534684
0.095703 0.509426
0.095947 0.483604
0.096191 0.457246
0.096436 0.430381
0.096680 0.403039
0.096924 0.375248
0.097168 0.347041
0.097412 0.318447
0.097656 0.289498
0.097900 0.260227
0.098145 0.230666
0.098389 0.200847
0.098633 0.170804
0.098877 0.140571
0.099121 0.110180
0.099365 0.079667
0.099609 0.049064
0.099854 0.018407
0.100098 -0.012271
0.100342 -0.042936
0.100586 -0.073552
0.100830 -0.104086
0.101074 -0.134504
0.101318 -0.164772
0.101562 -0.194855
0.101807 -0.224721
0.102051 -0.254337
0.102295 -0.283669
0.102539 -0.312684
0.102783 -0.341352
0.103027 -0.369639
0.103271 -0.397515
0.103516 -0.424950
0.103760 -0.451913
0.104004 -0.478374
0.104248 -0.504306
0.104492 -0.529679
0.104736 -0.554466
0.104980 -0.578642
0.105225 -0.602179
0.105469 -0.625054
0.105713 -0.647241
0.105957 -0.668717
0.106201 -0.689461
0.106445 -0.709451
0.106689 -0.728665
0.106934 -0.747086
0.107178 -0.764694
0.107422 -0.781473
0.107666 -0.797405
0.107910 -0.812475
0.108154 -0.826671
0.108398 -0.839977
0.108643 -0.852383
0.108887 -0.863878
0.109131 -0.874452
0.109375 -0.884098
0.109619 -0.892806
0.109863 -0.900573
0.110107 -0.907392
0.110352 -0.913260
0.110596 -0.918175
0.110840 -0.922136
0.111084 -0.925141
0.111328 -0.927194
0.111572 -0.928295
0.111816 -0.928448
0.112061 -0.927658
0.112305 -0.925931
0.112549 -0.923274
0.112793 -0.919695
0.113037 -0.915202
0.113281 -0.909808
0.113525 -0.903522
0.113770 -0.896357
0.114014 -0.888328
0.114258 -0.879448
0.114502 -0.869733
0.114746 -0.859201
0.114990 -0.847867
0.115234 -0.835752
0.115479 -0.822874
0.115723 -0.809253
0.115967 -0.794911
0.116211 -0.779870
0.116455 -0.764152
0.116699 -0.747780
0.116943 -0.730780
0.117188 -0.713175
0.117432 -0.694992
0.117676 -0.676256
0.117920 -0.656994
0.118164 -0.637233
0.118408 -0.617001
0.118652 -0.596326
0.118896 -0.575236
0.119141 -0.553760
0.119385 -0.531928
0.119629 -0.509769
0.119873 -0.487313
0.120117 -0.464589
0.120361 -0.441628
0.120605 -0.418460
0.120850 -0.395115
0.121094 -0.371624
0.121338 -0.348016
0.121582 -0.324322
0.121826 -0.300572
0.122070 -0.276796
0.122314 -0.253024
0.122559 -0.229286
0.122803 -0.205610
0.123047 -0.182025
0.123291 -0.158561
0.123535 -0.135246
0.123779 -0.112107
0.124023 -0.089172
0.124268 -0.066467
0.124512 -0.044020
0.124756 -0.021856
0.125000 -0.000000
0.125244 0.021523
0.125488 0.042690
0.125732 0.063477
0.125977 0.083862
0.126221 0.103822
0.126465 0.123338
0.126709 0.142388
0.126953 0.160954
0.127197 0.179017
0.127441 0.196560
0.127686 0.213565
0.127930 0.230018
0.128174 0.245903
0.128418 0.261206
0.128662 0.275915
0.128906 0.290018
0.129150 0.303504
0.129395 0.316363
0.129639 0.328585
0.129883 0.340164
0.130127 0.351093
0.130371 0.361365
0.130615 0.370976
0.130859 0.379922
0.131104 0.388201
0.131348 0.395811
0.131592 0.402751
0.131836 0.409023
0.132080 0.414626
0.132324 0.419565
0.132568 0.423841
0.132812 0.427461
0.133057 0.430429
0.133301 0.432751
0.133545 0.434436
0.133789 0.435492
0.134033 0.435927
0.134277 0.435752
0.134521 0.434978
0.134766 0.433617
0.135010 0.431682
0.135254 0.429186
0.135498 0.426144
0.135742 0.422571
0.135986 0.418481
0.136230 0.413893
0.136475 0.408824
0.136719 0.403290
0.136963 0.397311
0.137207 0.390905
0.137451 0.384093
0.137695 0.376894
0.137939 0.369329
0.138184 0.361418
0.138428 0.353184
0.138672 0.344648
0.138916 0.335831
0.139160 0.326758
0.139404 0.317449
0.139648 0.307928
0.139893 0.298219
0.140137 0.288343
0.140381 0.278325
0.140625 0.268188
0.140869 0.257955
0.141113 0.247649
0.141357 0.237294
0.141602 0.226914
0.141846 0.216530
0.142090 0.206166
0.142334 0.195844
0.142578 0.185588
0.142822 0.175418
0.143066 0.165358
0.143311 0.155428
0.143555 0.145649
0.143799 0.136043
0.144043 0.126629
0.144287 0.117428
0.144531 0.108457
0.144775 0.099737
0.145020 0.091284
0.145264 0.083117
0.145508 0.075252
0.145752 0.067705
0.145996 0.060492
0.146240 0.053628
0.146484 0.047126
0.146729 0.041000
0.146973 0.035262
0.147217 0.029923
0.147461 0.024995
0.147705 0.020487
0.147949 0.016409
0.148193 0.012768
0.148438 0.009573
0.148682 0.006828
0.148926 0.004541
0.149170 0.002715
0.149414 0.001354
0.149658 0.000461
0.149902 0.000038
0.150146 0.000085
0.150391 0.000602
0.150635 0.001589
0.150879 0.003043
0.151123 0.004962
0.151367 0.007341
0.151611 0.010176
0.151855 0.013461
0.152100 0.017190
0.152344 0.021355
0.152588 0.025947
0.152832 0.030958
0.153076 0.036378
0.153320 0.042194
0.153564 0.048397
0.153809 0.054972
0.154053 0.061908
0.154297 0.069188
0.154541 0.076800
0.154785 0.084727
0.155029 0.092952
0.155273 0.101460
0.155518 0.110232
0.155762 0.119250
0.156006 0.128496
0.156250 0.137950
0.156494 0.147592
0.156738 0.157402
0.156982 0.167360
0.157227 0.177444
0.157471 0.187633
0.157715 0.197904
0.157959 0.208236
0.158203 0.218606
0.158447 0.228991
0.158691 0.239368
0.158936 0.249715
0.159180 0.260008
0.159424 0.270224
0.159668 0.280339
0.159912 0.290331
0.160156 0.300175
0.160400 0.309848
0.160645 0.319328
0.160889 0.328592
0.161133 0.337616
0.161377 0.346378
0.161621 0.354856
0.161865 0.363027
0.162109 0.370870
0.162354 0.378364
0.162598 0.385487
0.162842 0.392220
0.163086 0.398541
0.163330 0.404433
0.163574 0.409875
0.163818 0.414850
0.164062 0.419340
0.164307 0.423327
0.164551 0.426796
0.164795 0.429730
0.165039 0.432115
0.165283 0.433936
0.165527 0.435180
0.165771 0.435835
0.166016 0.435889
0.166260 0.435330
0.166504 0.434150
0.166748 0.432338
0.166992 0.429887
0.167236 0.426789
0.167480 0.423039
0.167725 0.418630
0.167969 0.413559
0.168213 0.407822
0.168457 0.401417
0.168701 0.394343
0.168945 0.386599
0.169189 0.378186
0.169434 0.369107
0.169678 0.359363
0.169922 0.348959
0.170166 0.337900
0.170410 0.326192
0.170654 0.313841
0.170898 0.300857
0.171143 0.287247
0.171387 0.273022
0.171631 0.258193
0.171875 0.242772
0.172119 0.226772
0.172363 0.210208
0.172607 0.193093
0.172852 0.175445
0.173096 0.157280
0.173340 0.138616
0.173584 0.119471
0.173828 0.099865
0.174072 0.079818
0.174316 0.059351
0.174561 0.038486
0.174805 0.017246
0.175049 -0.004345
0.175293 -0.026265
0.175537 -0.048488
0.175781 -0.070989
0.176025 -0.093741
0.176270 -0.116719
0.176514 -0.139896
0.176758 -0.163243
0.177002 -0.186733
0.177246 -0.210338
0.177490 -0.234029
0.177734 -0.257777
0.177979 -0.281552
0.178223 -0.305325
0.178467 -0.329066
0.178711 -0.352746
0.178955 -0.376333
0.179199 -0.399797
0.179443 -0.423109
0.179688 -0.446238
0.179932 -0.469154
0.180176 -0.491827
0.180420 -0.514226
0.180664 -0.536322
0.180908 -0.558085
0.181152 -0.579486
0.181396 -0.600495
0.181641 -0.621084
0.181885 -0.641224
0.182129 -0.660887
0.182373 -0.680046
0.182617 -0.698674
0.182861 -0.716743
0.183105 -0.734229
0.183350 -0.751106
0.183594 -0.767348
0.183838 -0.782933
0.184082 -0.797836
0.184326 -0.812036
0.184570 -0.825509
0.184814 -0.838237
0.185059 -0.850197
0.185303 -0.861372
0.185547 -0.871742
0.185791 -0.881291
0.186035 -0.890002
0.186279 -0.897860
0.186523 -0.904850
0.186768 -0.910958
0.187012 -0.916173
0.187256 -0.920484
0.187500 -0.923880
0.187744 -0.926351
0.187988 -0.927891
0.188232 -0.928493
0.188477 -0.928150
0.188721 -0.926859
0.188965 -0.924617
0.189209 -0.921420
0.189453 -0.917269
0.189697 -0.912163
0.189941 -0.906104
0.190186 -0.899095
0.190430 -0.891140
0.190674 -0.882243
0.190918 -0.872412
0.191162 -0.861653
0.191406 -0.849975
0.191650 -0.837388
0.191895 -0.823902
0.192139 -0.809531
0.192383 -0.794287
0.192627 -0.778184
0.192871 -0.761239
0.193115 -0.743466
0.193359 -0.724885
0.193604 -0.705514
0.193848 -0.685372
0.194092 -0.664480
0.194336 -0.642859
0.194580 -0.620533
0.194824 -0.597524
0.195068 -0.573857
0.195312 -0.549557
0.195557 -0.524650
0.195801 -0.499163
0.196045 -0.473123
0.196289 -0.446559
0.196533 -0.419500
0.196777 -0.391975
0.197021 -0.364014
0.197266 -0.335648
0.197510 -0.306908
0.197754 -0.277827
0.197998 -0.248435
0.198242 -0.218767
0.198486 -0.188855
0.198730 -0.158732
0.198975 -0.128431
0.199219 -0.097988
0.199463 -0.067434
0.199707 -0.036806
0.199951 -0.006136
0.200195 0.024541
0.200439 0.055190
0.200684 0.085778
0.200928 0.116269
0.201172 0.146631
0.201416 0.176829
0.201660 0.206830
0.201904 0.236600
0.202148 0.266105
0.202393 0.295315
0.202637 0.324195
0.202881 0.352714
0.203125 0.380841
0.203369 0.408544
0.203613 0.435793
0.203857 0.462559
0.204102 0.488812
0.204346 0.514523
0.204590 0.539666
0.204834 0.564212
0.205078 0.588135
0.205322 0.611410
0.205566 0.634012
0.205811 0.655918
0.206055 0.677104
0.206299 0.697548
0.206543 0.717231
0.206787 0.736130
0.207031 0.754228
0.207275 0.771506
0.207520 0.787948
0.207764 0.803537
0.208008 0.818259
0.208252 0.832101
0.208496 0.845048
0.208740 0.857091
0.208984 0.868219
0.209229 0.878422
0.209473 0.887694
0.209717 0.896026
0.209961 0.903414
0.210205 0.909854
0.210449 0.915341
0.210693 0.919874
0.210938 0.923453
0.211182 0.926077
0.211426 0.927748
0.211670 0.928470
0.211914 0.928245
0.212158 0.927080
0.212402 0.924980
0.212646 0.921952
0.212891 0.918007
0.213135 0.913152
0.213379 0.907399
0.213623 0.900761
0.213867 0.893248
0.214111 0.884877
0.214355 0.875661
0.214600 0.865618
0.214844 0.854762
0.215088 0.843114
0.215332 0.830691
0.215576 0.817513
0.215820 0.803602
0.216064 0.788977
0.216309 0.773662
0.216553 0.757680
0.216797 0.741054
0.217041 0.723809
0.217285 0.705970
0.217529 0.687562
0.217773 0.668613
0.218018 0.649148
0.218262 0.629195
0.218506 0.608782
0.218750 0.587938
0.218994 0.566690
0.219238 0.545069
0.219482 0.523102
0.219727 0.500821
0.219971 0.478254
0.220215 0.455432
0.220459 0.432384
0.220703 0.409142
0.220947 0.385735
0.221191 0.362193
0.221436 0.338547
0.221680 0.314827
0.221924 0.291063
0.222168 0.267286
0.222412 0.243523
0.222656 0.219806
0.222900 0.196163
0.223145 0.172624
0.223389 0.149216
0.223633 0.125968
0.223877 0.102907
0.224121 0.080061
0.224365 0.057456
0.224609 0.035119
0.224854 0.013075
0.225098 -0.008651
0.225342 -0.030034
0.225586 -0.051052
0.225830 -0.071680
0.226074 -0.091898
0.226318 -0.111683
0.226562 -0.131015
0.226807 -0.149874
0.227051 -0.168240
0.227295 -0.186097
0.227539 -0.203427
0.227783 -0.220213
0.228027 -0.236441
0.228271 -0.252095
0.228516 -0.267162
0.228760 -0.281630
0.229004 -0.295487
0.229248 -0.308723
0.229492 -0.321328
0.229736 -0.333295
0.229980 -0.344614
0.230225 -0.355281
0.230469 -0.365289
0.230713 -0.374634
0.230957 -0.383314
0.231201 -0.391325
0.231445 -0.398668
0.231689 -0.405340
0.231934 -0.411344
0.232178 -0.416681
0.232422 -0.421354
0.232666 -0.425368
0.232910 -0.428726
0.233154 -0.431435
0.233398 -0.433501
0.233643 -0.434933
0.233887 -0.435740
0.234131 -0.435930
0.234375 -0.435514
0.234619 -0.434504
0.234863 -0.432912
0.235107 -0.430751
0.235352 -0.428034
0.235596 -0.424778
0.235840 -0.420996
0.236084 -0.416705
0.236328 -0.411922
0.236572 -0.406665
0.236816 -0.400951
0.237061 -0.394799
0.237305 -0.388228
0.237549 -0.381259
0.237793 -0.373911
0.238037 -0.366205
0.238281 -0.358162
0.238525 -0.349804
0.238770 -0.341153
0.239014 -0.332232
0.239258 -0.323061
0.239502 -0.313665
0.239746 -0.304066
0.239990 -0.294287
0.240234 -0.284352
0.240479 -0.274283
0.240723 -0.264105
0.240967 -0.253840
0.241211 -0.243512
0.241455 -0.233144
0.241699 -0.222759
0.241943 -0.212380
0.242188 -0.202031
0.242432 -0.191732
0.242676 -0.181508
0.242920 -0.171380
0.243164 -0.161369
0.243408 -0.151497
0.243652 -0.141785
0.243896 -0.132253
0.244141 -0.122922
0.244385 -0.113811
0.244629 -0.104938
0.244873 -0.096322
0.245117 -0.087982
0.245361 -0.079934
0.245605 -0.072194
0.245850 -0.064779
0.246094 -0.057704
0.246338 -0.050983
0.246582 -0.044630
0.246826 -0.038657
0.247070 -0.033078
0.247314 -0.027902
0.247559 -0.023141
0.247803 -0.018804
0.248047 -0.014900
0.248291 -0.011436
0.248535 -0.008420
0.248779 -0.005858
0.249023 -0.003755
0.249268 -0.002115
0.249512 -0.000941
0.249756 -0.000235
0.250000 -0.000000
0.250244 -0.000235
0.250488 -0.000941
0.250732 -0.002115
0.250977 -0.003755
0.251221 -0.005858
0.251465 -0.008420
0.251709 -0.011436
0.251953 -0.014900
0.252197 -0.018804
0.252441 -0.023141
0.252686 -0.027902
0.252930 -0.033078
0.253174 -0.038657
0.253418 -0.044630
0.253662 -0.050983
0.253906 -0.057704
0.254150 -0.064779
0.254395 -0.072194
0.254639 -0.079934
0.254883 -0.087982
0.255127 -0.096322
0.255371 -0.104938
0.255615 -0.113811
0.255859 -0.122922
0.256104 -0.132253
0.256348 -0.141785
0.256592 -0.151497
0.256836 -0.161369
0.257080 -0.171380
0.257324 -0.181508
0.257568 -0.191732
0.257812 -0.202031
0.258057 -0.212380
0.258301 -0.222759
0.258545 -0.233144
0.258789 -0.243512
0.259033 -0.253840
0.259277 -0.264105
0.259521 -0.274283
0.259766 -0.284352
0.260010 -0.294287
0.260254 -0.304066
0.260498 -0.313665
0.260742 -0.323061
0.260986 -0.332232
0.261230 -0.341153
0.261475 -0.349804
0.261719 -0.358162
0.261963 -0.366205
0.262207 -0.373911
0.262451 -0.381259
0.262695 -0.388228
0.262939 -0.394799
0.263184 -0.400951
0.263428 -0.406665
0.263672 -0.411922
0.263916 -0.416705
0.264160 -0.420996
0.264404 -0.424778
0.264648 -0.428034
0.264893 -0.430751
0.265137 -0.432912
0.265381 -0.434504
0.265625 -0.435514
0.265869 -0.435930
0.266113 -0.435740
0.266357 -0.434933
0.266602 -0.433501
0.266846 -0.431435
0.267090 -0.428726
0.267334 -0.425368
0.267578 -0.421354
0.267822 -0.416681
0.268066 -0.411344
0.268311 -0.405340
0.268555 -0.398668
0.268799 -0.391325
0.269043 -0.383314
0.269287 -0.374634
0.269531 -0.365289
0.269775 -0.355281
0.270020 -0.344614
0.270264 -0.333295
0.270508 -0.321328
0.270752 -0.308723
0.270996 -0.295487
0.271240 -0.281630
0.271484 -0.267162
0.271729 -0.252095
0.271973 -0.236441
0.272217 -0.220213
0.272461 -0.203427
0.272705 -0.186097
0.272949 -0.168240
0.273193 -0.149874
0.273438 -0.131015
0.273682 -0.111683
0.273926 -0.091898
0.274170 -0.071680
0.274414 -0.051052
0.274658 -0.030034
0.274902 -0.008651
0.275146 0.013075
0.275391 0.035119
0.275635 0.057456
0.275879 0.080061
0.276123 0.102907
0.276367 0.125968
0.276611 0.149216
0.276855 0.172624
0.277100 0.196163
0.277344 0.219806
0.277588 0.243523
0.277832 0.267286
0.278076 0.291063
0.278320 0.314827
0.278564 0.338547
0.278809 0.362193
0.279053 0.385735
0.279297 0.409142
0.279541 0.432384
0.279785 0.455432
0.280029 0.478254
0.280273 0.500821
0.280518 0.523102
0.280762 0.545069
0.281006 0.566690
0.281250 0.587938
0.281494 0.608782
0.281738 0.629195
0.281982 0.649148
0.282227 0.668613
0.282471 0.687562
0.282715 0.705970
0.282959 0.723809
0.283203 0.741054
0.283447 0.757680
0.283691 0.773662
0.283936 0.788977
0.284180 0.803602
0.284424 0.817513
0.284668 0.830691
0.284912 0.843114
0.285156 0.854762
0.285400 0.865618
0.285645 0.875661
0.285889 0.884877
0.286133 0.893248
0.286377 0.900761
0.286621 0.907399
0.286865 0.913152
0.287109 0.918007
0.287354 0.921952
0.287598 0.924980
0.287842 0.927080
0.288086 0.928245
0.288330 0.928470
0.288574 0.927748
0.288818 0.926077
0.289062 0.923453
0.289307 0.919874
0.289551 0.915341
0.289795 0.909854
0.290039 0.903414
0.290283 0.896026
0.290527 0.887694
0.290771 0.878422
0.291016 0.868219
0.291260 0.857091
0.291504 0.845048
0.291748 0.832101
0.291992 0.818259
0.292236 0.803537
0.292480 0.787948
0.292725 0.771506
0.292969 0.754228
0.293213 0.736130
0.293457 0.717231
0.293701 0.697548
0.293945 0.677104
0.294189 0.655918
0.294434 0.634012
0.294678 0.611410
0.294922 0.588135
0.295166 0.564212
0.295410 0.539666
0.295654 0.514523
0.295898 0.488812
0.296143 0.462559
0.296387 0.435793
0.296631 0.408544
0.296875 0.380841
0.297119 0.352714
0.297363 0.324195
0.297607 0.295315
0.297852 0.266105
0.298096 0.236600
0.298340 0.206830
0.298584 0.176829
0.298828 0.146631
0.299072 0.116269
0.299316 0.085778
0.299561 0.055190
0.299805 0.024541
0.300049 -0.006136
0.300293 -0.036806
0.300537 -0.067434
0.300781 -0.097988
0.301025 -0.128431
0.301270 -0.158732
0.301514 -0.188855
0.301758 -0.218767
0.302002 -0.248435
0.302246 -0.277827
0.302490 -0.306908
0.302734 -0.335648
0.302979 -0.364014
0.303223 -0.391975
0.303467 -0.419500
0.303711 -0.446559
0.303955 -0.473123
0.304199 -0.499163
0.304443 -0.524650
0.304688 -0.549557
0.304932 -0.573857
0.305176 -0.597524
0.305420 -0.620533
0.305664 -0.642859
0.305908 -0.664480
0.306152 -0.685372
0.306396 -0.705514
0.306641 -0.724885
0.306885 -0.743466
0.307129 -0.761239
0.307373 -0.778184
0.307617 -0.794287
0.307861 -0.809531
0.308105 -0.823902
0.308350 -0.837388
0.308594 -0.849975
0.308838 -0.861653
0.309082 -0.872412
0.309326 -0.882243
0.309570 -0.891140
0.309814 -0.899095
0.310059 -0.906104
0.310303 -0.912163
0.310547 -0.917269
0.310791 -0.921420
0.311035 -0.924617
0.311279 -0.926859
0.311523 -0.928150
0.311768 -0.928493
0.312012 -0.927891
0.312256 -0.926351
0.312500 -0.923880
0.312744 -0.920484
0.312988 -0.916173
0.313232 -0.910958
0.313477 -0.904850
0.313721 -0.897860
0.313965 -0.890002
0.314209 -0.881291
0.314453 -0.871742
0.314697 -0.861372
0.314941 -0.850197
0.315186 -0.838237
0.315430 -0.825509
0.315674 -0.812036
0.315918 -0.797836
0.316162 -0.782933
0.316406 -0.767348
0.316650 -0.751106
0.316895 -0.734229
0.317139 -0.716743
0.317383 -0.698674
0.317627 -0.680046
0.317871 -0.660887
0.318115 -0.641224
0.318359 -0.621084
0.318604 -0.600495
0.318848 -0.579486
0.319092 -0.558085
0.319336 -0.536322
0.319580 -0.514226
0.319824 -0.491827
0.320068 -0.469154
0.320312 -0.446238
0.320557 -0.423109
0.320801 -0.399797
0.321045 -0.376333
0.321289 -0.352746
0.321533 -0.329066
0.321777 -0.305325
0.322021 -0.281552
0.322266 -0.257777
0.322510 -0.234029
0.322754 -0.210338
0.322998 -0.186733
0.323242 -0.163243
0.323486 -0.139896
0.323730 -0.116719
0.323975 -0.093741
0.324219 -0.070989
0.324463 -0.048488
0.324707 -0.026265
0.324951 -0.004345
0.325195 0.017246
0.325439 0.038486
0.325684 0.059351
0.325928 0.079818
0.326172 0.099865
0.326416 0.119471
0.326660 0.138616
0.326904 0.157280
0.327148 0.175445
0.327393 0.193093
0.327637 0.210208
0.327881 0.226772
0.328125 0.242772
0.328369 0.258193
0.328613 0.273022
0.328857 0.287247
0.329102 0.300857
0.329346 0.313841
0.329590 0.326192
0.329834 0.337900
0.330078 0.348959
0.330322 0.359363
0.330566 0.369107
0.330811 0.378186
0.331055 0.386599
0.331299 0.394343
0.331543 0.401417
0.331787 0.407822
0.332031 0.413559
0.332275 0.418630
0.332520 0.423039
0.332764 0.426789
0.333008 0.429887
0.333252 0.432338
0.333496 0.434150
0.333740 0.435330
0.333984 0.435889
0.334229 0.435835
0.334473 0.435180
0.334717 0.433936
0.334961 0.432115
0.335205 0.429730
0.335449 0.426796
0.335693 0.423327
0.335938 0.419340
0.336182 0.414850
0.336426 0.409875
0.336670 0.404433
0.336914 0.398541
0.337158 0.392220
0.337402 0.385487
0.337646 0.378364
0.337891 0.370870
0.338135 0.363027
0.338379 0.354856
0.338623 0.346378
0.338867 0.337616
0.339111 0.328592
0.339355 0.319328
0.339600 0.309848
0.339844 0.300175
0.340088 0.290331
0.340332 0.280339
0.340576 0.270224
0.340820 0.260008
0.341064 0.249715
0.341309 0.239368
0.341553 0.228991
0.341797 0.218606
0.342041 0.208236
0.342285 0.197904
0.342529 0.187633
0.342773 0.177444
0.343018 0.167360
0.343262 0.157402
0.343506 0.147592
0.343750 0.137950
0.343994 0.128496
0.344238 0.119250
0.344482 0.110232
0.344727 0.101460
0.344971 0.092952
0.345215 0.084727
0.345459 0.076800
0.345703 0.069188
0.345947 0.061908
0.346191 0.054972
0.346436 0.048397
0.346680 0.042194
0.346924 0.036378
0.347168 0.030958
0.347412 0.025947
0.347656 0.021355
0.347900 0.017190
0.348145 0.013461
0.348389 0.010176
0.348633 0.007341
0.348877 0.004962
0.349121 0.003043
0.349365 0.001589
0.349609 0.000602
0.349854 0.000085
0.350098 0.000038
0.350342 0.000461
0.350586 0.001354
0.350830 0.002715
0.351074 0.004541
0.351318 0.006828
0.351562 0.009573
0.351807 0.012768
0.352051 0.016409
0.352295 0.020487
0.352539 0.024995
0.352783 0.029923
0.353027 0.035262
0.353271 0.041000
0.353516 0.047126
0.353760 0.053628
0.354004 0.060492
0.354248 0.067705
0.354492 0.075252
0.354736 0.083117
0.354980 0.091284
0.355225 0.099737
0.355469 0.108457
0.355713 0.117428
0.355957 0.126629
0.356201 0.136043
0.356445 0.145649
0.356689 0.155428
0.356934 0.165358
0.357178 0.175418
0.357422 0.185588
0.357666 0.195844
0.357910 0.206166
0.358154 0.216530
0.358398 0.226914
0.358643 0.237294
0.358887 0.247649
0.359131 0.257955
0.359375 0.268188
0.359619 0.278325
0.359863 0.288343
0.360107 0.298219
0.360352 0.307928
0.360596 0.317449
0.360840 0.326758
0.361084 0.335831
0.361328 0.344648
0.361572 0.353184
0.361816 0.361418
0.362061 0.369329
0.362305 0.376894
0.362549 0.384093
0.362793 0.390905
0.363037 0.397311
0.363281 0.403290
0.363525 0.408824
0.363770 0.413893
0.364014 0.418481
0.364258 0.422571
0.364502 0.426144
0.364746 0.429186
0.364990 0.431682
0.365234 0.433617
0.365479 0.434978
0.365723 0.435752
0.365967 0.435927
0.366211 0.435492
0.366455 0.434436
0.366699 0.432751
0.366943 0.430429
0.367188 0.427461
0.367432 0.423841
0.367676 0.419565
0.367920 0.414626
0.368164 0.409023
0.368408 0.402751
0.368652 0.395811
0.368896 0.388201
0.369141 0.379922
0.369385 0.370976
0.369629 0.361365
0.369873 0.351093
0.370117 0.340164
0.370361 0.328585
0.370605 0.316363
0.370850 0.303504
0.371094 0.290018
0.371338 0.275915
0.371582 0.261206
0.371826 0.245903
0.372070 0.230018
0.372314 0.213565
0.372559 0.196560
0.372803 0.179017
0.373047 0.160954
0.373291 0.142388
0.373535 0.123338
0.373779 0.103822
0.374023 0.083862
0.374268 0.063477
0.374512 0.042690
0.374756 0.021523
0.375000 0.000000
0.375244 -0.021856
0.375488 -0.044020
0.375732 -0.066467
0.375977 -0.089172
0.376221 -0.112107
0.376465 -0.135246
0.376709 -0.158561
0.376953 -0.182025
0.377197 -0.205610
0.377441 -0.229286
0.377686 -0.253024
0.377930 -0.276796
0.378174 -0.300572
0.378418 -0.324322
0.378662 -0.348016
0.378906 -0.371624
0.379150 -0.395115
0.379395 -0.418460
0.379639 -0.441628
0.379883 -0.464589
0.380127 -0.487313
0.380371 -0.509769
0.380615 -0.531928
0.380859 -0.553760
0.381104 -0.575236
0.381348 -0.596326
0.381592 -0.617001
0.381836 -0.637233
0.382080 -0.656994
0.382324 -0.676256
0.382568 -0.694992
0.382812 -0.713175
0.383057 -0.730780
0.383301 -0.747780
0.383545 -0.764152
0.383789 -0.779870
0.384033 -0.794911
0.384277 -0.809253
0.384521 -0.822874
0.384766 -0.835752
0.385010 -0.847867
0.385254 -0.859201
0.385498 -0.869733
0.385742 -0.879448
0.385986 -0.888328
0.386230 -0.896357
0.386475 -0.903522
0.386719 -0.909808
0.386963 -0.915202
0.387207 -0.919695
0.387451 -0.923274
0.387695 -0.925931
0.387939 -0.927658
0.388184 -0.928448
0.388428 -0.928295
0.388672 -0.927194
0.388916 -0.925141
0.389160 -0.922136
0.389404 -0.918175
0.389648 -0.913260
0.389893 -0.907392
0.390137 -0.900573
0.390381 -0.892806
0.390625 -0.884098
0.390869 -0.874452
0.391113 -0.863878
0.391357 -0.852383
0.391602 -0.839977
0.391846 -0.826671
0.392090 -0.812475
0.392334 -0.797405
0.392578 -0.781473
0.392822 -0.764694
0.393066 -0.747086
0.393311 -0.728665
0.393555 -0.709451
0.393799 -0.689461
0.394043 -0.668717
0.394287 -0.647241
0.394531 -0.625054
0.394775 -0.602179
0.395020 -0.578642
0.395264 -0.554466
0.395508 -0.529679
0.395752 -0.504306
0.395996 -0.478374
0.396240 -0.451913
0.396484 -0.424950
0.396729 -0.397515
0.396973 -0.369639
0.397217 -0.341352
0.397461 -0.312684
0.397705 -0.283669
0.397949 -0.254337
0.398193 -0.224721
0.398438 -0.194855
0.398682 -0.164772
0.398926 -0.134504
0.399170 -0.104086
0.399414 -0.073552
0.399658 -0.042936
0.399902 -0.012271
0.400146 0.018407
0.400391 0.049064
0.400635 0.079667
0.400879 0.110180
0.401123 0.140571
0.401367 0.170804
0.401611 0.200847
0.401855 0.230666
0.402100 0.260227
0.402344 0.289498
0.402588 0.318447
0.402832 0.347041
0.403076 0.375248
0.403320 0.403039
0.403564 0.430381
0.403809 0.457246
0.404053 0.483604
0.404297 0.509426
0.404541 0.534684
0.404785 0.559351
0.405029 0.583401
0.405273 0.606808
0.405518 0.629547
0.405762 0.651594
0.406006 0.672925
0.406250 0.693520
0.406494 0.713356
0.406738 0.732414
0.406982 0.750673
0.407227 0.768117
0.407471 0.784727
0.407715 0.800488
0.407959 0.815385
0.408203 0.829403
0.408447 0.842531
0.408691 0.854755
0.408936 0.866067
0.409180 0.876456
0.409424 0.885914
0.409668 0.894435
0.409912 0.902013
0.410156 0.908642
0.410400 0.914320
0.410645 0.919044
0.410889 0.922813
0.411133 0.925628
0.411377 0.927490
0.411621 0.928401
0.411865 0.928365
0.412109 0.927388
0.412354 0.925474
0.412598 0.922632
0.412842 0.918869
0.413086 0.914195
0.413330 0.908621
0.413574 0.902159
0.413818 0.894820
0.414062 0.886619
0.414307 0.877571
0.414551 0.867692
0.414795 0.856997
0.415039 0.845506
0.415283 0.833237
0.415527 0.820208
0.415771 0.806442
0.416016 0.791958
0.416260 0.776779
0.416504 0.760929
0.416748 0.744430
0.416992 0.727307
0.417236 0.709584
0.417480 0.691288
0.417725 0.672445
0.417969 0.653081
0.418213 0.633223
0.418457 0.612900
0.418701 0.592140
0.418945 0.570971
0.419189 0.549422
0.419434 0.527522
0.419678 0.505301
0.419922 0.482789
0.420166 0.460015
0.420410 0.437010
0.420654 0.413805
0.420898 0.390428
0.421143 0.366911
0.421387 0.343283
0.421631 0.319576
0.421875 0.295818
0.422119 0.272041
0.422363 0.248273
0.422607 0.224545
0.422852 0.200885
0.423096 0.177322
0.423340 0.153885
0.423584 0.130603
0.423828 0.107503
0.424072 0.084612
0.424316 0.061957
0.424561 0.039564
0.424805 0.017459
0.425049 -0.004332
0.425293 -0.025786
0.425537 -0.046879
0.425781 -0.067587
0.426025 -0.087888
0.426270 -0.107761
0.426514 -0.127186
0.426758 -0.146141
0.427002 -0.164607
0.427246 -0.182568
0.427490 -0.200004
0.427734 -0.216900
0.427979 -0.233241
0.428223 -0.249010
0.428467 -0.264196
0.428711 -0.278785
0.428955 -0.292765
0.429199 -0.306126
0.429443 -0.318858
0.429688 -0.330953
0.429932 -0.342402
0.430176 -0.353200
0.430420 -0.363340
0.430664 -0.372818
0.430908 -0.381632
0.431152 -0.389777
0.431396 -0.397253
0.431641 -0.404059
0.431885 -0.410197
0.432129 -0.415667
0.432373 -0.420473
0.432617 -0.424618
0.432861 -0.428106
0.433105 -0.430945
0.433350 -0.433139
0.433594 -0.434697
0.433838 -0.435628
0.434082 -0.435940
0.434326 -0.435645
0.434570 -0.434753
0.434814 -0.433276
0.435059 -0.431228
0.435303 -0.428621
0.435547 -0.425471
0.435791 -0.421793
0.436035 -0.417603
0.436279 -0.412917
0.436523 -0.407753
0.436768 -0.402129
0.437012 -0.396063
0.437256 -0.389575
0.437500 -0.382683
0.437744 -0.375409
0.437988 -0.367773
0.438232 -0.359796
0.438477 -0.351500
0.438721 -0.342906
0.438965 -0.334037
0.439209 -0.324914
0.439453 -0.315561
0.439697 -0.306001
0.439941 -0.296256
0.440186 -0.286350
0.440430 -0.276307
0.440674 -0.266148
0.440918 -0.255899
0.441162 -0.245582
0.441406 -0.235220
0.441650 -0.224836
0.441895 -0.214455
0.442139 -0.204097
0.442383 -0.193787
0.442627 -0.183546
0.442871 -0.173397
0.443115 -0.163361
0.443359 -0.153459
0.443604 -0.143714
0.443848 -0.134144
0.444092 -0.124771
0.444336 -0.115614
0.444580 -0.106692
0.444824 -0.098024
0.445068 -0.089627
0.445312 -0.081519
0.445557 -0.073717
0.445801 -0.066235
0.446045 -0.059091
0.446289 -0.052298
0.446533 -0.045870
0.446777 -0.039821
0.447021 -0.034162
0.447266 -0.028904
0.447510 -0.024059
0.447754 -0.019637
0.447998 -0.015646
0.448242 -0.012093
0.448486 -0.008987
0.448730 -0.006334
0.448975 -0.004139
0.449219 -0.002405
0.449463 -0.001138
0.449707 -0.000339
0.449951 -0.000009
0.450195 -0.000151
0.450439 -0.000762
0.450684 -0.001842
0.450928 -0.003390
0.451172 -0.005401
0.451416 -0.007872
0.451660 -0.010797
0.451904 -0.014172
0.452148 -0.017988
0.452393 -0.022239
0.452637 -0.026916
0.452881 -0.032010
0.453125 -0.037510
0.453369 -0.043404
0.453613 -0.049682
0.453857 -0.056331
0.454102 -0.063336
0.454346 -0.070685
0.454590 -0.078360
0.454834 -0.086348
0.455078 -0.094632
0.455322 -0.103194
0.455566 -0.112016
0.455811 -0.121082
0.456055 -0.130371
0.456299 -0.139864
0.456543 -0.149541
0.456787 -0.159383
0.457031 -0.169368
0.457275 -0.179474
0.457520 -0.189681
0.457764 -0.199966
0.458008 -0.210307
0.458252 -0.220682
0.458496 -0.231068
0.458740 -0.241441
0.458984 -0.251779
0.459229 -0.262058
0.459473 -0.272256
0.459717 -0.282348
0.459961 -0.292312
0.460205 -0.302124
0.460449 -0.311761
0.460693 -0.321199
0.460938 -0.330417
0.461182 -0.339390
0.461426 -0.348097
0.461670 -0.356515
0.461914 -0.364622
0.462158 -0.372397
0.462402 -0.379819
0.462646 -0.386865
0.462891 -0.393517
0.463135 -0.399755
0.463379 -0.405558
0.463623 -0.410908
0.463867 -0.415787
0.464111 -0.420178
0.464355 -0.424063
0.464600 -0.427426
0.464844 -0.430251
0.465088 -0.432524
0.465332 -0.434231
0.465576 -0.435359
0.465820 -0.435895
0.466064 -0.435827
0.466309 -0.435144
0.466553 -0.433838
0.466797 -0.431899
0.467041 -0.429319
0.467285 -0.426092
0.467529 -0.422210
0.467773 -0.417669
0.468018 -0.412465
0.468262 -0.406594
0.468506 -0.400056
0.468750 -0.392847
0.468994 -0.384970
0.469238 -0.376424
0.469482 -0.367211
0.469727 -0.357335
0.469971 -0.346800
0.470215 -0.335610
0.470459 -0.323773
0.470703 -0.311295
0.470947 -0.298184
0.471191 -0.284450
0.471436 -0.270104
0.471680 -0.255155
0.471924 -0.239618
0.472168 -0.223504
0.472412 -0.206828
0.472656 -0.189606
0.472900 -0.171853
0.473145 -0.153587
0.473389 -0.134825
0.473633 -0.115586
0.473877 -0.095890
0.474121 -0.075757
0.474365 -0.055209
0.474609 -0.034268
0.474854 -0.012955
0.475098 0.008704
0.475342 0.030686
0.475586 0.052967
0.475830 0.075520
0.476074 0.098320
0.476318 0.121340
0.476562 0.144552
0.476807 0.167931
0.477051 0.191446
0.477295 0.215071
0.477539 0.238775
0.477783 0.262531
0.478027 0.286308
0.478271 0.310077
0.478516 0.333808
0.478760 0.357471
0.479004 0.381036
0.479248 0.404473
0.479492 0.427751
0.479736 0.450839
0.479980 0.473709
0.480225 0.496329
0.480469 0.518670
0.480713 0.540702
0.480957 0.562395
0.481201 0.583720
0.481445 0.604647
0.481689 0.625148
0.481934 0.645195
0.482178 0.664760
0.482422 0.683815
0.482666 0.702333
0.482910 0.720288
0.483154 0.737654
0.483398 0.754406
0.483643 0.770519
0.483887 0.785969
0.484131 0.800733
0.484375 0.814789
0.484619 0.828115
0.484863 0.840691
0.485107 0.852496
0.485352 0.863511
0.485596 0.873718
0.485840 0.883101
0.486084 0.891642
0.486328 0.899328
0.486572 0.906142
0.486816 0.912073
0.487061 0.917108
0.487305 0.921236
0.487549 0.924448
0.487793 0.926734
0.488037 0.928087
0.488281 0.928500
0.488525 0.927968
0.488770 0.926487
0.489014 0.924054
0.489258 0.920666
0.489502 0.916324
0.489746 0.911027
0.489990 0.904778
0.490234 0.897580
0.490479 0.889436
0.490723 0.880352
0.490967 0.870334
0.491211 0.859390
0.491455 0.847530
0.491699 0.834762
0.491943 0.821098
0.492188 0.806552
0.492432 0.791135
0.492676 0.774862
0.492920 0.757750
0.493164 0.739814
0.493408 0.721074
0.493652 0.701547
0.493896 0.681253
0.494141 0.660213
0.494385 0.638450
0.494629 0.615985
0.494873 0.592842
0.495117 0.569047
0.495361 0.544623
0.495605 0.519598
0.495850 0.493998
0.496094 0.467852
0.496338 0.441186
0.496582 0.414031
0.496826 0.386416
0.497070 0.358372
0.497314 0.329929
0.497559 0.301118
0.497803 0.271972
0.498047 0.242523
0.498291 0.212803
0.498535 0.182846
0.498779 0.152685
0.499023 0.122353
0.499268 0.091885
0.499512 0.061314
0.499756 0.030674
0.500000 0.000000
0.500244 -0.030674
0.500488 -0.061314
0.500732 -0.091885
0.500977 -0.122353
0.501221 -0.152685
0.501465 -0.182846
0.501709 -0.212803
0.501953 -0.242523
0.502197 -0.271972
0.502441 -0.301118
0.502686 -0.329929
0.502930 -0.358372
0.503174 -0.386416
0.503418 -0.414031
0.503662 -0.441186
0.503906 -0.467852
0.504150 -0.493998
0.504395 -0.519598
0.504639 -0.544623
0.504883 -0.569047
0.505127 -0.592842
0.505371 -0.615985
0.505615 -0.638450
0.505859 -0.660213
0.506104 -0.681253
0.506348 -0.701547
0.506592 -0.721074
0.506836 -0.739814
0.507080 -0.757750
0.507324 -0.774862
0.507568 -0.791135
0.507812 -0.806552
0.508057 -0.821098
0.508301 -0.834762
0.508545 -0.847530
0.508789 -0.859390
0.509033 -0.870334
0.509277 -0.880352
0.509521 -0.889436
0.509766 -0.897580
0.510010 -0.904778
0.510254 -0.911027
0.510498 -0.916324
0.510742 -0.920666
0.510986 -0.924054
0.511230 -0.926487
0.511475 -0.927968
0.511719 -0.928500
0.511963 -0.928087
0.512207 -0.926734
0.512451 -0.924448
0.512695 -0.921236
0.512939 -0.917108
0.513184 -0.912073
0.513428 -0.906142
0.513672 -0.899328
0.513916 -0.891642
0.514160 -0.883101
0.514404 -0.873718
0.514648 -0.863511
0.514893 -0.852496
0.515137 -0.840691
0.515381 -0.828115
0.515625 -0.814789
0.515869 -0.800733
0.516113 -0.785969
0.516357 -0.770519
0.516602 -0.754406
0.516846 -0.737654
0.517090 -0.720288
0.517334 -0.702333
0.517578 -0.683815
0.517822 -0.664760
0.518066 -0.645195
0.518311 -0.625148
0.518555 -0.604647
0.518799 -0.583720
0.519043 -0.562395
0.519287 -0.540702
0.519531 -0.518670
0.519775 -0.496329
0.520020 -0.473709
0.520264 -0.450839
0.520508 -0.427751
0.520752 -0.404473
0.520996 -0.381036
0.521240 -0.357471
0.521484 -0.333808
0.521729 -0.310077
0.521973 -0.286308
0.522217 -0.262531
0.522461 -0.238775
0.522705 -0.215071
0.522949 -0.191446
0.523193 -0.167931
0.523438 -0.144552
0.523682 -0.121340
0.523926 -0.098320
0.524170 -0.075520
0.524414 -0.052967
0.524658 -0.030686
0.524902 -0.008704
0.525146 0.012955
0.525391 0.034268
0.525635 0.055209
0.525879 0.075757
0.526123 0.095890
0.526367 0.115586
0.526611 0.134825
0.526855 0.153587
0.527100 0.171853
0.527344 0.189606
0.527588 0.206828
0.527832 0.223504
0.528076 0.239618
0.528320 0.255155
0.528564 0.270104
0.528809 0.284450
0.529053 0.298184
0.529297 0.311295
0.529541 0.323773
0.529785 0.335610
0.530029 0.346800
0.530273 0.357335
0.530518 0.367211
0.530762 0.376424
0.531006 0.384970
0.531250 0.392847
0.531494 0.400056
0.531738 0.406594
0.531982 0.412465
0.532227 0.417669
0.532471 0.422210
0.532715 0.426092
0.532959 0.429319
0.533203 0.431899
0.533447 0.433838
0.533691 0.435144
0.533936 0.435827
0.534180 0.435895
0.534424 0.435359
0.534668 0.434231
0.534912 0.432524
0.535156 0.430251
0.535400 0.427426
0.535645 0.424063
0.535889 0.420178
0.536133 0.415787
0.536377 0.410908
0.536621 0.405558
0.536865 0.399755
0.537109 0.393517
0.537354 0.386865
0.537598 0.379819
0.537842 0.372397
0.538086 0.364622
0.538330 0.356515
0.538574 0.348097
0.538818 0.339390
0.539062 0.330417
0.539307 0.321199
0.539551 0.311761
0.539795 0.302124
0.540039 0.292312
0.540283 0.282348
0.540527 0.272256
0.540771 0.262058
0.541016 0.251779
0.541260 0.241441
0.541504 0.231068
0.541748 0.220682
0.541992 0.210307
0.542236 0.199966
0.542480 0.189681
0.542725 0.179474
0.542969 0.169368
0.543213 0.159383
0.543457 0.149541
0.543701 0.139864
0.543945 0.130371
0.544189 0.121082
0.544434 0.112016
0.544678 0.103194
0.544922 0.094632
0.545166 0.086348
0.545410 0.078360
0.545654 0.070685
0.545898 0.063336
0.546143 0.056331
0.546387 0.049682
0.546631 0.043404
0.546875 0.037510
0.547119 0.032010
0.547363 0.026916
0.547607 0.022239
0.547852 0.017988
0.548096 0.014172
0.548340 0.010797
0.548584 0.007872
0.548828 0.005401
0.549072 0.003390
0.549316 0.001842
0.549561 0.000762
0.549805 0.000151
0.550049 0.000009
0.550293 0.000339
0.550537 0.001138
0.550781 0.002405
0.551025 0.004139
0.551270 0.006334
0.551514 0.008987
0.551758 0.012093
0.552002 0.015646
0.552246 0.019637
0.552490 0.024059
0.552734 0.028904
0.552979 0.034162
0.553223 0.039821
0.553467 0.045870
0.553711 0.052298
0.553955 0.059091
0.554199 0.066235
0.554443 0.073717
0.554688 0.081519
0.554932 0.089627
0.555176 0.098024
0.555420 0.106692
0.555664 0.115614
0.555908 0.124771
0.556152 0.134144
0.556396 0.143714
0.556641 0.153459
0.556885 0.163361
0.557129 0.173397
0.557373 0.183546
0.557617 0.193787
0.557861 0.204097
0.558105 0.214455
0.558350 0.224836
0.558594 0.235220
0.558838 0.245582
0.559082 0.255899
0.559326 0.266148
0.559570 0.276307
0.559814 0.286350
0.560059 0.296256
0.560303 0.306001
0.560547 0.315561
0.560791 0.324914
0.561035 0.334037
0.561279 0.342906
0.561523 0.351500
0.561768 0.359796
0.562012 0.367773
0.562256 0.375409
0.562500 0.382683
0.562744 0.389575
0.562988 0.396063
0.563232 0.402129
0.563477 0.407753
0.563721 0.412917
0.563965 0.417603
0.564209 0.421793
0.564453 0.425471
0.564697 0.428621
0.564941 0.431228
0.565186 0.433276
0.565430 0.434753
0.565674 0.435645
0.565918 0.435940
0.566162 0.435628
0.566406 0.434697
0.566650 0.433139
0.566895 0.430945
0.567139 0.428106
0.567383 0.424618
0.567627 0.420473
0.567871 0.415667
0.568115 0.410197
0.568359 0.404059
0.568604 0.397253
0.568848 0.389777
0.569092 0.381632
0.569336 0.372818
0.569580 0.363340
0.569824 0.353200
0.570068 0.342402
0.570312 0.330953
0.570557 0.318858
0.570801 0.306126
0.571045 0.292765
0.571289 0.278785
0.571533 0.264196
0.571777 0.249010
0.572021 0.233241
0.572266 0.216900
0.572510 0.200004
0.572754 0.182568
0.572998 0.164607
0.573242 0.146141
0.573486 0.127186
0.573730 0.107761
0.573975 0.087888
0.574219 0.067587
0.574463 0.046879
0.574707 0.025786
0.574951 0.004332
0.575195 -0.017459
0.575439 -0.039564
0.575684 -0.061957
0.575928 -0.084612
0.576172 -0.107503
0.576416 -0.130603
0.576660 -0.153885
0.576904 -0.177322
0.577148 -0.200885
0.577393 -0.224545
0.577637 -0.248273
0.577881 -0.272041
0.578125 -0.295818
0.578369 -0.319576
0.578613 -0.343283
0.578857 -0.366911
0.579102 -0.390428
0.579346 -0.413805
0.579590 -0.437010
0.579834 -0.460015
0.580078 -0.482789
0.580322 -0.505301
0.580566 -0.527522
0.580811 -0.549422
0.581055 -0.570971
0.581299 -0.592140
0.581543 -0.612900
0.581787 -0.633223
0.582031 -0.653081
0.582275 -0.672445
0.582520 -0.691288
0.582764 -0.709584
0.583008 -0.727307
0.583252 -0.744430
0.583496 -0.760929
0.583740 -0.776779
0.583984 -0.791958
0.584229 -0.806442
0.584473 -0.820208
0.584717 -0.833237
0.584961 -0.845506
0.585205 -0.856997
0.585449 -0.867692
0.585693 -0.877571
0.585938 -0.886619
0.586182 -0.894820
0.586426 -0.902159
0.586670 -0.908621
0.586914 -0.914195
0.587158 -0.918869
0.587402 -0.922632
0.587646 -0.925474
0.587891 -0.927388
0.588135 -0.928365
0.588379 -0.928401
0.588623 -0.927490
0.588867 -0.925628
0.589111 -0.922813
0.589355 -0.919044
0.589600 -0.914320
0.589844 -0.908642
0.590088 -0.902013
0.590332 -0.894435
0.590576 -0.885914
0.590820 -0.876456
0.591064 -0.866067
0.591309 -0.854755
0.591553 -0.842531
0.591797 -0.829403
0.592041 -0.815385
0.592285 -0.800488
0.592529 -0.784727
0.592773 -0.768117
0.593018 -0.750673
0.593262 -0.732414
0.593506 -0.713356
0.593750 -0.693520
0.593994 -0.672925
0.594238 -0.651594
0.594482 -0.629547
0.594727 -0.606808
0.594971 -0.583401
0.595215 -0.559351
0.595459 -0.534684
0.595703 -0.509426
0.595947 -0.483604
0.596191 -0.457246
0.596436 -0.430381
0.596680 -0.403039
0.596924 -0.375248
0.597168 -0.347041
0.597412 -0.318447
0.597656 -0.289498
0.597900 -0.260227
0.598145 -0.230666
0.598389 -0.200847
0.598633 -0.170804
0.598877 -0.140571
0.599121 -0.110180
0.599365 -0.079667
0.599609 -0.049064
0.599854 -0.018407
0.600098 0.012271
0.600342 0.042936
0.600586 0.073552
0.600830 0.104086
0.601074 0.134504
0.601318 0.164772
0.601562 0.194855
0.601807 0.224721
0.602051 0.254337
0.602295 0.283669
0.602539 0.312684
0.602783 0.341352
0.603027 0.369639
0.603271 0.397515
0.603516 0.424950
0.603760 0.451913
0.604004 0.478374
0.604248 0.504306
0.604492 0.529679
0.604736 0.554466
0.604980 0.578642
0.605225 0.602179
0.605469 0.625054
0.605713 0.647241
0.605957 0.668717
0.606201 0.689461
0.606445 0.709451
0.606689 0.728665
0.606934 0.747086
0.607178 0.764694
0.607422 0.781473
0.607666 0.797405
0.607910 0.812475
0.608154 0.826671
0.608398 0.839977
0.608643 0.852383
0.608887 0.863878
0.609131 0.874452
0.609375 0.884098
0.609619 0.892806
0.609863 0.900573
0.610107 0.907392
0.610352 0.913260
0.610596 0.918175
0.610840 0.922136
0.611084 0.925141
0.611328 0.927194
0.611572 0.928295
0.611816 0.928448
0.612061 0.927658
0.612305 0.925931
0.612549 0.923274
0.612793 0.919695
0.613037 0.915202
0.613281 0.909808
0.613525 0.903522
0.613770 0.896357
0.614014 0.888328
0.614258 0.879448
0.614502 0.869733
0.614746 0.859201
0.614990 0.847867
0.615234 0.835752
0.615479 0.822874
0.615723 0.809253
0.615967 0.794911
0.616211 0.779870
0.616455 0.764152
0.616699 0.747780
0.616943 0.730780
0.617188 0.713175
0.617432 0.694992
0.617676 0.676256
0.617920 0.656994
0.618164 0.637233
0.618408 0.617001
0.618652 0.596326
0.618896 0.575236
0.619141 0.553760
0.619385 0.531928
0.619629 0.509769
0.619873 0.487313
0.620117 0.464589
0.620361 0.441628
0.620605 0.418460
0.620850 0.395115
0.621094 0.371624
0.621338 0.348016
0.621582 0.324322
0.621826 0.300572
0.622070 0.276796
0.622314 0.253024
0.622559 0.229286
0.622803 0.205610
0.623047 0.182025
0.623291 0.158561
0.623535 0.135246
0.623779 0.112107
0.624023 0.089172
0.624268 0.066467
0.624512 0.044020
0.624756 0.021856
0.625000 -0.000000
0.625244 -0.021523
0.625488 -0.042690
0.625732 -0.063477
0.625977 -0.083862
0.626221 -0.103822
0.626465 -0.123338
0.626709 -0.142388
0.626953 -0.160954
0.627197 -0.179017
0.627441 -0.196560
0.627686 -0.213565
0.627930 -0.230018
0.628174 -0.245903
0.628418 -0.261206
0.628662 -0.275915
0.628906 -0.290018
0.629150 -0.303504
0.629395 -0.316363
0.629639 -0.328585
0.629883 -0.340164
0.630127 -0.351093
0.630371 -0.361365
0.630615 -0.370976
0.630859 -0.379922
0.631104 -0.388201
0.631348 -0.395811
0.631592 -0.402751
0.631836 -0.409023
0.632080 -0.414626
0.632324 -0.419565
0.632568 -0.423841
0.632812 -0.427461
0.633057 -0.430429
0.633301 -0.432751
0.633545 -0.434436
0.633789 -0.435492
0.634033 -0.435927
0.634277 -0.435752
0.634521 -0.434978
0.634766 -0.433617
0.635010 -0.431682
0.635254 -0.429186
0.635498 -0.426144
0.635742 -0.422571
0.635986 -0.418481
0.636230 -0.413893
0.636475 -0.408824
0.636719 -0.403290
0.636963 -0.397311
0.637207 -0.390905
0.637451 -0.384093
0.637695 -0.376894
0.637939 -0.369329
0.638184 -0.361418
0.638428 -0.353184
0.638672 -0.344648
0.638916 -0.335831
0.639160 -0.326758
0.639404 -0.317449
0.639648 -0.307928
0.639893 -0.298219
0.640137 -0.288343
0.640381 -0.278325
0.640625 -0.268188
0.640869 -0.257955
0.641113 -0.247649
0.641357 -0.237294
0.641602 -0.226914
0.641846 -0.216530
0.642090 -0.206166
0.642334 -0.195844
0.642578 -0.185588
0.642822 -0.175418
0.643066 -0.165358
0.643311 -0.155428
0.643555 -0.145649
0.643799 -0.136043
0.644043 -0.126629
0.644287 -0.117428
0.644531 -0.108457
0.644775 -0.099737
0.645020 -0.091284
0.645264 -0.083117
0.645508 -0.075252
0.645752 -0.067705
0.645996 -0.060492
0.646240 -0.053628
0.646484 -0.047126
0.646729 -0.041000
0.646973 -0.035262
0.647217 -0.029923
0.647461 -0.024995
0.647705 -0.020487
0.647949 -0.016409
0.648193 -0.012768
0.648438 -0.009573
0.648682 -0.006828
0.648926 -0.004541
0.649170 -0.002715
0.649414 -0.001354
0.649658 -0.000461
0.649902 -0.000038
0.650146 -0.000085
0.650391 -0.000602
0.650635 -0.001589
0.650879 -0.003043
0.651123 -0.004962
0.651367 -0.007341
0.651611 -0.010176
0.651855 -0.013461
0.652100 -0.017190
0.652344 -0.021355
0.652588 -0.025947
0.652832 -0.030958
0.653076 -0.036378
0.653320 -0.042194
0.653564 -0.048397
0.653809 -0.054972
0.654053 -0.061908
0.654297 -0.069188
0.654541 -0.076800
0.654785 -0.084727
0.655029 -0.092952
0.655273 -0.101460
0.655518 -0.110232
0.655762 -0.119250
0.656006 -0.128496
0.656250 -0.137950
0.656494 -0.147592
0.656738 -0.157402
0.656982 -0.167360
0.657227 -0.177444
0.657471 -0.187633
0.657715 -0.197904
0.657959 -0.208236
0.658203 -0.218606
0.658447 -0.228991
0.658691 -0.239368
0.658936 -0.249715
0.659180 -0.260008
0.659424 -0.270224
0.659668 -0.280339
0.659912 -0.290331
0.660156 -0.300175
0.660400 -0.309848
0.660645 -0.319328
0.660889 -0.328592
0.661133 -0.337616
0.661377 -0.346378
0.661621 -0.354856
0.661865 -0.363027
0.662109 -0.370870
0.662354 -0.378364
0.662598 -0.385487
0.662842 -0.392220
0.663086 -0.398541
0.663330 -0.404433
0.663574 -0.409875
0.663818 -0.414850
0.664062 -0.419340
0.664307 -0.423327
0.664551 -0.426796
0.664795 -0.429730
0.665039 -0.432115
0.665283 -0.433936
0.665527 -0.435180
0.665771 -0.435835
0.666016 -0.435889
0.666260 -0.435330
0.666504 -0.434150
0.666748 -0.432338
0.666992 -0.429887
0.667236 -0.426789
0.667480 -0.423039
0.667725 -0.418630
0.667969 -0.413559
0.668213 -0.407822
0.668457 -0.401417
0.668701 -0.394343
0.668945 -0.386599
0.669189 -0.378186
0.669434 -0.369107
0.669678 -0.359363
0.669922 -0.348959
0.670166 -0.337900
0.670410 -0.326192
0.670654 -0.313841
0.670898 -0.300857
0.671143 -0.287247
0.671387 -0.273022
0.671631 -0.258193
0.671875 -0.242772
0.672119 -0.226772
0.672363 -0.210208
0.672607 -0.193093
0.672852 -0.175445
0.673096 -0.157280
0.673340 -0.138616
0.673584 -0.119471
0.673828 -0.099865
0.674072 -0.079818
0.674316 -0.059351
0.674561 -0.038486
0.674805 -0.017246
0.675049 0.004345
0.675293 0.026265
0.675537 0.048488
0.675781 0.070989
0.676025 0.093741
0.676270 0.116719
0.676514 0.139896
0.676758 0.163243
0.677002 0.186733
0.677246 0.210338
0.677490 0.234029
0.677734 0.257777
0.677979 0.281552
0.678223 0.305325
0.678467 0.329066
0.678711 0.352746
0.678955 0.376333
0.679199 0.399797
0.679443 0.423109
0.679688 0.446238
0.679932 0.469154
0.680176 0.491827
0.680420 0.514226
0.680664 0.536322
0.680908 0.558085
0.681152 0.579486
0.681396 0.600495
0.681641 0.621084
0.681885 0.641224
0.682129 0.660887
0.682373 0.680046
0.682617 0.698674
0.682861 0.716743
0.683105 0.734229
0.683350 0.751106
0.683594 0.767348
0.683838 0.782933
0.684082 0.797836
0.684326 0.812036
0.684570 0.825509
0.684814 0.838237
0.685059 0.850197
0.685303 0.861372
0.685547 0.871742
0.685791 0.881291
0.686035 0.890002
0.686279 0.897860
0.686523 0.904850
0.686768 0.910958
0.687012 0.916173
0.687256 0.920484
0.687500 0.923880
0.687744 0.926351
0.687988 0.927891
0.688232 0.928493
0.688477 0.928150
0.688721 0.926859
0.688965 0.924617
0.689209 0.921420
0.689453 0.917269
0.689697 0.912163
0.689941 0.906104
0.690186 0.899095
0.690430 0.891140
0.690674 0.882243
0.690918 0.872412
0.691162 0.861653
0.691406 0.849975
0.691650 0.837388
0.691895 0.823902
0.692139 0.809531
0.692383 0.794287
0.692627 0.778184
0.692871 0.761239
0.693115 0.743466
0.693359 0.724885
0.693604 0.705514
0.693848 0.685372
0.694092 0.664480
0.694336 0.642859
0.694580 0.620533
0.694824 0.597524
0.695068 0.573857
0.695312 0.549557
0.695557 0.524650
0.695801 0.499163
0.696045 0.473123
0.696289 0.446559
0.696533 0.419500
0.696777 0.391975
0.697021 0.364014
0.697266 0.335648
0.697510 0.306908
0.697754 0.277827
0.697998 0.248435
0.698242 0.218767
0.698486 0.188855
0.698730 0.158732
0.698975 0.128431
0.699219 0.097988
0.699463 0.067434
0.699707 0.036806
0.699951 0.006136
0.700195 -0.024541
0.700439 -0.055190
0.700684 -0.085778
0.700928 -0.116269
0.701172 -0.146631
0.701416 -0.176829
0.701660 -0.206830
0.701904 -0.236600
0.702148 -0.266105
0.702393 -0.295315
0.702637 -0.324195
0.702881 -0.352714
0.703125 -0.380841
0.703369 -0.408544
0.703613 -0.435793
0.703857 -0.462559
0.704102 -0.488812
0.704346 -0.514523
0.704590 -0.539666
0.704834 -0.564212
0.705078 -0.588135
0.705322 -0.611410
0.705566 -0.634012
0.705811 -0.655918
0.706055 -0.677104
0.706299 -0.697548
0.706543 -0.717231
0.706787 -0.736130
0.707031 -0.754228
0.707275 -0.771506
0.707520 -0.787948
0.707764 -0.803537
0.708008 -0.818259
0.708252 -0.832101
0.708496 -0.845048
0.708740 -0.857091
0.708984 -0.868219
0.709229 -0.878422
0.709473 -0.887694
0.709717 -0.896026
0.709961 -0.903414
0.710205 -0.909854
0.710449 -0.915341
0.710693 -0.919874
0.710938 -0.923453
0.711182 -0.926077
0.711426 -0.927748
0.711670 -0.928470
0.711914 -0.928245
0.712158 -0.927080
0.712402 -0.924980
0.712646 -0.921952
0.712891 -0.918007
0.713135 -0.913152
0.713379 -0.907399
0.713623 -0.900761
0.713867 -0.893248
0.714111 -0.884877
0.714355 -0.875661
0.714600 -0.865618
0.714844 -0.854762
0.715088 -0.843114
0.715332 -0.830691
0.715576 -0.817513
0.715820 -0.803602
0.716064 -0.788977
0.716309 -0.773662
0.716553 -0.757680
0.716797 -0.741054
0.717041 -0.723809
0.717285 -0.705970
0.717529 -0.687562
0.717773 -0.668613
0.718018 -0.649148
0.718262 -0.629195
0.718506 -0.608782
0.718750 -0.587938
0.718994 -0.566690
0.719238 -0.545069
0.719482 -0.523102
0.719727 -0.500821
0.719971 -0.478254
0.720215 -0.455432
0.720459 -0.432384
0.720703 -0.409142
0.720947 -0.385735
0.721191 -0.362193
0.721436 -0.338547
0.721680 -0.314827
0.721924 -0.291063
0.722168 -0.267286
0.722412 -0.243523
0.722656 -0.219806
0.722900 -0.196163
0.723145 -0.172624
0.723389 -0.149216
0.723633 -0.125968
0.723877 -0.102907
0.724121 -0.080061
0.724365 -0.057456
0.724609 -0.035119
0.724854 -0.013075
0.725098 0.008651
0.725342 0.030034
0.725586 0.051052
0.725830 0.071680
0.726074 0.091898
0.726318 0.111683
0.726562 0.131015
0.726807 0.149874
0.727051 0.168240
0.727295 0.186097
0.727539 0.203427
0.727783 0.220213
0.728027 0.236441
0.728271 0.252095
0.728516 0.267162
0.728760 0.281630
0.729004 0.295487
0.729248 0.308723
0.729492 0.321328
0.729736 0.333295
0.729980 0.344614
0.730225 0.355281
0.730469 0.365289
0.730713 0.374634
0.730957 0.383314
0.731201 0.391325
0.731445 0.398668
0.731689 0.405340
0.731934 0.411344
0.732178 0.416681
0.732422 0.421354
0.732666 0.425368
0.732910 0.428726
0.733154 0.431435
0.733398 0.433501
0.733643 0.434933
0.733887 0.435740
0.734131 0.435930
0.734375 0.435514
0.734619 0.434504
0.734863 0.432912
0.735107 0.430751
0.735352 0.428034
0.735596 0.424778
0.735840 0.420996
0.736084 0.416705
0.736328 0.411922
0.736572 0.406665
0.736816 0.400951
0.737061 0.394799
0.737305 0.388228
0.737549 0.381259
0.737793 0.373911
0.738037 0.366205
0.738281 0.358162
0.738525 0.349804
0.738770 0.341153
0.739014 0.332232
0.739258 0.323061
0.739502 0.313665
0.739746 0.304066
0.739990 0.294287
0.740234 0.284352
0.740479 0.274283
0.740723 0.264105
0.740967 0.253840
0.741211 0.243512
0.741455 0.233144
0.741699 0.222759
0.741943 0.212380
0.742188 0.202031
0.742432 0.191732
0.742676 0.181508
0.742920 0.171380
0.743164 0.161369
0.743408 0.151497
0.743652 0.141785
0.743896 0.132253
0.744141 0.122922
0.744385 0.113811
0.744629 0.104938
0.744873 0.096322
0.745117 0.087982
0.745361 0.079934
0.745605 0.072194
0.745850 0.064779
0.746094 0.057704
0.746338 0.050983
0.746582 0.044630
0.746826 0.038657
0.747070 0.033078
0.747314 0.027902
0.747559 0.023141
0.747803 0.018804
0.748047 0.014900
0.748291 0.011436
0.748535 0.008420
0.748779 0.005858
0.749023 0.003755
0.749268 0.002115
0.749512 0.000941
0.749756 0.000235
0.750000 0.000000
0.750244 0.000235
0.750488 0.000941
0.750732 0.002115
0.750977 0.003755
0.751221 0.005858
0.751465 0.008420
0.751709 0.011436
0.751953 0.014900
0.752197 0.018804
0.752441 0.023141
0.752686 0.027902
0.752930 0.033078
0.753174 0.038657
0.753418 0.044630
0.753662 0.050983
0.753906 0.057704
0.754150 0.064779
0.754395 0.072194
0.754639 0.079934
0.754883 0.087982
0.755127 0.096322
0.755371 0.104938
0.755615 0.113811
0.755859 0.122922
0.756104 0.132253
0.756348 0.141785
0.756592 0.151497
0.756836 0.161369
0.757080 0.171380
0.757324 0.181508
0.757568 0.191732
0.757812 0.202031
0.758057 0.212380
0.758301 0.222759
0.758545 0.233144
0.758789 0.243512
0.759033 0.253840
0.759277 0.264105
0.759521 0.274283
0.759766 0.284352
0.760010 0.294287
0.760254 0.304066
0.760498 0.313665
0.760742 0.323061
0.760986 0.332232
0.761230 0.341153
0.761475 0.349804
0.761719 0.358162
0.761963 0.366205
0.762207 0.373911
0.762451 0.381259
0.762695 0.388228
0.762939 0.394799
0.763184 0.400951
0.763428 0.406665
0.763672 0.411922
0.763916 0.416705
0.764160 0.420996
0.764404 0.424778
0.764648 0.428034
0.764893 0.430751
0.765137 0.432912
0.765381 0.434504
0.765625 0.435514
0.765869 0.435930
0.766113 0.435740
0.766357 0.434933
0.766602 0.433501
0.766846 0.431435
0.767090 0.428726
0.767334 0.425368
0.767578 0.421354
0.767822 0.416681
0.768066 0.411344
0.768311 0.405340
0.768555 0.398668
0.768799 0.391325
0.769043 0.383314
0.769287 0.374634
0.769531 0.365289
0.769775 0.355281
0.770020 0.344614
0.770264 0.333295
0.770508 0.321328
0.770752 0.308723
0.770996 0.295487
0.771240 0.281630
0.771484 0.267162
0.771729 0.252095
0.771973 0.236441
0.772217 0.220213
0.772461 0.203427
0.772705 0.186097
0.772949 0.168240
0.773193 0.149874
0.773438 0.131015
0.773682 0.111683
0.773926 0.091898
0.774170 0.071680
0.774414 0.051052
0.774658 0.030034
0.774902 0.008651
0.775146 -0.013075
0.775391 -0.035119
0.775635 -0.057456
0.775879 -0.080061
0.776123 -0.102907
0.776367 -0.125968
0.776611 -0.149216
0.776855 -0.172624
0.777100 -0.196163
0.777344 -0.219806
0.777588 -0.243523
0.777832 -0.267286
0.778076 -0.291063
0.778320 -0.314827
0.778564 -0.338547
0.778809 -0.362193
0.779053 -0.385735
0.779297 -0.409142
0.779541 -0.432384
0.779785 -0.455432
0.780029 -0.478254
0.780273 -0.500821
0.780518 -0.523102
0.780762 -0.545069
0.781006 -0.566690
0.781250 -0.587938
0.781494 -0.608782
0.781738 -0.629195
0.781982 -0.649148
0.782227 -0.668613
0.782471 -0.687562
0.782715 -0.705970
0.782959 -0.723809
0.783203 -0.741054
0.783447 -0.757680
0.783691 -0.773662
0.783936 -0.788977
0.784180 -0.803602
0.784424 -0.817513
0.784668 -0.830691
0.784912 -0.843114
0.785156 -0.854762
0.785400 -0.865618
0.785645 -0.875661
0.785889 -0.884877
0.786133 -0.893248
0.786377 -0.900761
0.786621 -0.907399
0.786865 -0.913152
0.787109 -0.918007
0.787354 -0.921952
0.787598 -0.924980
0.787842 -0.927080
0.788086 -0.928245
0.788330 -0.928470
0.788574 -0.927748
0.788818 -0.926077
0.789062 -0.923453
0.789307 -0.919874
0.789551 -0.915341
0.789795 -0.909854
0.790039 -0.903414
0.790283 -0.896026
0.790527 -0.887694
0.790771 -0.878422
0.791016 -0.868219
0.791260 -0.857091
0.791504 -0.845048
0.791748 -0.832101
0.791992 -0.818259
0.792236 -0.803537
0.792480 -0.787948
0.792725 -0.771506
0.792969 -0.754228
0.793213 -0.736130
0.793457 -0.717231
0.793701 -0.697548
0.793945 -0.677104
0.794189 -0.655918
0.794434 -0.634012
0.794678 -0.611410
0.794922 -0.588135
0.795166 -0.564212
0.795410 -0.539666
0.795654 -0.514523
0.795898 -0.488812
0.796143 -0.462559
0.796387 -0.435793
0.796631 -0.408544
0.796875 -0.380841
0.797119 -0.352714
0.797363 -0.324195
0.797607 -0.295315
0.797852 -0.266105
0.798096 -0.236600
0.798340 -0.206830
0.798584 -0.176829
0.798828 -0.146631
0.799072 -0.116269
0.799316 -0.085778
0.799561 -0.055190
0.799805 -0.024541
0.800049 0.006136
0.800293 0.036806
0.800537 0.067434
0.800781 0.097988
0.801025 0.128431
0.801270 0.158732
0.801514 0.188855
0.801758 0.218767
0.802002 0.248435
0.802246 0.277827
0.802490 0.306908
0.802734 0.335648
0.802979 0.364014
0.803223 0.391975
0.803467 0.419500
0.803711 0.446559
0.803955 0.473123
0.804199 0.499163
0.804443 0.524650
0.804688 0.549557
0.804932 0.573857
0.805176 0.597524
0.805420 0.620533
0.805664 0.642859
0.805908 0.664480
0.806152 0.685372
0.806396 0.705514
0.806641 0.724885
0.806885 0.743466
0.807129 0.761239
0.807373 0.778184
0.807617 0.794287
0.807861 0.809531
0.808105 0.823902
0.808350 0.837388
0.808594 0.849975
0.808838 0.861653
0.809082 0.872412
0.809326 0.882243
0.809570 0.891140
0.809814 0.899095
0.810059 0.906104
0.810303 0.912163
0.810547 0.917269
0.810791 0.921420
0.811035 0.924617
0.811279 0.926859
0.811523 0.928150
0.811768 0.928493
0.812012 0.927891
0.812256 0.926351
0.812500 0.923880
0.812744 0.920484
0.812988 0.916173
0.813232 0.910958
0.813477 0.904850
0.813721 0.897860
0.813965 0.890002
0.814209 0.881291
0.814453 0.871742
0.814697 0.861372
0.814941 0.850197
0.815186 0.838237
0.815430 0.825509
0.815674 0.812036
0.815918 0.797836
0.816162 0.782933
0.816406 0.767348
0.816650 0.751106
0.816895 0.734229
0.817139 0.716743
0.817383 0.698674
0.817627 0.680046
0.817871 0.660887
0.818115 0.641224
0.818359 0.621084
0.818604 0.600495
0.818848 0.579486
0.819092 0.558085
0.819336 0.536322
0.819580 0.514226
0.819824 0.491827
0.820068 0.469154
0.820312 0.446238
0.820557 0.423109
0.820801 0.399797
0.821045 0.376333
0.821289 0.352746
0.821533 0.329066
0.821777 0.305325
0.822021 0.281552
0.822266 0.257777
0.822510 0.234029
0.822754 0.210338
0.822998 0.186733
0.823242 0.163243
0.823486 0.139896
0.823730 0.116719
0.823975 0.093741
0.824219 0.070989
0.824463 0.048488
0.824707 0.026265
0.824951 0.004345
0.825195 -0.017246
0.825439 -0.038486
0.825684 -0.059351
0.825928 -0.079818
0.826172 -0.099865
0.826416 -0.119471
0.826660 -0.138616
0.826904 -0.157280
0.827148 -0.175445
0.827393 -0.193093
0.827637 -0.210208
0.827881 -0.226772
0.828125 -0.242772
0.828369 -0.258193
0.828613 -0.273022
0.828857 -0.287247
0.829102 -0.300857
0.829346 -0.313841
0.829590 -0.326192
0.829834 -0.337900
0.830078 -0.348959
0.830322 -0.359363
0.830566 -0.369107
0.830811 -0.378186
0.831055 -0.386599
0.831299 -0.394343
0.831543 -0.401417
0.831787 -0.407822
0.832031 -0.413559
0.832275 -0.418630
0.832520 -0.423039
0.832764 -0.426789
0.833008 -0.429887
0.833252 -0.432338
0.833496 -0.434150
0.833740 -0.435330
0.833984 -0.435889
0.834229 -0.435835
0.834473 -0.435180
0.834717 -0.433936
0.834961 -0.432115
0.835205 -0.429730
0.835449 -0.426796
0.835693 -0.423327
0.835938 -0.419340
0.836182 -0.414850
0.836426 -0.409875
0.836670 -0.404433
0.836914 -0.398541
0.837158 -0.392220
0.837402 -0.385487
0.837646 -0.378364
0.837891 -0.370870
0.838135 -0.363027
0.838379 -0.354856
0.838623 -0.346378
0.838867 -0.337616
0.839111 -0.328592
0.839355 -0.319328
0.839600 -0.309848
0.839844 -0.300175
0.840088 -0.290331
0.840332 -0.280339
0.840576 -0.270224
0.840820 -0.260008
0.841064 -0.249715
0.841309 -0.239368
0.841553 -0.228991
0.841797 -0.218606
0.842041 -0.208236
0.842285 -0.197904
0.842529 -0.187633
0.842773 -0.177444
0.843018 -0.167360
0.843262 -0.157402
0.843506 -0.147592
0.843750 -0.137950
0.843994 -0.128496
0.844238 -0.119250
0.844482 -0.110232
0.844727 -0.101460
0.844971 -0.092952
0.845215 -0.084727
0.845459 -0.076800
0.845703 -0.069188
0.845947 -0.061908
0.846191 -0.054972
0.846436 -0.048397
0.846680 -0.042194
0.846924 -0.036378
0.847168 -0.030958
0.847412 -0.025947
0.847656 -0.021355
0.847900 -0.017190
0.848145 -0.013461
0.848389 -0.010176
0.848633 -0.007341
0.848877 -0.004962
0.849121 -0.003043
0.849365 -0.001589
0.849609 -0.000602
0.849854 -0.000085
0.850098 -0.000038
0.850342 -0.000461
0.850586 -0.001354
0.850830 -0.002715
0.851074 -0.004541
0.851318 -0.006828
0.851562 -0.009573
0.851807 -0.012768
0.852051 -0.016409
0.852295 -0.020487
0.852539 -0.024995
0.852783 -0.029923
0.853027 -0.035262
0.853271 -0.041000
0.853516 -0.047126
0.853760 -0.053628
0.854004 -0.060492
0.854248 -0.067705
0.854492 -0.075252
0.854736 -0.083117
0.854980 -0.091284
0.855225 -0.099737
0.855469 -0.108457
0.855713 -0.117428
0.855957 -0.126629
0.856201 -0.136043
0.856445 -0.145649
0.856689 -0.155428
0.856934 -0.165358
0.857178 -0.175418
0.857422 -0.185588
0.857666 -0.195844
0.857910 -0.206166
0.858154 -0.216530
0.858398 -0.226914
0.858643 -0.237294
0.858887 -0.247649
0.859131 -0.257955
0.859375 -0.268188
0.859619 -0.278325
0.859863 -0.288343
0.860107 -0.298219
0.860352 -0.307928
0.860596 -0.317449
0.860840 -0.326758
0.861084 -0.335831
0.861328 -0.344648
0.861572 -0.353184
0.861816 -0.361418
0.862061 -0.369329
0.862305 -0.376894
0.862549 -0.384093
0.862793 -0.390905
0.863037 -0.397311
0.863281 -0.403290
0.863525 -0.408824
0.863770 -0.413893
0.864014 -0.418481
0.864258 -0.422571
0.864502 -0.426144
0.864746 -0.429186
0.864990 -0.431682
0.865234 -0.433617
0.865479 -0.434978
0.865723 -0.435752
0.865967 -0.435927
0.866211 -0.435492
0.866455 -0.434436
0.866699 -0.432751
0.866943 -0.430429
0.867188 -0.427461
0.867432 -0.423841
0.867676 -0.419565
0.867920 -0.414626
0.868164 -0.409023
0.868408 -0.402751
0.868652 -0.395811
0.868896 -0.388201
0.869141 -0.379922
0.869385 -0.370976
0.869629 -0.361365
0.869873 -0.351093
0.870117 -0.340164
0.870361 -0.328585
0.870605 -0.316363
0.870850 -0.303504
0.871094 -0.290018
0.871338 -0.275915
0.871582 -0.261206
0.871826 -0.245903
0.872070 -0.230018
0.872314 -0.213565
0.872559 -0.196560
0.872803 -0.179017
0.873047 -0.160954
0.873291 -0.142388
0.873535 -0.123338
0.873779 -0.103822
0.874023 -0.083862
0.874268 -0.063477
0.874512 -0.042690
0.874756 -0.021523
0.875000 -0.000000
0.875244 0.021856
0.875488 0.044020
0.875732 0.066467
0.875977 0.089172
0.876221 0.112107
0.876465 0.135246
0.876709 0.158561
0.876953 0.182025
0.877197 0.205610
0.877441 0.229286
0.877686 0.253024
0.877930 0.276796
0.878174 0.300572
0.878418 0.324322
0.878662 0.348016
0.878906 0.371624
0.879150 0.395115
0.879395 0.418460
0.879639 0.441628
0.879883 0.464589
0.880127 0.487313
0.880371 0.509769
0.880615 0.531928
0.880859 0.553760
0.881104 0.575236
0.881348 0.596326
0.881592 0.617001
0.881836 0.637233
0.882080 0.656994
0.882324 0.676256
0.882568 0.694992
0.882812 0.713175
0.883057 0.730780
0.883301 0.747780
0.883545 0.764152
0.883789 0.779870
0.884033 0.794911
0.884277 0.809253
0.884521 0.822874
0.884766 0.835752
0.885010 0.847867
0.885254 0.859201
0.885498 0.869733
0.885742 0.879448
0.885986 0.888328
0.886230 0.896357
0.886475 0.903522
0.886719 0.909808
0.886963 0.915202
0.887207 0.919695
0.887451 0.923274
0.887695 0.925931
0.887939 0.927658
0.888184 0.928448
0.888428 0.928295
0.888672 0.927194
0.888916 0.925141
0.889160 0.922136
0.889404 0.918175
0.889648 0.913260
0.889893 0.907392
0.890137 0.900573
0.890381 0.892806
0.890625 0.884098
0.890869 0.874452
0.891113 0.863878
0.891357 0.852383
0.891602 0.839977
0.891846 0.826671
0.892090 0.812475
0.892334 0.797405
0.892578 0.781473
0.892822 0.764694
0.893066 0.747086
0.893311 0.728665
0.893555 0.709451
0.893799 0.689461
0.894043 0.668717
0.894287 0.647241
0.894531 0.625054
0.894775 0.602179
0.895020 0.578642
0.895264 0.554466
0.895508 0.529679
0.895752 0.504306
0.895996 0.478374
0.896240 0.451913
0.896484 0.424950
0.896729 0.397515
0.896973 0.369639
0.897217 0.341352
0.897461 0.312684
0.897705 0.283669
0.897949 0.254337
0.898193 0.224721
0.898438 0.194855
0.898682 0.164772
0.898926 0.134504
0.899170 0.104086
0.899414 0.073552
0.899658 0.042936
0.899902 0.012271
0.900146 -0.018407
0.900391 -0.049064
0.900635 -0.079667
0.900879 -0.110180
0.901123 -0.140571
0.901367 -0.170804
0.901611 -0.200847
0.901855 -0.230666
0.902100 -0.260227
0.902344 -0.289498
0.902588 -0.318447
0.902832 -0.347041
0.903076 -0.375248
0.903320 -0.403039
0.903564 -0.430381
0.903809 -0.457246
0.904053 -0.483604
0.904297 -0.509426
0.904541 -0.534684
0.904785 -0.559351
0.905029 -0.583401
0.905273 -0.606808
0.905518 -0.629547
0.905762 -0.651594
0.906006 -0.672925
0.906250 -0.693520
0.906494 -0.713356
0.906738 -0.732414
0.906982 -0.750673
0.907227 -0.768117
0.907471 -0.784727
0.907715 -0.800488
0.907959 -0.815385
0.908203 -0.829403
0.908447 -0.842531
0.908691 -0.854755
0.908936 -0.866067
0.909180 -0.876456
0.909424 -0.885914
0.909668 -0.894435
0.909912 -0.902013
0.910156 -0.908642
0.910400 -0.914320
0.910645 -0.919044
0.910889 -0.922813
0.911133 -0.925628
0.911377 -0.927490
0.911621 -0.928401
0.911865 -0.928365
0.912109 -0.927388
0.912354 -0.925474
0.912598 -0.922632
0.912842 -0.918869
0.913086 -0.914195
0.913330 -0.908621
0.913574 -0.902159
0.913818 -0.894820
0.914062 -0.886619
0.914307 -0.877571
0.914551 -0.867692
0.914795 -0.856997
0.915039 -0.845506
0.915283 -0.833237
0.915527 -0.820208
0.915771 -0.806442
0.916016 -0.791958
0.916260 -0.776779
0.916504 -0.760929
0.916748 -0.744430
0.916992 -0.727307
0.917236 -0.709584
0.917480 -0.691288
0.917725 -0.672445
0.917969 -0.653081
0.918213 -0.633223
0.918457 -0.612900
0.918701 -0.592140
0.918945 -0.570971
0.919189 -0.549422
0.919434 -0.527522
0.919678 -0.505301
0.919922 -0.482789
0.920166 -0.460015
0.920410 -0.437010
0.920654 -0.413805
0.920898 -0.390428
0.921143 -0.366911
0.921387 -0.343283
0.921631 -0.319576
0.921875 -0.295818
0.922119 -0.272041
0.922363 -0.248273
0.922607 -0.224545
0.922852 -0.200885
0.923096 -0.177322
0.923340 -0.153885
0.923584 -0.130603
0.923828 -0.107503
0.924072 -0.084612
0.924316 -0.061957
0.924561 -0.039564
0.924805 -0.017459
0.925049 0.004332
0.925293 0.025786
0.925537 0.046879
0.925781 0.067587
0.926025 0.087888
0.926270 0.107761
0.926514 0.127186
0.926758 0.146141
0.927002 0.164607
0.927246 0.182568
0.927490 0.200004
0.927734 0.216900
0.927979 0.233241
0.928223 0.249010
0.928467 0.264196
0.928711 0.278785
0.928955 0.292765
0.929199 0.306126
0.929443 0.318858
0.929688 0.330953
0.929932 0.342402
0.930176 0.353200
0.930420 0.363340
0.930664 0.372818
0.930908 0.381632
0.931152 0.389777
0.931396 0.397253
0.931641 0.404059
0.931885 0.410197
0.932129 0.415667
0.932373 0.420473
0.932617 0.424618
0.932861 0.428106
0.933105 0.430945
0.933350 0.433139
0.933594 0.434697
0.933838 0.435628
0.934082 0.435940
0.934326 0.435645
0.934570 0.434753
0.934814 0.433276
0.935059 0.431228
0.935303 0.428621
0.935547 0.425471
0.935791 0.421793
0.936035 0.417603
0.936279 0.412917
0.936523 0.407753
0.936768 0.402129
0.937012 0.396063
0.937256 0.389575
0.937500 0.382683
0.937744 0.375409
0.937988 0.367773
0.938232 0.359796
0.938477 0.351500
0.938721 0.342906
0.938965 0.334037
0.939209 0.324914
0.939453 0.315561
0.939697 0.306001
0.939941 0.296256
0.940186 0.286350
0.940430 0.276307
0.940674 0.266148
0.940918 0.255899
0.941162 0.245582
0.941406 0.235220
0.941650 0.224836
0.941895 0.214455
0.942139 0.204097
0.942383 0.193787
0.942627 0.183546
0.942871 0.173397
0.943115 0.163361
0.943359 0.153459
0.943604 0.143714
0.943848 0.134144
0.944092 0.124771
0.944336 0.115614
0.944580 0.106692
0.944824 0.098024
0.945068 0.089627
0.945312 0.081519
0.945557 0.073717
0.945801 0.066235
0.946045 0.059091
0.946289 0.052298
0.946533 0.045870
0.946777 0.039821
0.947021 0.034162
0.947266 0.028904
0.947510 0.024059
0.947754 0.019637
0.947998 0.015646
0.948242 0.012093
0.948486 0.008987
0.948730 0.006334
0.948975 0.004139
0.949219 0.002405
0.949463 0.001138
0.949707 0.000339
0.949951 0.000009
0.950195 0.000151
0.950439 0.000762
0.950684 0.001842
0.950928 0.003390
0.951172 0.005401
0.951416 0.007872
0.951660 0.010797
0.951904 0.014172
0.952148 0.017988
0.952393 0.022239
0.952637 0.026916
0.952881 0.032010
0.953125 0.037510
0.953369 0.043404
0.953613 0.049682
0.953857 0.056331
0.954102 0.063336
0.954346 0.070685
0.954590 0.078360
0.954834 0.086348
0.955078 0.094632
0.955322 0.103194
0.955566 0.112016
0.955811 0.121082
0.956055 0.130371
0.956299 0.139864
0.956543 0.149541
0.956787 0.159383
0.957031 0.169368
0.957275 0.179474
0.957520 0.189681
0.957764 0.199966
0.958008 0.210307
0.958252 0.220682
0.958496 0.231068
0.958740 0.241441
0.958984 0.251779
0.959229 0.262058
0.959473 0.272256
0.959717 0.282348
0.959961 0.292312
0.960205 0.302124
0.960449 0.311761
0.960693 0.321199
0.960938 0.330417
0.961182 0.339390
0.961426 0.348097
0.961670 0.356515
0.961914 0.364622
0.962158 0.372397
0.962402 0.379819
0.962646 0.386865
0.962891 0.393517
0.963135 0.399755
0.963379 0.405558
0.963623 0.410908
0.963867 0.415787
0.964111 0.420178
0.964355 0.424063
0.964600 0.427426
0.964844 0.430251
0.965088 0.432524
0.965332 0.434231
0.965576 0.435359
0.965820 0.435895
0.966064 0.435827
0.966309 0.435144
0.966553 0.433838
0.966797 0.431899
0.967041 0.429319
0.967285 0.426092
0.967529 0.422210
0.967773 0.417669
0.968018 0.412465
0.968262 0.406594
0.968506 0.400056
0.968750 0.392847
0.968994 0.384970
0.969238 0.376424
0.969482 0.367211
0.969727 0.357335
0.969971 0.346800
0.970215 0.335610
0.970459 0.323773
0.970703 0.311295
0.970947 0.298184
0.971191 0.284450
0.971436 0.270104
0.971680 0.255155
0.971924 0.239618
0.972168 0.223504
0.972412 0.206828
0.972656 0.189606
0.972900 0.171853
0.973145 0.153587
0.973389 0.134825
0.973633 0.115586
0.973877 0.095890
0.974121 0.075757
0.974365 0.055209
0.974609 0.034268
0.974854 0.012955
0.975098 -0.008704
0.975342 -0.030686
0.975586 -0.052967
0.975830 -0.075520
0.976074 -0.098320
0.976318 -0.121340
0.976562 -0.144552
0.976807 -0.167931
0.977051 -0.191446
0.977295 -0.215071
0.977539 -0.238775
0.977783 -0.262531
0.978027 -0.286308
0.978271 -0.310077
0.978516 -0.333808
0.978760 -0.357471
0.979004 -0.381036
0.979248 -0.404473
0.979492 -0.427751
0.979736 -0.450839
0.979980 -0.473709
0.980225 -0.496329
0.980469 -0.518670
0.980713 -0.540702
0.980957 -0.562395
0.981201 -0.583720
0.981445 -0.604647
0.981689 -0.625148
0.981934 -0.645195
0.982178 -0.664760
0.982422 -0.683815
0.982666 -0.702333
0.982910 -0.720288
0.983154 -0.737654
0.983398 -0.754406
0.983643 -0.770519
0.983887 -0.785969
0.984131 -0.800733
0.984375 -0.814789
0.984619 -0.828115
0.984863 -0.840691
0.985107 -0.852496
0.985352 -0.863511
0.985596 -0.873718
0.985840 -0.883101
0.986084 -0.891642
0.986328 -0.899328
0.986572 -0.906142
0.986816 -0.912073
0.987061 -0.917108
0.987305 -0.921236
0.987549 -0.924448
0.987793 -0.926734
0.988037 -0.928087
0.988281 -0.928500
0.988525 -0.927968
0.988770 -0.926487
0.989014 -0.924054
0.989258 -0.920666
0.989502 -0.916324
0.989746 -0.911027
0.989990 -0.904778
0.990234 -0.897580
0.990479 -0.889436
0.990723 -0.880352
0.990967 -0.870334
0.991211 -0.859390
0.991455 -0.847530
0.991699 -0.834762
0.991943 -0.821098
0.992188 -0.806552
0.992432 -0.791135
0.992676 -0.774862
0.992920 -0.757750
0.993164 -0.739814
0.993408 -0.721074
0.993652 -0.701547
0.993896 -0.681253
0.994141 -0.660213
0.994385 -0.638450
0.994629 -0.615985
0.994873 -0.592842
0.995117 -0.569047
0.995361 -0.544623
0.995605 -0.519598
0.995850 -0.493998
0.996094 -0.467852
0.996338 -0.441186
0.996582 -0.414031
0.996826 -0.386416
0.997070 -0.358372
0.997314 -0.329929
0.997559 -0.301118
0.997803 -0.271972
0.998047 -0.242523
0.998291 -0.212803
0.998535 -0.182846
0.998779 -0.152685
0.999023 -0.122353
0.999268 -0.091885
0.999512 -0.061314
0.999756 -0.030674
